I (A)          B (T)      -1.8000000E-4	 -2.2150001E-3
 -1.8000000E-4	 -2.2040000E-3
 -1.9000001E-4	 -2.2080000E-3
 -1.9999999E-4	 -2.2090001E-3
 -1.9999999E-4	 -2.2140001E-3
 -1.9000001E-4	 -2.2090001E-3
 -1.9999999E-4	 -2.2080000E-3
 -1.9000001E-4	 -2.2000000E-3
 -1.8000000E-4	 -2.2050000E-3
 -1.9000001E-4	 -2.2120001E-3
 -1.9999999E-4	 -2.2090001E-3
 -2.1000000E-4	 -2.2179999E-3
 -1.9999999E-4	 -2.2199999E-3
 -1.9999999E-4	 -2.2160001E-3
 -1.9000001E-4	 -2.2160001E-3
 5.9999998E-5	 -2.1029999E-3
 1.7000000E-4	 -2.0399999E-3
 1.4000000E-4	 -2.1090000E-3
 2.3999999E-4	 -1.9570000E-3
 2.2000000E-4	 -1.8780000E-3
 2.6999999E-4	 -1.9320000E-3
 1.9999999E-4	 -1.9349999E-3
 2.3000001E-4	 -2.0150000E-3
 2.1000000E-4	 -2.0170000E-3
 2.1000000E-4	 -2.0109999E-3
 1.9999999E-4	 -1.9980001E-3
 2.2000000E-4	 -1.9870000E-3
 2.1000000E-4	 -1.9950001E-3
 2.2000000E-4	 -1.9920000E-3
 2.3000001E-4	 -1.9830000E-3
 2.3000001E-4	 -1.9840000E-3
 2.1000000E-4	 -1.9920000E-3
 1.9999999E-4	 -1.9980001E-3
 1.9000001E-4	 -2.0029999E-3
 1.9000001E-4	 -2.0000001E-3
 2.3000001E-4	 -1.9980001E-3
 2.1000000E-4	 -1.9900000E-3
 2.2000000E-4	 -1.9900000E-3
 2.1000000E-4	 -1.9930000E-3
 2.1000000E-4	 -1.9900000E-3
 1.9999999E-4	 -2.0010001E-3
 2.1000000E-4	 -1.9930000E-3
 2.1000000E-4	 -2.0000001E-3
 2.1000000E-4	 -1.9980001E-3
 2.1000000E-4	 -1.9960001E-3
 2.1000000E-4	 -1.9980001E-3
 2.1000000E-4	 -1.9890000E-3
 2.1000000E-4	 -1.9910000E-3
 2.3800000E-3	 -1.4299999E-3
 1.0340000E-2	 5.9839999E-3
 1.7929999E-2	 1.2874000E-2
 2.6839999E-2	 2.0939000E-2
 3.3059999E-2	 2.6554000E-2
 4.2730000E-2	 4.0470000E-2
 5.2420001E-2	 4.5910001E-2
 5.5909999E-2	 5.0159998E-2
 5.9319999E-2	 5.3369999E-2
 6.2550001E-2	 5.7140000E-2
 6.7919999E-2	 6.2670000E-2
 7.4869998E-2	 6.9720000E-2
 8.1610002E-2	 7.6520003E-2
 9.1920003E-2	 8.8820003E-2
 1.0055000E-1	 9.8520003E-2
 1.0820000E-1	 1.0750000E-1
 1.1365000E-1	 1.1364000E-1
 1.2062000E-1	 1.2192000E-1
 1.2773000E-1	 1.3042000E-1
 1.3547000E-1	 1.3907000E-1
 1.4196000E-1	 1.4613000E-1
 1.5083000E-1	 1.5737000E-1
 1.5774000E-1	 1.6518000E-1
 1.6366000E-1	 1.7236000E-1
 1.6831000E-1	 1.7743000E-1
 1.7605001E-1	 1.8589000E-1
 1.8287000E-1	 1.9628000E-1
 1.9056000E-1	 2.0581999E-1
 1.9584000E-1	 2.1144000E-1
 1.9955000E-1	 2.1629000E-1
 2.0191000E-1	 2.1972001E-1
 2.0514999E-1	 2.2348000E-1
 2.0777000E-1	 2.2630000E-1
 2.1112999E-1	 2.2955000E-1
 2.1454000E-1	 2.3432000E-1
 2.2003999E-1	 2.3982000E-1
 2.2273999E-1	 2.4387001E-1
 2.2618000E-1	 2.4786000E-1
 2.3195000E-1	 2.5431001E-1
 2.3960000E-1	 2.6280001E-1
 2.4769001E-1	 2.7162001E-1
 2.6091000E-1	 2.8516001E-1
 2.6671001E-1	 2.9398999E-1
 2.7450001E-1	 3.0162999E-1
 2.7921000E-1	 3.1169999E-1
 2.8718001E-1	 3.1569999E-1
 2.9176000E-1	 3.2139999E-1
 2.9793000E-1	 3.2810000E-1
 3.0930001E-1	 3.3379999E-1
 3.1600001E-1	 3.4650001E-1
 3.2380000E-1	 3.5569999E-1
 3.3489999E-1	 3.6620000E-1
 3.4009999E-1	 3.7380001E-1
 3.4660000E-1	 3.8020000E-1
 3.5030001E-1	 3.8530001E-1
 3.5510001E-1	 3.8999999E-1
 3.5980001E-1	 3.9460000E-1
 3.6880001E-1	 4.0380001E-1
 3.7340000E-1	 4.1000000E-1
 3.7970001E-1	 4.1610000E-1
 3.8409999E-1	 4.2120001E-1
 3.9370000E-1	 4.2899999E-1
 4.0290001E-1	 4.4180000E-1
 4.1330001E-1	 4.5240000E-1
 4.2129999E-1	 4.6100000E-1
 4.3860000E-1	 4.7679999E-1
 4.5220000E-1	 4.9610001E-1
 4.6669999E-1	 5.1130003E-1
 4.7310001E-1	 5.2050000E-1
 4.8310000E-1	 5.2939999E-1
 4.9070001E-1	 5.4000002E-1
 5.1370001E-1	 5.5980003E-1
 5.2600002E-1	 5.7770002E-1
 5.4759997E-1	 5.9340000E-1
 5.7029998E-1	 6.2370002E-1
 6.0159999E-1	 6.5249997E-1
 6.1629999E-1	 6.7049998E-1
 6.3520002E-1	 6.8730003E-1
 6.4639997E-1	 7.0120001E-1
 6.6000003E-1	 7.1300000E-1
 6.6759998E-1	 7.2100002E-1
 6.8190002E-1	 7.3030001E-1
 6.9510001E-1	 7.4550003E-1
 7.2039998E-1	 7.6340002E-1
 7.3060000E-1	 7.7469999E-1
 7.4089998E-1	 7.8170002E-1
 7.4580002E-1	 7.8630000E-1
 7.6880002E-1	 7.9939997E-1
 7.8410000E-1	 8.1110001E-1
 8.0320001E-1	 8.2300001E-1
 8.0940002E-1	 8.2700002E-1
 8.2029998E-1	 8.3139998E-1
 8.2950002E-1	 8.3579999E-1
 8.4590000E-1	 8.4170002E-1
 8.6049998E-1	 8.4990001E-1
 8.8830000E-1	 8.5930002E-1
 9.0780002E-1	 8.6589998E-1
 9.3650001E-1	 8.7089998E-1
 9.5870000E-1	 8.7879997E-1
 9.9519998E-1	 8.8520002E-1
 1.0116000E+0	 8.8730001E-1
 1.0323000E+0	 8.8749999E-1
 1.0468000E+0	 8.9120001E-1
 1.0842000E+0	 8.9770001E-1
 1.1100000E+0	 9.0020001E-1
 1.1233000E+0	 9.0079999E-1
 1.1264000E+0	 8.9999998E-1
 1.1464000E+0	 9.0189999E-1
 1.1526999E+0	 9.0179998E-1
 1.1575000E+0	 9.0100002E-1
 1.1600000E+0	 9.0079999E-1
 1.1759000E+0	 9.0289998E-1
 1.1988000E+0	 9.0520000E-1
 1.2165000E+0	 9.0640002E-1
 1.2287000E+0	 9.1030002E-1
 1.2497000E+0	 9.1289997E-1
 1.2674000E+0	 9.1469997E-1
 1.2814000E+0	 9.1540003E-1
 1.2889000E+0	 9.1720003E-1
 1.2938000E+0	 9.1710001E-1
 1.3169000E+0	 9.1949999E-1
 1.3314000E+0	 9.2089999E-1
 1.3365000E+0	 9.2220002E-1
 1.3497000E+0	 9.2350000E-1
 1.3726000E+0	 9.2589998E-1
 1.3924000E+0	 9.2710000E-1
 1.4015000E+0	 9.3000001E-1
 1.4140000E+0	 9.3120003E-1
 1.4413000E+0	 9.3409997E-1
 1.4670000E+0	 9.3519998E-1
 1.4802999E+0	 9.3970001E-1
 1.5055000E+0	 9.4260001E-1
 1.5233001E+0	 9.4470000E-1
 1.5281000E+0	 9.4459999E-1
 1.5396000E+0	 9.4580001E-1
 1.5782000E+0	 9.5060003E-1
 1.5923001E+0	 9.5169997E-1
 1.5944000E+0	 9.5160002E-1
 1.6025000E+0	 9.5230001E-1
 1.6336000E+0	 9.5599997E-1
 1.6538000E+0	 9.5789999E-1
 1.6594000E+0	 9.5810002E-1
 1.6608000E+0	 9.5819998E-1
 1.6787000E+0	 9.6010000E-1
 1.6882000E+0	 9.6069998E-1
 1.6905000E+0	 9.6069998E-1
 1.7036999E+0	 9.6219999E-1
 1.7233000E+0	 9.6429998E-1
 1.7436000E+0	 9.6619999E-1
 1.7466000E+0	 9.6640003E-1
 1.7533000E+0	 9.6700001E-1
 1.7739000E+0	 9.6920002E-1
 1.7832000E+0	 9.7000003E-1
 1.7847000E+0	 9.6990001E-1
 1.7867000E+0	 9.6990001E-1
 1.7960000E+0	 9.7070003E-1
 1.8094000E+0	 9.7189999E-1
 1.8126000E+0	 9.7200000E-1
 1.8305000E+0	 9.7409999E-1
 1.8640000E+0	 9.7790003E-1
 1.8829000E+0	 9.7970003E-1
 1.8870000E+0	 9.7979999E-1
 1.9002000E+0	 9.8140001E-1
 1.9196000E+0	 9.8339999E-1
 1.9359000E+0	 9.8479998E-1
 1.9383000E+0	 9.8490000E-1
 1.9482000E+0	 9.8589998E-1
 1.9718000E+0	 9.8839998E-1
 1.9948000E+0	 9.9049997E-1
 1.9982001E+0	 9.9070001E-1
 2.0074999E+0	 9.9169999E-1
 2.0174999E+0	 9.9250001E-1
 2.0283999E+0	 9.9339998E-1
 2.0360999E+0	 9.9339998E-1
 2.0650001E+0	 9.9710000E-1
 2.0869999E+0	 9.9930000E-1
 2.1036000E+0	 1.0006000E+0
 2.1052001E+0	 1.0007000E+0
 2.1099000E+0	 1.0010000E+0
 2.1143999E+0	 1.0013000E+0
 2.1231000E+0	 1.0019000E+0
 2.1266999E+0	 1.0019000E+0
 2.1435001E+0	 1.0038000E+0
 2.1593001E+0	 1.0053000E+0
 2.1703999E+0	 1.0062000E+0
 2.1735001E+0	 1.0062000E+0
 2.1819000E+0	 1.0071000E+0
 2.2097001E+0	 1.0098000E+0
 2.2196000E+0	 1.0106000E+0
 2.2251000E+0	 1.0105000E+0
 2.2395000E+0	 1.0124000E+0
 2.2688000E+0	 1.0151000E+0
 2.2741001E+0	 1.0154999E+0
 2.2793000E+0	 1.0154001E+0
 2.2806001E+0	 1.0158000E+0
 2.2985001E+0	 1.0175000E+0
 2.3099000E+0	 1.0184000E+0
 2.3148999E+0	 1.0183001E+0
 2.3160000E+0	 1.0187000E+0
 2.3278999E+0	 1.0197001E+0
 2.3304999E+0	 1.0199000E+0
 2.3309000E+0	 1.0197001E+0
 2.3310001E+0	 1.0196000E+0
 2.3320999E+0	 1.0196000E+0
 2.3352001E+0	 1.0197001E+0
 2.3703001E+0	 1.0199000E+0
 2.3780999E+0	 1.0238000E+0
 2.4254000E+0	 1.0282000E+0
 2.4268000E+0	 1.0282000E+0
 2.4419999E+0	 1.0281000E+0
 2.4456000E+0	 1.0297000E+0
 2.4744000E+0	 1.0323000E+0
 2.4856000E+0	 1.0332000E+0
 2.4963000E+0	 1.0332000E+0
 2.4983001E+0	 1.0342000E+0
 2.5228000E+0	 1.0362999E+0
 2.5276000E+0	 1.0367000E+0
 2.5290000E+0	 1.0365000E+0
 2.5292001E+0	 1.0365000E+0
 2.5427999E+0	 1.0377001E+0
 2.5662999E+0	 1.0397000E+0
 2.5806000E+0	 1.0398999E+0
 2.5833001E+0	 1.0411000E+0
 2.5906000E+0	 1.0416000E+0
 2.6273000E+0	 1.0447000E+0
 2.6350999E+0	 1.0448999E+0
 2.6363001E+0	 1.0454000E+0
 2.6510000E+0	 1.0466000E+0
 2.6730001E+0	 1.0484000E+0
 2.6907001E+0	 1.0484999E+0
 2.6940000E+0	 1.0501000E+0
 2.7107000E+0	 1.0515000E+0
 2.7219999E+0	 1.0523000E+0
 2.7282000E+0	 1.0523000E+0
 2.7293999E+0	 1.0527000E+0
 2.7384000E+0	 1.0534000E+0
 2.7565999E+0	 1.0548000E+0
 2.7802000E+0	 1.0551000E+0
 2.7839999E+0	 1.0571001E+0
 2.8048999E+0	 1.0588000E+0
 2.8129001E+0	 1.0592999E+0
 2.8434999E+0	 1.0599000E+0
 2.8483000E+0	 1.0622000E+0
 2.8643000E+0	 1.0634000E+0
 2.8748000E+0	 1.0642000E+0
 2.9130001E+0	 1.0648000E+0
 2.9186001E+0	 1.0676000E+0
 2.9205000E+0	 1.0677000E+0
 2.9216001E+0	 1.0677000E+0
 2.9251001E+0	 1.0677000E+0
 2.9259000E+0	 1.0678000E+0
 2.9275999E+0	 1.0678000E+0
 2.9295001E+0	 1.0678999E+0
 2.9287000E+0	 1.0678000E+0
 2.9284000E+0	 1.0676000E+0
 2.9281001E+0	 1.0675000E+0
 2.9288001E+0	 1.0675000E+0
 2.9268000E+0	 1.0673000E+0
 2.9223001E+0	 1.0675000E+0
 2.9105000E+0	 1.0658000E+0
 2.8685999E+0	 1.0625000E+0
 2.8461001E+0	 1.0613000E+0
 2.8427000E+0	 1.0604000E+0
 2.8183000E+0	 1.0584000E+0
 2.7936001E+0	 1.0563000E+0
 2.7783999E+0	 1.0556999E+0
 2.7764001E+0	 1.0548000E+0
 2.7642000E+0	 1.0538000E+0
 2.7551999E+0	 1.0530000E+0
 2.7474999E+0	 1.0527000E+0
 2.7465000E+0	 1.0522000E+0
 2.7423000E+0	 1.0518000E+0
 2.7295001E+0	 1.0506999E+0
 2.7177000E+0	 1.0502000E+0
 2.7158000E+0	 1.0495000E+0
 2.6868000E+0	 1.0470999E+0
 2.6695001E+0	 1.0456001E+0
 2.6642001E+0	 1.0453000E+0
 2.6633999E+0	 1.0450000E+0
 2.6547999E+0	 1.0441999E+0
 2.6445999E+0	 1.0433000E+0
 2.6308999E+0	 1.0427001E+0
 2.6287999E+0	 1.0419000E+0
 2.6159999E+0	 1.0408000E+0
 2.6126001E+0	 1.0405000E+0
 2.6091001E+0	 1.0403000E+0
 2.6085000E+0	 1.0401000E+0
 2.5971999E+0	 1.0391001E+0
 2.5875001E+0	 1.0382000E+0
 2.5834999E+0	 1.0380000E+0
 2.5829000E+0	 1.0378000E+0
 2.5713999E+0	 1.0367000E+0
 2.5699000E+0	 1.0366000E+0
 2.5692000E+0	 1.0365000E+0
 2.5687001E+0	 1.0364000E+0
 2.5653999E+0	 1.0361000E+0
 2.5538001E+0	 1.0351000E+0
 2.5420001E+0	 1.0345000E+0
 2.5401001E+0	 1.0338000E+0
 2.5213001E+0	 1.0321000E+0
 2.5139000E+0	 1.0315000E+0
 2.5057001E+0	 1.0312001E+0
 2.5044000E+0	 1.0306000E+0
 2.4944999E+0	 1.0297000E+0
 2.4674001E+0	 1.0272000E+0
 2.4503000E+0	 1.0264000E+0
 2.4475999E+0	 1.0254000E+0
 2.4375000E+0	 1.0244000E+0
 2.4338000E+0	 1.0240999E+0
 2.4260001E+0	 1.0238000E+0
 2.4238999E+0	 1.0232000E+0
 2.4080999E+0	 1.0217000E+0
 2.4008999E+0	 1.0210000E+0
 2.3958001E+0	 1.0207000E+0
 2.3945000E+0	 1.0204000E+0
 2.3784001E+0	 1.0189000E+0
 2.3620000E+0	 1.0173000E+0
 2.3524001E+0	 1.0168000E+0
 2.3506999E+0	 1.0161999E+0
 2.3401000E+0	 1.0152000E+0
 2.3274000E+0	 1.0140001E+0
 2.3211999E+0	 1.0136000E+0
 2.3201001E+0	 1.0132999E+0
 2.3185999E+0	 1.0131000E+0
 2.3164001E+0	 1.0129000E+0
 2.3155000E+0	 1.0128000E+0
 2.3153000E+0	 1.0128000E+0
 2.3094001E+0	 1.0122000E+0
 2.3006001E+0	 1.0113000E+0
 2.2843001E+0	 1.0104001E+0
 2.2809999E+0	 1.0094000E+0
 2.2709999E+0	 1.0084000E+0
 2.2651000E+0	 1.0078000E+0
 2.2512000E+0	 1.0070000E+0
 2.2486000E+0	 1.0062000E+0
 2.2405000E+0	 1.0053999E+0
 2.2228999E+0	 1.0037000E+0
 2.2067001E+0	 1.0026000E+0
 2.2032001E+0	 1.0017999E+0
 2.1859000E+0	 9.9989998E-1
 2.1703000E+0	 9.9839997E-1
 2.1475000E+0	 9.9710000E-1
 2.1427000E+0	 9.9559999E-1
 2.1201000E+0	 9.9320000E-1
 2.1048000E+0	 9.9159998E-1
 2.0966001E+0	 9.9110001E-1
 2.0947001E+0	 9.9059999E-1
 2.0831001E+0	 9.8930001E-1
 2.0689001E+0	 9.8790002E-1
 2.0594001E+0	 9.8720002E-1
 2.0574000E+0	 9.8659998E-1
 2.0513999E+0	 9.8600000E-1
 2.0376000E+0	 9.8449999E-1
 2.0236001E+0	 9.8360002E-1
 2.0209000E+0	 9.8269999E-1
 2.0136001E+0	 9.8189998E-1
 2.0055001E+0	 9.8100001E-1
 1.9946001E+0	 9.8030001E-1
 1.9917001E+0	 9.7960001E-1
 1.9787000E+0	 9.7810000E-1
 1.9756000E+0	 9.7770000E-1
 1.9694000E+0	 9.7729999E-1
 1.9673001E+0	 9.7689998E-1
 1.9450999E+0	 9.7430003E-1
 1.9076999E+0	 9.7020000E-1
 1.9033000E+0	 9.6980000E-1
 1.9024000E+0	 9.6950001E-1
 1.9010000E+0	 9.6929997E-1
 1.8832000E+0	 9.6730000E-1
 1.8767000E+0	 9.6660000E-1
 1.8760000E+0	 9.6649998E-1
 1.8676000E+0	 9.6550000E-1
 1.8533000E+0	 9.6390003E-1
 1.8341000E+0	 9.6179998E-1
 1.8324000E+0	 9.6149999E-1
 1.8159000E+0	 9.5940000E-1
 1.7918000E+0	 9.5660001E-1
 1.7745000E+0	 9.5510000E-1
 1.7707000E+0	 9.5400000E-1
 1.7683001E+0	 9.5370001E-1
 1.7650000E+0	 9.5330000E-1
 1.7584000E+0	 9.5270002E-1
 1.7567000E+0	 9.5230001E-1
 1.7500000E+0	 9.5139998E-1
 1.7381999E+0	 9.4999999E-1
 1.7263000E+0	 9.4859999E-1
 1.7253000E+0	 9.4840002E-1
 1.7219000E+0	 9.4790000E-1
 1.6968000E+0	 9.4480002E-1
 1.6942000E+0	 9.4450003E-1
 1.6928000E+0	 9.4430000E-1
 1.6799001E+0	 9.4260001E-1
 1.6535000E+0	 9.3930000E-1
 1.6443000E+0	 9.3809998E-1
 1.6435000E+0	 9.3790001E-1
 1.6401000E+0	 9.3739998E-1
 1.6314000E+0	 9.3629998E-1
 1.6202000E+0	 9.3489999E-1
 1.6177000E+0	 9.3470001E-1
 1.6045001E+0	 9.3260002E-1
 1.5838000E+0	 9.2989999E-1
 1.5814000E+0	 9.2960000E-1
 1.5804000E+0	 9.2940003E-1
 1.5731000E+0	 9.2830002E-1
 1.5617000E+0	 9.2680001E-1
 1.5502000E+0	 9.2540002E-1
 1.5493000E+0	 9.2510003E-1
 1.5455000E+0	 9.2449999E-1
 1.5353000E+0	 9.2309999E-1
 1.5078000E+0	 9.2049998E-1
 1.5000000E+0	 9.1799998E-1
 1.4960999E+0	 9.1740000E-1
 1.4949000E+0	 9.1720003E-1
 1.4900000E+0	 9.1659999E-1
 1.4884000E+0	 9.1649997E-1
 1.4773000E+0	 9.1469997E-1
 1.4675000E+0	 9.1320002E-1
 1.4602000E+0	 9.1229999E-1
 1.4575000E+0	 9.1200000E-1
 1.4360000E+0	 9.0850002E-1
 1.4205000E+0	 9.0619999E-1
 1.4130000E+0	 9.0499997E-1
 1.4114000E+0	 9.0480000E-1
 1.4058000E+0	 9.0380001E-1
 1.4033000E+0	 9.0340000E-1
 1.3894000E+0	 9.0140003E-1
 1.3855000E+0	 9.0090001E-1
 1.3726000E+0	 8.9850003E-1
 1.3676000E+0	 8.9770001E-1
 1.3648000E+0	 8.9740002E-1
 1.3633000E+0	 8.9709997E-1
 1.3563000E+0	 8.9590001E-1
 1.3479000E+0	 8.9450002E-1
 1.3315001E+0	 8.9200002E-1
 1.3285000E+0	 8.9150000E-1
 1.3203000E+0	 8.8990003E-1
 1.3123000E+0	 8.8859999E-1
 1.3001000E+0	 8.8669997E-1
 1.2966000E+0	 8.8620001E-1
 1.2858000E+0	 8.8400000E-1
 1.2697999E+0	 8.8129997E-1
 1.2541000E+0	 8.7870002E-1
 1.2508000E+0	 8.7790000E-1
 1.2467000E+0	 8.7709999E-1
 1.2441000E+0	 8.7660003E-1
 1.2378000E+0	 8.7550002E-1
 1.2351000E+0	 8.7519997E-1
 1.2250000E+0	 8.7309998E-1
 1.2198000E+0	 8.7210000E-1
 1.2164000E+0	 8.7150002E-1
 1.2111000E+0	 8.7129998E-1
 1.1668000E+0	 8.6199999E-1
 1.1627001E+0	 8.6110002E-1
 1.1598001E+0	 8.6059999E-1
 1.1589000E+0	 8.6030000E-1
 1.1567000E+0	 8.5979998E-1
 1.1418999E+0	 8.5699999E-1
 1.1314000E+0	 8.5490000E-1
 1.1282001E+0	 8.5420001E-1
 1.1230000E+0	 8.5290003E-1
 1.1065000E+0	 8.4960002E-1
 1.0903000E+0	 8.4630001E-1
 1.0845000E+0	 8.4509999E-1
 1.0671000E+0	 8.4069997E-1
 1.0553000E+0	 8.3810002E-1
 1.0458000E+0	 8.3600003E-1
 1.0414000E+0	 8.3520001E-1
 1.0276000E+0	 8.3130002E-1
 1.0044000E+0	 8.2590002E-1
 9.9320000E-1	 8.2290000E-1
 9.8890001E-1	 8.2160002E-1
 9.7970003E-1	 8.1879997E-1
 9.6359998E-1	 8.1449997E-1
 9.4929999E-1	 8.1059998E-1
 9.4069999E-1	 8.0849999E-1
 9.1700000E-1	 7.9970002E-1
 9.0950000E-1	 7.9699999E-1
 8.9270002E-1	 7.9170001E-1
 8.8209999E-1	 7.8740001E-1
 8.6229998E-1	 7.7800000E-1
 8.5710001E-1	 7.7469999E-1
 8.5259998E-1	 7.7149999E-1
 8.4890002E-1	 7.6899999E-1
 8.3550000E-1	 7.5639999E-1
 8.1680000E-1	 7.4250001E-1
 8.0549997E-1	 7.3229998E-1
 7.9949999E-1	 7.2610003E-1
 7.8490001E-1	 7.1050000E-1
 7.7079999E-1	 6.9470000E-1
 7.5870001E-1	 6.7869997E-1
 7.5059998E-1	 6.6890001E-1
 7.4059999E-1	 6.5859997E-1
 7.3619998E-1	 6.5390003E-1
 7.3229998E-1	 6.4999998E-1
 7.2920001E-1	 6.4719999E-1
 7.2210002E-1	 6.4020002E-1
 7.1319997E-1	 6.3230002E-1
 7.0260000E-1	 6.2279999E-1
 6.9440001E-1	 6.1500001E-1
 6.8489999E-1	 6.0589999E-1
 6.7820001E-1	 6.0009998E-1
 6.7009997E-1	 5.9390002E-1
 6.6399997E-1	 5.8859998E-1
 6.5369999E-1	 5.7990003E-1
 6.4190000E-1	 5.7069999E-1
 6.3000000E-1	 5.6070000E-1
 6.2269998E-1	 5.5350000E-1
 6.1580002E-1	 5.4640001E-1
 6.0990000E-1	 5.4110003E-1
 6.0439998E-1	 5.3560001E-1
 6.0060000E-1	 5.3160000E-1
 5.9350002E-1	 5.2469999E-1
 5.8550000E-1	 5.1749998E-1
 5.7859999E-1	 5.1029998E-1
 5.7459998E-1	 5.0569999E-1
 5.7059997E-1	 5.0089997E-1
 5.6660002E-1	 4.9689999E-1
 5.6070000E-1	 4.9140000E-1
 5.5470002E-1	 4.8600000E-1
 5.4250002E-1	 4.7409999E-1
 5.3369999E-1	 4.6500000E-1
 5.2550000E-1	 4.5629999E-1
 5.1889998E-1	 4.4900000E-1
 5.1080000E-1	 4.4040000E-1
 5.0370002E-1	 4.3329999E-1
 4.9500000E-1	 4.2519999E-1
 4.8820001E-1	 4.1819999E-1
 4.8230001E-1	 4.1139999E-1
 4.7530001E-1	 4.0480000E-1
 4.6430001E-1	 3.9559999E-1
 4.5530000E-1	 3.8589999E-1
 4.4780001E-1	 3.7799999E-1
 4.4310001E-1	 3.7300000E-1
 4.3610001E-1	 3.6719999E-1
 4.2860001E-1	 3.6109999E-1
 4.0900001E-1	 3.4360000E-1
 3.9070001E-1	 3.2769999E-1
 3.7270001E-1	 3.1140000E-1
 3.6129999E-1	 3.0030000E-1
 3.5120001E-1	 2.9060000E-1
 3.4259999E-1	 2.8290001E-1
 3.3450001E-1	 2.7610001E-1
 3.2940000E-1	 2.7110001E-1
 3.2179999E-1	 2.6085001E-1
 3.1060001E-1	 2.5573999E-1
 3.0590001E-1	 2.5176999E-1
 3.0260000E-1	 2.4868000E-1
 2.9990000E-1	 2.4607000E-1
 2.9620001E-1	 2.4330001E-1
 2.8790000E-1	 2.3779000E-1
 2.7939999E-1	 2.3032001E-1
 2.6278001E-1	 2.2138999E-1
 2.5679001E-1	 2.1195000E-1
 2.5349000E-1	 2.0885000E-1
 2.5064999E-1	 2.0654000E-1
 2.4578001E-1	 2.0264000E-1
 2.3556000E-1	 1.9540000E-1
 2.2147000E-1	 1.8539999E-1
 2.0706999E-1	 1.7557999E-1
 1.7804000E-1	 1.5252000E-1
 1.5285000E-1	 1.3300000E-1
 1.3194001E-1	 1.1706000E-1
 1.2060000E-1	 1.0772000E-1
 1.1152000E-1	 1.0084000E-1
 1.0532000E-1	 9.5890000E-2
 9.5890000E-2	 9.0089999E-2
 8.7980002E-2	 8.3829999E-2
 7.7919997E-2	 7.6389998E-2
 6.7220002E-2	 6.9020003E-2
 5.4730002E-2	 6.0369998E-2
 4.4210002E-2	 5.2320000E-2
 2.8829999E-2	 4.1999999E-2
 2.1059999E-2	 3.5530001E-2
 1.4180000E-2	 3.0760000E-2
 1.0500000E-2	 2.7799999E-2
 7.1800002E-3	 2.4179000E-2
 4.8500001E-3	 2.3291999E-2
 3.7499999E-3	 2.2510000E-2
 2.8200001E-3	 2.1826999E-2
 2.0099999E-3	 2.1232000E-2
 1.5700000E-3	 2.0862000E-2
 1.1800000E-3	 2.0564999E-2
 9.2999998E-4	 2.0382000E-2
 7.2000001E-4	 2.0226000E-2
 6.0000003E-4	 2.0120000E-2
 4.9000001E-4	 2.0034000E-2
 4.2000000E-4	 1.9975999E-2
 3.6000001E-4	 1.9934000E-2
 3.3000001E-4	 1.9904001E-2
 3.0000001E-4	 1.9876000E-2
 1.9999999E-4	 1.9812001E-2
 7.9999998E-5	 1.9723000E-2
 1.9999999E-5	 1.9669000E-2
 -2.9999999E-5	 1.9632000E-2
 -7.9999998E-5	 1.9598000E-2
 -9.9999997E-5	 1.9578001E-2
 -9.9999997E-6	 1.9601000E-2
 1.5000001E-4	 1.9633001E-2
 1.9000001E-4	 1.9645000E-2
 1.9999999E-4	 1.9646000E-2
 1.9999999E-4	 1.9642999E-2
 1.7000000E-4	 1.9638000E-2
 -7.9999998E-5	 1.9556001E-2
 -1.3000000E-4	 1.9528000E-2
 -1.5000001E-4	 1.9502999E-2
 -1.6000000E-4	 1.9489000E-2
 -1.8000000E-4	 1.9482000E-2
 -1.8000000E-4	 1.9472999E-2
 -1.8000000E-4	 1.9467000E-2
 -1.8000000E-4	 1.9474000E-2
 -1.9000001E-4	 1.9462001E-2
 -1.9999999E-4	 1.9462001E-2
 -1.9999999E-4	 1.9447999E-2
 -2.2000000E-4	 1.9433999E-2
 -2.2000000E-4	 1.9440001E-2
 -2.2000000E-4	 1.9429000E-2
 -2.1000000E-4	 1.9422000E-2
 -2.2000000E-4	 1.9424001E-2
 -2.3000001E-4	 1.9416999E-2
 -2.3999999E-4	 1.9423001E-2
 -2.3000001E-4	 1.9421000E-2
 -1.9999999E-4	 1.9429000E-2
 -1.9999999E-4	 1.9431001E-2
 -2.2000000E-4	 1.9423001E-2
 -2.1000000E-4	 1.9424999E-2
 -2.2000000E-4	 1.9409001E-2
 -2.2000000E-4	 1.9412000E-2
 -2.1000000E-4	 1.9413000E-2
 -2.2000000E-4	 1.9412000E-2
 -2.1000000E-4	 1.9407000E-2
 -2.2000000E-4	 1.9409001E-2
 -2.2000000E-4	 1.9393999E-2
 -2.1000000E-4	 1.9402999E-2
 -2.2000000E-4	 1.9399000E-2
 -2.2000000E-4	 1.9394999E-2
 -1.9999999E-4	 1.9401001E-2
 -1.9999999E-4	 1.9392001E-2
 -1.9000001E-4	 1.9409999E-2
 -1.9000001E-4	 1.9400001E-2
 -9.5999998E-4	 1.8982001E-2
 -4.1800002E-3	 1.7221000E-2
 -9.8900003E-3	 1.3551000E-2
 -1.1000000E-2	 1.5058000E-2
 -2.6570000E-2	 3.7219999E-3
 -3.8759999E-2	 -9.5880004E-3
 -4.9539998E-2	 -2.2933999E-2
 -6.0279999E-2	 -4.0539999E-2
 -6.7950003E-2	 -4.4860002E-2
 -7.0610002E-2	 -4.8239999E-2
 -7.2999999E-2	 -5.1139999E-2
 -7.4720003E-2	 -5.3289998E-2
 -7.5999998E-2	 -5.4850001E-2
 -7.7150002E-2	 -5.6120001E-2
 -7.8350000E-2	 -5.7440002E-2
 -7.9669997E-2	 -5.9080001E-2
 -8.2429998E-2	 -6.2139999E-2
 -8.7430000E-2	 -6.6699997E-2
 -9.2100002E-2	 -7.3190004E-2
 -9.5820002E-2	 -7.7780001E-2
 -9.9480003E-2	 -8.2139999E-2
 -1.0413000E-1	 -8.7169997E-2
 -1.0949000E-1	 -9.3670003E-2
 -1.1420000E-1	 -9.9969998E-2
 -1.1864000E-1	 -1.0513000E-1
 -1.2311000E-1	 -1.1011000E-1
 -1.2853000E-1	 -1.1599000E-1
 -1.3549000E-1	 -1.2471000E-1
 -1.4110000E-1	 -1.3165000E-1
 -1.4535999E-1	 -1.3676000E-1
 -1.4928000E-1	 -1.4095999E-1
 -1.5497001E-1	 -1.4827000E-1
 -1.6181999E-1	 -1.5558000E-1
 -1.6651000E-1	 -1.6188000E-1
 -1.7150000E-1	 -1.6741000E-1
 -1.7622000E-1	 -1.7343999E-1
 -1.8395001E-1	 -1.8224999E-1
 -1.9154000E-1	 -1.9092000E-1
 -1.9787000E-1	 -1.9904999E-1
 -2.0266999E-1	 -2.0492999E-1
 -2.0739000E-1	 -2.1050000E-1
 -2.1207000E-1	 -2.1570000E-1
 -2.1592000E-1	 -2.2020000E-1
 -2.1991000E-1	 -2.2544999E-1
 -2.2748999E-1	 -2.3368999E-1
 -2.3526999E-1	 -2.4228001E-1
 -2.4445000E-1	 -2.5165001E-1
 -2.5069001E-1	 -2.6124001E-1
 -2.5577000E-1	 -2.6762000E-1
 -2.5909999E-1	 -2.7164999E-1
 -2.6183000E-1	 -2.7502000E-1
 -2.6535001E-1	 -2.7921000E-1
 -2.6936999E-1	 -2.8380001E-1
 -2.7201000E-1	 -2.8716999E-1
 -2.7388000E-1	 -2.8939000E-1
 -2.7533001E-1	 -2.9124999E-1
 -2.7858999E-1	 -2.9486999E-1
 -2.8119999E-1	 -2.9796001E-1
 -2.8331000E-1	 -3.0045000E-1
 -2.8545001E-1	 -3.0680001E-1
 -2.9187000E-1	 -3.1060001E-1
 -2.9640999E-1	 -3.1590000E-1
 -3.0254999E-1	 -3.2249999E-1
 -3.1119999E-1	 -3.3019999E-1
 -3.1380001E-1	 -3.3660001E-1
 -3.1560001E-1	 -3.3930001E-1
 -3.1729999E-1	 -3.4099999E-1
 -3.1889999E-1	 -3.4310001E-1
 -3.2179999E-1	 -3.4630001E-1
 -3.2570001E-1	 -3.5040000E-1
 -3.3050001E-1	 -3.5540000E-1
 -3.3620000E-1	 -3.6280000E-1
 -3.4209999E-1	 -3.6950001E-1
 -3.4709999E-1	 -3.7549999E-1
 -3.5190001E-1	 -3.8090000E-1
 -3.5609999E-1	 -3.8630000E-1
 -3.6059999E-1	 -3.9170000E-1
 -3.6669999E-1	 -3.9800000E-1
 -3.7320000E-1	 -4.0570000E-1
 -3.8010001E-1	 -4.1409999E-1
 -3.8690001E-1	 -4.2199999E-1
 -3.9420000E-1	 -4.3030000E-1
 -4.0400001E-1	 -4.3900001E-1
 -4.1170001E-1	 -4.5080000E-1
 -4.2050001E-1	 -4.6070001E-1
 -4.2710000E-1	 -4.6830001E-1
 -4.3270001E-1	 -4.7479999E-1
 -4.3650001E-1	 -4.7960001E-1
 -4.4090000E-1	 -4.8460001E-1
 -4.4710001E-1	 -4.9079999E-1
 -4.5429999E-1	 -4.9840000E-1
 -4.6160001E-1	 -5.0749999E-1
 -4.7090000E-1	 -5.1740003E-1
 -4.8359999E-1	 -5.3230000E-1
 -4.9640000E-1	 -5.4320002E-1
 -5.1109999E-1	 -5.6089997E-1
 -5.2100003E-1	 -5.7239997E-1
 -5.2789998E-1	 -5.7969999E-1
 -5.3250003E-1	 -5.8510000E-1
 -5.3609997E-1	 -5.8910000E-1
 -5.3890002E-1	 -5.9219998E-1
 -5.4170001E-1	 -5.9509999E-1
 -5.4460001E-1	 -5.9789997E-1
 -5.4759997E-1	 -6.0140002E-1
 -5.5269998E-1	 -6.0640001E-1
 -5.5900002E-1	 -6.1250001E-1
 -5.6419998E-1	 -6.1820000E-1
 -5.6809998E-1	 -6.2260002E-1
 -5.7560003E-1	 -6.2980002E-1
 -5.8020002E-1	 -6.3470000E-1
 -5.8480000E-1	 -6.3849998E-1
 -5.9230000E-1	 -6.4670002E-1
 -6.0759997E-1	 -6.6100001E-1
 -6.1830002E-1	 -6.7210001E-1
 -6.2580001E-1	 -6.7930001E-1
 -6.3129997E-1	 -6.8489999E-1
 -6.3590002E-1	 -6.8930000E-1
 -6.4109999E-1	 -6.9370002E-1
 -6.4600003E-1	 -6.9849998E-1
 -6.5060002E-1	 -7.0289999E-1
 -6.5560001E-1	 -7.0749998E-1
 -6.6119999E-1	 -7.1230000E-1
 -6.6560000E-1	 -7.1619999E-1
 -6.6900003E-1	 -7.1950001E-1
 -6.7439997E-1	 -7.2399998E-1
 -6.8199998E-1	 -7.3009998E-1
 -6.9110000E-1	 -7.3710001E-1
 -7.0349997E-1	 -7.4839997E-1
 -7.1640003E-1	 -7.5889999E-1
 -7.2979999E-1	 -7.6859999E-1
 -7.4089998E-1	 -7.7620000E-1
 -7.5089997E-1	 -7.8380001E-1
 -7.6150000E-1	 -7.9070002E-1
 -7.7139997E-1	 -7.9680002E-1
 -7.8060001E-1	 -8.0129999E-1
 -7.8969997E-1	 -8.0710000E-1
 -7.9949999E-1	 -8.1230003E-1
 -8.1239998E-1	 -8.1830001E-1
 -8.2389998E-1	 -8.2330000E-1
 -8.3459997E-1	 -8.2810003E-1
 -8.3350003E-1	 -8.2630002E-1
 -8.3329999E-1	 -8.2489997E-1
 -8.3310002E-1	 -8.2389998E-1
 -8.3270001E-1	 -8.2300001E-1
 -8.3270001E-1	 -8.2230002E-1
 -8.4140003E-1	 -8.2590002E-1
 -8.5810000E-1	 -8.3160001E-1
 -8.8220000E-1	 -8.4340000E-1
 -9.0340000E-1	 -8.5079998E-1
 -9.3049997E-1	 -8.5729998E-1
 -9.4599998E-1	 -8.5970002E-1
 -9.5870000E-1	 -8.6150002E-1
 -9.7350001E-1	 -8.6339998E-1
 -9.8600000E-1	 -8.6449999E-1
 -1.0041000E+0	 -8.6610001E-1
 -1.0201000E+0	 -8.6979997E-1
 -1.0353000E+0	 -8.7180001E-1
 -1.0497000E+0	 -8.7339997E-1
 -1.0572000E+0	 -8.7330002E-1
 -1.0620000E+0	 -8.7320000E-1
 -1.0633000E+0	 -8.7210000E-1
 -1.0658000E+0	 -8.7150002E-1
 -1.0700001E+0	 -8.7120003E-1
 -1.0740000E+0	 -8.7140000E-1
 -1.0965000E+0	 -8.7610000E-1
 -1.1100000E+0	 -8.7840003E-1
 -1.1237000E+0	 -8.8010001E-1
 -1.1346999E+0	 -8.8220000E-1
 -1.1586000E+0	 -8.8679999E-1
 -1.1720999E+0	 -8.8870001E-1
 -1.1733000E+0	 -8.8819999E-1
 -1.1734000E+0	 -8.8730001E-1
 -1.1780000E+0	 -8.8749999E-1
 -1.1906000E+0	 -8.8940001E-1
 -1.2072001E+0	 -8.9109999E-1
 -1.2165999E+0	 -8.9340001E-1
 -1.2328000E+0	 -8.9609998E-1
 -1.2465000E+0	 -8.9810002E-1
 -1.2517000E+0	 -8.9829999E-1
 -1.2548000E+0	 -8.9840001E-1
 -1.2631000E+0	 -8.9950001E-1
 -1.2678000E+0	 -8.9990002E-1
 -1.2729000E+0	 -9.0009999E-1
 -1.2753000E+0	 -9.0039998E-1
 -1.2776000E+0	 -9.0039998E-1
 -1.2786000E+0	 -9.0009999E-1
 -1.2793000E+0	 -8.9980000E-1
 -1.2800000E+0	 -8.9960003E-1
 -1.2867000E+0	 -9.0050000E-1
 -1.2926000E+0	 -9.0130001E-1
 -1.2941999E+0	 -9.0120000E-1
 -1.2948999E+0	 -9.0109998E-1
 -1.2972000E+0	 -9.0130001E-1
 -1.2976000E+0	 -9.0109998E-1
 -1.2986000E+0	 -9.0100002E-1
 -1.3022000E+0	 -9.0090001E-1
 -1.3231000E+0	 -9.0499997E-1
 -1.3616000E+0	 -9.1170001E-1
 -1.3760999E+0	 -9.1350001E-1
 -1.3828000E+0	 -9.1479999E-1
 -1.3945000E+0	 -9.1649997E-1
 -1.3978000E+0	 -9.1680002E-1
 -1.4003000E+0	 -9.1680002E-1
 -1.4022000E+0	 -9.1700000E-1
 -1.4114000E+0	 -9.1820002E-1
 -1.4222000E+0	 -9.1970003E-1
 -1.4283000E+0	 -9.2030001E-1
 -1.4319000E+0	 -9.2060000E-1
 -1.4416000E+0	 -9.2220002E-1
 -1.4500000E+0	 -9.2330003E-1
 -1.4593000E+0	 -9.2420000E-1
 -1.4631000E+0	 -9.2500001E-1
 -1.4704000E+0	 -9.2589998E-1
 -1.4856000E+0	 -9.2809999E-1
 -1.5007000E+0	 -9.2970002E-1
 -1.5069000E+0	 -9.3059999E-1
 -1.5215000E+0	 -9.3290001E-1
 -1.5398000E+0	 -9.3550003E-1
 -1.5509000E+0	 -9.3660003E-1
 -1.5549001E+0	 -9.3720001E-1
 -1.5601000E+0	 -9.3779999E-1
 -1.5678999E+0	 -9.3870002E-1
 -1.5875000E+0	 -9.4069999E-1
 -1.5941000E+0	 -9.4199997E-1
 -1.6105000E+0	 -9.4419998E-1
 -1.6226000E+0	 -9.4569999E-1
 -1.6298000E+0	 -9.4630003E-1
 -1.6392000E+0	 -9.4730002E-1
 -1.6634001E+0	 -9.5069999E-1
 -1.6761000E+0	 -9.5220000E-1
 -1.7026000E+0	 -9.5490003E-1
 -1.7140000E+0	 -9.5670003E-1
 -1.7406000E+0	 -9.6020001E-1
 -1.7568001E+0	 -9.6200001E-1
 -1.7666000E+0	 -9.6280003E-1
 -1.7770000E+0	 -9.6329999E-1
 -1.7848001E+0	 -9.6490002E-1
 -1.8191000E+0	 -9.6899998E-1
 -1.8291000E+0	 -9.6980000E-1
 -1.8302000E+0	 -9.6980000E-1
 -1.8302000E+0	 -9.6960002E-1
 -1.8306000E+0	 -9.6939999E-1
 -1.8342000E+0	 -9.6960002E-1
 -1.8415000E+0	 -9.6980000E-1
 -1.8576000E+0	 -9.7219998E-1
 -1.8880000E+0	 -9.7560000E-1
 -1.9104000E+0	 -9.7780001E-1
 -1.9224000E+0	 -9.7890002E-1
 -1.9419000E+0	 -9.8150003E-1
 -1.9627000E+0	 -9.8369998E-1
 -1.9909000E+0	 -9.8640001E-1
 -1.9995000E+0	 -9.8729998E-1
 -2.0123000E+0	 -9.8879999E-1
 -2.0325999E+0	 -9.9080002E-1
 -2.0632999E+0	 -9.9370003E-1
 -2.0783999E+0	 -9.9470001E-1
 -2.0922999E+0	 -9.9690002E-1
 -2.1250999E+0	 -1.0002000E+0
 -2.1549001E+0	 -1.0030000E+0
 -2.1643000E+0	 -1.0036000E+0
 -2.1705999E+0	 -1.0045000E+0
 -2.1854999E+0	 -1.0059000E+0
 -2.1917000E+0	 -1.0063000E+0
 -2.2040000E+0	 -1.0068001E+0
 -2.2181001E+0	 -1.0087000E+0
 -2.2437000E+0	 -1.0112000E+0
 -2.2678001E+0	 -1.0132999E+0
 -2.2797999E+0	 -1.0139000E+0
 -2.2876000E+0	 -1.0152000E+0
 -2.3099000E+0	 -1.0172000E+0
 -2.3216000E+0	 -1.0182000E+0
 -2.3308001E+0	 -1.0185000E+0
 -2.3371000E+0	 -1.0195000E+0
 -2.3634000E+0	 -1.0219001E+0
 -2.4061999E+0	 -1.0258000E+0
 -2.4126999E+0	 -1.0261000E+0
 -2.4152000E+0	 -1.0265000E+0
 -2.4189000E+0	 -1.0267000E+0
 -2.4353001E+0	 -1.0281000E+0
 -2.4538000E+0	 -1.0287000E+0
 -2.4605000E+0	 -1.0303000E+0
 -2.4719000E+0	 -1.0312999E+0
 -2.4777999E+0	 -1.0317000E+0
 -2.5063000E+0	 -1.0326000E+0
 -2.5181000E+0	 -1.0352000E+0
 -2.5394001E+0	 -1.0371000E+0
 -2.5525999E+0	 -1.0382000E+0
 -2.5646999E+0	 -1.0386000E+0
 -2.5692999E+0	 -1.0395000E+0
 -2.6131001E+0	 -1.0434999E+0
 -2.6215999E+0	 -1.0441000E+0
 -2.6291001E+0	 -1.0443000E+0
 -2.6313000E+0	 -1.0447000E+0
 -2.6698999E+0	 -1.0481000E+0
 -2.7028999E+0	 -1.0509000E+0
 -2.7086999E+0	 -1.0511000E+0
 -2.7100000E+0	 -1.0513000E+0
 -2.7300000E+0	 -1.0530000E+0
 -2.7453001E+0	 -1.0542001E+0
 -2.7623000E+0	 -1.0548000E+0
 -2.7625000E+0	 -1.0555000E+0
 -2.7693000E+0	 -1.0560000E+0
 -2.7890999E+0	 -1.0576000E+0
 -2.8006001E+0	 -1.0582000E+0
 -2.8039000E+0	 -1.0587000E+0
 -2.8079000E+0	 -1.0589000E+0
 -2.8146999E+0	 -1.0594000E+0
 -2.8320999E+0	 -1.0602000E+0
 -2.8360000E+0	 -1.0611000E+0
 -2.8515000E+0	 -1.0623000E+0
 -2.8620000E+0	 -1.0631000E+0
 -2.8845999E+0	 -1.0642999E+0
 -2.8901999E+0	 -1.0653000E+0
 -2.9008000E+0	 -1.0661000E+0
 -2.9028001E+0	 -1.0662000E+0
 -2.9235001E+0	 -1.0670000E+0
 -2.9274001E+0	 -1.0681000E+0
 -2.9567001E+0	 -1.0705000E+0
 -2.9566000E+0	 -1.0704000E+0
 -2.9565001E+0	 -1.0703000E+0
 -2.9565001E+0	 -1.0702000E+0
 -2.9563999E+0	 -1.0700999E+0
 -2.9563999E+0	 -1.0700001E+0
 -2.9563999E+0	 -1.0700001E+0
 -2.9563999E+0	 -1.0699000E+0
 -2.9563999E+0	 -1.0698000E+0
 -2.9563999E+0	 -1.0697000E+0
 -2.9563000E+0	 -1.0697000E+0
 -2.9563000E+0	 -1.0696000E+0
 -2.9563000E+0	 -1.0695000E+0
 -2.9563000E+0	 -1.0695000E+0
 -2.9563000E+0	 -1.0694000E+0
 -2.9561999E+0	 -1.0694000E+0
 -2.9511001E+0	 -1.0689000E+0
 -2.9145999E+0	 -1.0661000E+0
 -2.8957000E+0	 -1.0652000E+0
 -2.8954999E+0	 -1.0645000E+0
 -2.8822999E+0	 -1.0634000E+0
 -2.8734000E+0	 -1.0627000E+0
 -2.8680000E+0	 -1.0624000E+0
 -2.8680000E+0	 -1.0622000E+0
 -2.8647001E+0	 -1.0618000E+0
 -2.8550000E+0	 -1.0611000E+0
 -2.8441000E+0	 -1.0604000E+0
 -2.8419001E+0	 -1.0599000E+0
 -2.8369999E+0	 -1.0595000E+0
 -2.8311000E+0	 -1.0590000E+0
 -2.8155999E+0	 -1.0583000E+0
 -2.8153999E+0	 -1.0577000E+0
 -2.8046999E+0	 -1.0568000E+0
 -2.7874000E+0	 -1.0554000E+0
 -2.7765999E+0	 -1.0544000E+0
 -2.7763000E+0	 -1.0544000E+0
 -2.7708001E+0	 -1.0539000E+0
 -2.7621000E+0	 -1.0532000E+0
 -2.7590001E+0	 -1.0530000E+0
 -2.7590001E+0	 -1.0528001E+0
 -2.7572999E+0	 -1.0527000E+0
 -2.7533000E+0	 -1.0523000E+0
 -2.7454000E+0	 -1.0519000E+0
 -2.7451999E+0	 -1.0516000E+0
 -2.7311001E+0	 -1.0504000E+0
 -2.7306001E+0	 -1.0503000E+0
 -2.7295001E+0	 -1.0503000E+0
 -2.7291000E+0	 -1.0502000E+0
 -2.7256999E+0	 -1.0499001E+0
 -2.7202001E+0	 -1.0494000E+0
 -2.7170999E+0	 -1.0492001E+0
 -2.7169001E+0	 -1.0491000E+0
 -2.7156000E+0	 -1.0489000E+0
 -2.7121000E+0	 -1.0487000E+0
 -2.7112000E+0	 -1.0486000E+0
 -2.7112000E+0	 -1.0484999E+0
 -2.7102001E+0	 -1.0484000E+0
 -2.6961999E+0	 -1.0473000E+0
 -2.6888001E+0	 -1.0468000E+0
 -2.6882000E+0	 -1.0466000E+0
 -2.6793001E+0	 -1.0457000E+0
 -2.6644001E+0	 -1.0445000E+0
 -2.6558001E+0	 -1.0440000E+0
 -2.6554000E+0	 -1.0437000E+0
 -2.6457000E+0	 -1.0427999E+0
 -2.6327000E+0	 -1.0417000E+0
 -2.6241000E+0	 -1.0412000E+0
 -2.6238000E+0	 -1.0409000E+0
 -2.6212001E+0	 -1.0405999E+0
 -2.6018000E+0	 -1.0390000E+0
 -2.5883000E+0	 -1.0383000E+0
 -2.5878999E+0	 -1.0377001E+0
 -2.5826001E+0	 -1.0373000E+0
 -2.5790999E+0	 -1.0369000E+0
 -2.5680001E+0	 -1.0360000E+0
 -2.5674000E+0	 -1.0359000E+0
 -2.5566001E+0	 -1.0349000E+0
 -2.5478001E+0	 -1.0341001E+0
 -2.5409999E+0	 -1.0337000E+0
 -2.5400000E+0	 -1.0335000E+0
 -2.5260999E+0	 -1.0321000E+0
 -2.5081000E+0	 -1.0305001E+0
 -2.5037000E+0	 -1.0302000E+0
 -2.5016999E+0	 -1.0301000E+0
 -2.4788001E+0	 -1.0278000E+0
 -2.4672999E+0	 -1.0268000E+0
 -2.4572001E+0	 -1.0261000E+0
 -2.4554999E+0	 -1.0258000E+0
 -2.4395001E+0	 -1.0242000E+0
 -2.4252000E+0	 -1.0229000E+0
 -2.3738000E+0	 -1.0197999E+0
 -2.3717000E+0	 -1.0180000E+0
 -2.3525000E+0	 -1.0160000E+0
 -2.3376000E+0	 -1.0146000E+0
 -2.3359001E+0	 -1.0144000E+0
 -2.3359001E+0	 -1.0144000E+0
 -2.3359001E+0	 -1.0144000E+0
 -2.3350000E+0	 -1.0143000E+0
 -2.3236001E+0	 -1.0136000E+0
 -2.3229001E+0	 -1.0132000E+0
 -2.3155999E+0	 -1.0124000E+0
 -2.3118000E+0	 -1.0120000E+0
 -2.3085999E+0	 -1.0118001E+0
 -2.3069999E+0	 -1.0117000E+0
 -2.2952001E+0	 -1.0104001E+0
 -2.2802999E+0	 -1.0089999E+0
 -2.2753999E+0	 -1.0085000E+0
 -2.2748001E+0	 -1.0084000E+0
 -2.2704999E+0	 -1.0080000E+0
 -2.2579000E+0	 -1.0068001E+0
 -2.2520001E+0	 -1.0063000E+0
 -2.2516999E+0	 -1.0061001E+0
 -2.2486999E+0	 -1.0058000E+0
 -2.2400999E+0	 -1.0050000E+0
 -2.2349999E+0	 -1.0046000E+0
 -2.2337000E+0	 -1.0044000E+0
 -2.2233000E+0	 -1.0032001E+0
 -2.2116001E+0	 -1.0021000E+0
 -2.1930001E+0	 -1.0007000E+0
 -2.1923001E+0	 -1.0001000E+0
 -2.1894000E+0	 -9.9980003E-1
 -2.1830001E+0	 -9.9919999E-1
 -2.1675999E+0	 -9.9809998E-1
 -2.1652000E+0	 -9.9750000E-1
 -2.1496000E+0	 -9.9570000E-1
 -2.1327000E+0	 -9.9400002E-1
 -2.1222999E+0	 -9.9299997E-1
 -2.1192999E+0	 -9.9290001E-1
 -2.1082001E+0	 -9.9140000E-1
 -2.0978000E+0	 -9.9040002E-1
 -2.0868001E+0	 -9.8930001E-1
 -2.0840001E+0	 -9.8900002E-1
 -2.0678000E+0	 -9.8710001E-1
 -2.0544000E+0	 -9.8580003E-1
 -2.0476000E+0	 -9.8500001E-1
 -2.0452001E+0	 -9.8500001E-1
 -2.0362000E+0	 -9.8379999E-1
 -2.0230000E+0	 -9.8229998E-1
 -2.0155001E+0	 -9.8159999E-1
 -2.0135000E+0	 -9.8150003E-1
 -2.0030999E+0	 -9.8009998E-1
 -2.0016999E+0	 -9.8000002E-1
 -1.9966000E+0	 -9.7950000E-1
 -1.9940000E+0	 -9.7939998E-1
 -1.9795001E+0	 -9.7750002E-1
 -1.9682000E+0	 -9.7630000E-1
 -1.9579000E+0	 -9.7520000E-1
 -1.9557000E+0	 -9.7509998E-1
 -1.9488000E+0	 -9.7409999E-1
 -1.9368000E+0	 -9.7280002E-1
 -1.9345000E+0	 -9.7250003E-1
 -1.9327000E+0	 -9.7250003E-1
 -1.9218000E+0	 -9.7100002E-1
 -1.9168000E+0	 -9.7049999E-1
 -1.9122000E+0	 -9.7000003E-1
 -1.9003000E+0	 -9.6990001E-1
 -1.8938000E+0	 -9.6780002E-1
 -1.8719000E+0	 -9.6539998E-1
 -1.8696001E+0	 -9.6509999E-1
 -1.8693000E+0	 -9.6499997E-1
 -1.8678000E+0	 -9.6480000E-1
 -1.8557000E+0	 -9.6340001E-1
 -1.8455000E+0	 -9.6230000E-1
 -1.8431000E+0	 -9.6219999E-1
 -1.8313000E+0	 -9.6050000E-1
 -1.8069000E+0	 -9.5770001E-1
 -1.7946000E+0	 -9.5630002E-1
 -1.7915000E+0	 -9.5609999E-1
 -1.7831000E+0	 -9.5469999E-1
 -1.7716000E+0	 -9.5330000E-1
 -1.7646000E+0	 -9.5249999E-1
 -1.7596000E+0	 -9.5240003E-1
 -1.7400000E+0	 -9.4940001E-1
 -1.7326000E+0	 -9.4849998E-1
 -1.7263000E+0	 -9.4770002E-1
 -1.7250000E+0	 -9.4760001E-1
 -1.7218000E+0	 -9.4709998E-1
 -1.7106000E+0	 -9.4569999E-1
 -1.6983000E+0	 -9.4430000E-1
 -1.6904000E+0	 -9.4400001E-1
 -1.6591001E+0	 -9.3910003E-1
 -1.6416000E+0	 -9.3680000E-1
 -1.6246001E+0	 -9.3470001E-1
 -1.6199000E+0	 -9.3440002E-1
 -1.6072000E+0	 -9.3220001E-1
 -1.5985000E+0	 -9.3099999E-1
 -1.5896000E+0	 -9.2989999E-1
 -1.5838000E+0	 -9.2970002E-1
 -1.5714000E+0	 -9.2720002E-1
 -1.5599999E+0	 -9.2570001E-1
 -1.5484000E+0	 -9.2420000E-1
 -1.5440000E+0	 -9.2390001E-1
 -1.5296000E+0	 -9.2129999E-1
 -1.5193000E+0	 -9.1990000E-1
 -1.5048000E+0	 -9.1799998E-1
 -1.4977000E+0	 -9.1759998E-1
 -1.4752001E+0	 -9.1339999E-1
 -1.4608001E+0	 -9.1130000E-1
 -1.4488000E+0	 -9.0960002E-1
 -1.4450999E+0	 -9.0930003E-1
 -1.4329000E+0	 -9.0700001E-1
 -1.4224000E+0	 -9.0539998E-1
 -1.4061000E+0	 -9.0310001E-1
 -1.4023000E+0	 -9.0259999E-1
 -1.3939000E+0	 -9.0090001E-1
 -1.3829000E+0	 -8.9920002E-1
 -1.3696001E+0	 -8.9719999E-1
 -1.3652000E+0	 -8.9679998E-1
 -1.3547000E+0	 -8.9459997E-1
 -1.3388000E+0	 -8.9200002E-1
 -1.3229001E+0	 -8.8959998E-1
 -1.3198000E+0	 -8.8910002E-1
 -1.3128000E+0	 -8.8760000E-1
 -1.2939000E+0	 -8.8450003E-1
 -1.2811000E+0	 -8.8230002E-1
 -1.2785000E+0	 -8.8190001E-1
 -1.2737000E+0	 -8.8080001E-1
 -1.2586000E+0	 -8.7819999E-1
 -1.2578000E+0	 -8.7800002E-1
 -1.2578000E+0	 -8.7790000E-1
 -1.2235000E+0	 -8.7190002E-1
 -1.2144001E+0	 -8.7029999E-1
 -1.2088000E+0	 -8.6930001E-1
 -1.2067000E+0	 -8.6849999E-1
 -1.1971999E+0	 -8.6680001E-1
 -1.1861000E+0	 -8.6489999E-1
 -1.1738000E+0	 -8.6339998E-1
 -1.1674000E+0	 -8.6089998E-1
 -1.1596000E+0	 -8.5939997E-1
 -1.1510000E+0	 -8.5790002E-1
 -1.1442000E+0	 -8.5670000E-1
 -1.1414000E+0	 -8.5560000E-1
 -1.1273000E+0	 -8.5280001E-1
 -1.1220000E+0	 -8.5180002E-1
 -1.1164000E+0	 -8.5089999E-1
 -1.1134000E+0	 -8.4969997E-1
 -1.0853000E+0	 -8.4390002E-1
 -1.0793999E+0	 -8.4249997E-1
 -1.0712000E+0	 -8.4140003E-1
 -1.0657001E+0	 -8.3920002E-1
 -1.0481000E+0	 -8.3520001E-1
 -1.0401000E+0	 -8.3340001E-1
 -1.0326999E+0	 -8.3190000E-1
 -1.0285000E+0	 -8.3020002E-1
 -1.0154999E+0	 -8.2709998E-1
 -1.0094000E+0	 -8.2560003E-1
 -1.0012000E+0	 -8.2410002E-1
 -9.9550003E-1	 -8.2160002E-1
 -9.7689998E-1	 -8.1660002E-1
 -9.7180003E-1	 -8.1500000E-1
 -9.6469998E-1	 -8.1360000E-1
 -9.5889997E-1	 -8.1089997E-1
 -9.5029998E-1	 -8.0830002E-1
 -9.4520003E-1	 -8.0690002E-1
 -9.3760002E-1	 -8.0510002E-1
 -9.3169999E-1	 -8.0210000E-1
 -9.2390001E-1	 -7.9949999E-1
 -9.2089999E-1	 -7.9850000E-1
 -9.1619998E-1	 -7.9720002E-1
 -9.1180003E-1	 -7.9500002E-1
 -9.0230000E-1	 -7.9170001E-1
 -8.9330000E-1	 -7.8880000E-1
 -8.8300002E-1	 -7.8460002E-1
 -8.7620002E-1	 -7.8119999E-1
 -8.6500001E-1	 -7.7620000E-1
 -8.5790002E-1	 -7.7230000E-1
 -8.5149997E-1	 -7.6650000E-1
 -8.4789997E-1	 -7.5970000E-1
 -8.3980000E-1	 -7.5319999E-1
 -8.3389997E-1	 -7.4910003E-1
 -8.2349998E-1	 -7.4360001E-1
 -8.1220001E-1	 -7.3210001E-1
 -7.9299998E-1	 -7.1670002E-1
 -7.8490001E-1	 -7.0749998E-1
 -7.7660000E-1	 -6.9950002E-1
 -7.6770002E-1	 -6.8680000E-1
 -7.5520003E-1	 -6.7330003E-1
 -7.4400002E-1	 -6.6310000E-1
 -7.3030001E-1	 -6.5060002E-1
 -7.1829998E-1	 -6.3650000E-1
 -7.0240003E-1	 -6.2199998E-1
 -6.9120002E-1	 -6.1280000E-1
 -6.7710000E-1	 -6.0320002E-1
 -6.6460001E-1	 -5.9100002E-1
 -6.5219998E-1	 -5.8069998E-1
 -6.4389998E-1	 -5.7389998E-1
 -6.3300002E-1	 -5.6590003E-1
 -6.2879997E-1	 -5.5980003E-1
 -6.2339997E-1	 -5.5500001E-1
 -6.1680001E-1	 -5.5000001E-1
 -6.0670000E-1	 -5.4210001E-1
 -5.9689999E-1	 -5.3189999E-1
 -5.8730000E-1	 -5.2280003E-1
 -5.7720000E-1	 -5.1419997E-1
 -5.6480002E-1	 -5.0160003E-1
 -5.5750000E-1	 -4.9300000E-1
 -5.5140001E-1	 -4.8580000E-1
 -5.4570001E-1	 -4.8050001E-1
 -5.3899997E-1	 -4.7310001E-1
 -5.3420001E-1	 -4.6750000E-1
 -5.2770001E-1	 -4.6100000E-1
 -5.2240002E-1	 -4.5559999E-1
 -5.1389998E-1	 -4.4850001E-1
 -5.0419998E-1	 -4.3799999E-1
 -4.9390000E-1	 -4.2739999E-1
 -4.8769999E-1	 -4.2050001E-1
 -4.8080000E-1	 -4.1370001E-1
 -4.7499999E-1	 -4.0720001E-1
 -4.6579999E-1	 -3.9870000E-1
 -4.6010000E-1	 -3.9260000E-1
 -4.5449999E-1	 -3.8690001E-1
 -4.5050001E-1	 -3.8220000E-1
 -4.4400001E-1	 -3.7650001E-1
 -4.3830001E-1	 -3.7140000E-1
 -4.2980000E-1	 -3.6449999E-1
 -4.2100000E-1	 -3.5560000E-1
 -4.1330001E-1	 -3.4779999E-1
 -4.0799999E-1	 -3.4299999E-1
 -4.0239999E-1	 -3.3780000E-1
 -3.9620000E-1	 -3.3160001E-1
 -3.8830000E-1	 -3.2470000E-1
 -3.8209999E-1	 -3.1900001E-1
 -3.7590000E-1	 -3.1320000E-1
 -3.7250000E-1	 -3.0970001E-1
 -3.6539999E-1	 -3.0390000E-1
 -3.5580000E-1	 -2.9679999E-1
 -3.4250000E-1	 -2.8520000E-1
 -3.3370000E-1	 -2.7689999E-1
 -3.2530001E-1	 -2.6572999E-1
 -3.1330001E-1	 -2.5887999E-1
 -3.0570000E-1	 -2.5290000E-1
 -2.9820001E-1	 -2.4568000E-1
 -2.9150000E-1	 -2.4005000E-1
 -2.8490001E-1	 -2.3506001E-1
 -2.7520001E-1	 -2.2777000E-1
 -2.6091000E-1	 -2.2005001E-1
 -2.5235000E-1	 -2.0864999E-1
 -2.4489000E-1	 -2.0237000E-1
 -2.3559000E-1	 -1.9569001E-1
 -2.2698000E-1	 -1.8804000E-1
 -2.1585999E-1	 -1.7972000E-1
 -2.0918000E-1	 -1.7388000E-1
 -2.0223001E-1	 -1.6906001E-1
 -1.9549000E-1	 -1.6316999E-1
 -1.8652000E-1	 -1.5668000E-1
 -1.7783999E-1	 -1.5017000E-1
 -1.6715001E-1	 -1.4218000E-1
 -1.5971000E-1	 -1.3601001E-1
 -1.5367000E-1	 -1.3130000E-1
 -1.4794999E-1	 -1.2695999E-1
 -1.3786000E-1	 -1.2085000E-1
 -1.2580000E-1	 -1.1116000E-1
 -1.1481000E-1	 -1.0279000E-1
 -1.0652000E-1	 -9.6699998E-2
 -9.7000003E-2	 -8.9840002E-2
 -9.0489998E-2	 -8.4370002E-2
 -8.1639998E-2	 -7.8129999E-2
 -7.4460000E-2	 -7.2999999E-2
 -6.5930001E-2	 -6.7129999E-2
 -5.8210000E-2	 -6.0849998E-2
 -4.4760000E-2	 -5.2040000E-2
 -3.3900000E-2	 -4.3990001E-2
 -2.2700001E-2	 -3.5900000E-2
 -1.6589999E-2	 -3.1199999E-2
 -1.1250000E-2	 -2.7310001E-2
 -8.3400002E-3	 -2.4189999E-2
 -5.3400001E-3	 -2.3190999E-2
 -4.1999999E-3	 -2.2173000E-2
 -3.0700001E-3	 -2.1353001E-2
 -2.3300000E-3	 -2.0769000E-2
 -1.7000000E-3	 -2.0315001E-2
 -1.2800000E-3	 -2.0010000E-2
 -1.0000000E-3	 -1.9783000E-2
 -8.1000000E-4	 -1.9623000E-2
 -6.3000002E-4	 -1.9484000E-2
 -5.5000000E-4	 -1.9415000E-2
 -4.6000001E-4	 -1.9340999E-2
 -4.1000001E-4	 -1.9300999E-2
 -3.6999999E-4	 -1.9267000E-2
 -3.4999999E-4	 -1.9229000E-2
 -3.1000000E-4	 -1.9212000E-2
 -2.9000000E-4	 -1.9199001E-2
 -2.9000000E-4	 -1.9180000E-2
 -2.8000001E-4	 -1.9169001E-2
 -2.2000000E-4	 -1.9146999E-2
 -1.2000000E-4	 -1.9074000E-2
 -2.9999999E-5	 -1.9007999E-2
 9.9999997E-6	 -1.8965000E-2
 5.9999998E-5	 -1.8929999E-2
 7.9999998E-5	 -1.8900000E-2
 1.1000000E-4	 -1.8882999E-2
 1.4000000E-4	 -1.8871000E-2
 1.4000000E-4	 -1.8859999E-2
 -4.9999999E-5	 -1.8900000E-2
 -1.2000000E-4	 -1.8931000E-2
 -1.7000000E-4	 -1.8944999E-2
 -1.7000000E-4	 -1.8955000E-2
 -1.7000000E-4	 -1.8943001E-2
 -1.7000000E-4	 -1.8942000E-2
 -1.8000000E-4	 -1.8944001E-2
 -1.6000000E-4	 -1.8949000E-2
 -1.5000001E-4	 -1.8944999E-2
 -1.6000000E-4	 -1.8947000E-2
 -1.3000000E-4	 -1.8925000E-2
 1.1000000E-4	 -1.8855000E-2
 1.6000000E-4	 -1.8831000E-2
 1.8000000E-4	 -1.8804001E-2
 1.9000001E-4	 -1.8802000E-2
 1.9999999E-4	 -1.8801000E-2
 2.1000000E-4	 -1.8794000E-2
 1.9999999E-4	 -1.8787000E-2
 1.9999999E-4	 -1.8796001E-2
 2.1000000E-4	 -1.8794000E-2
 2.1000000E-4	 -1.8786000E-2
 2.3000001E-4	 -1.8776000E-2
 2.2000000E-4	 -1.8779000E-2
 2.1000000E-4	 -1.8769000E-2
 2.2000000E-4	 -1.8765001E-2
 2.3000001E-4	 -1.8764000E-2
 2.2000000E-4	 -1.8757001E-2
 2.3000001E-4	 -1.8763000E-2
 2.3000001E-4	 -1.8755000E-2
 2.2000000E-4	 -1.8757001E-2
 2.1000000E-4	 -1.8758999E-2
 2.2000000E-4	 -1.8753000E-2
 2.2000000E-4	 -1.8753000E-2
 2.1000000E-4	 -1.8757001E-2
 2.1000000E-4	 -1.8750001E-2
 2.1000000E-4	 -1.8756000E-2
 2.1000000E-4	 -1.8743999E-2
 1.9999999E-4	 -1.8747000E-2
 1.9999999E-4	 -1.8746000E-2
 1.9999999E-4	 -1.8755000E-2
 1.9999999E-4	 -1.8743999E-2
 2.1000000E-4	 -1.8739000E-2
 1.9999999E-4	 -1.8739000E-2
 1.8000000E-4	 -1.8739000E-2
 2.1400000E-3	 -1.7681001E-2
 8.3100004E-3	 -1.4631000E-2
 1.2800000E-2	 -1.0666000E-2
 2.2080000E-2	 -8.5319998E-3
 3.9150000E-2	 1.0899000E-2
 5.5909999E-2	 4.1280001E-2
 7.2980002E-2	 5.0110001E-2
 8.6060002E-2	 6.4829998E-2
 9.7790003E-2	 7.9570003E-2
 1.1136000E-1	 9.6660003E-2
 1.2240000E-1	 1.1003000E-1
 1.3643000E-1	 1.2599000E-1
 1.4723000E-1	 1.3936000E-1
 1.5977000E-1	 1.5422000E-1
 1.6903000E-1	 1.6559000E-1
 1.8066999E-1	 1.7964000E-1
 1.8890999E-1	 1.8911999E-1
 1.9920000E-1	 1.9990000E-1
 2.0358001E-1	 2.0695999E-1
 2.1099000E-1	 2.1588001E-1
 2.1633001E-1	 2.2181000E-1
 2.2197001E-1	 2.2798000E-1
 2.2660001E-1	 2.3427001E-1
 2.3201001E-1	 2.4085000E-1
 2.3593000E-1	 2.4532001E-1
 2.4000999E-1	 2.5020999E-1
 2.4278000E-1	 2.5353000E-1
 2.4602000E-1	 2.5747001E-1
 2.4842000E-1	 2.6012999E-1
 2.5235000E-1	 2.6376000E-1
 2.5455001E-1	 2.6732999E-1
 2.5760001E-1	 2.7065000E-1
 2.5893000E-1	 2.7260000E-1
 2.6034999E-1	 2.7421001E-1
 2.6098001E-1	 2.7524999E-1
 2.6431000E-1	 2.7845001E-1
 2.6743001E-1	 2.8217000E-1
 2.7124000E-1	 2.8681001E-1
 2.7432001E-1	 2.9049000E-1
 2.7799001E-1	 2.9495001E-1
 2.8112999E-1	 2.9832000E-1
 2.8512001E-1	 3.0298001E-1
 2.8838000E-1	 3.0950001E-1
 2.9354000E-1	 3.1250000E-1
 2.9707000E-1	 3.1650001E-1
 3.0085000E-1	 3.2130000E-1
 3.0460000E-1	 3.2429999E-1
 3.0599999E-1	 3.2760000E-1
 3.0939999E-1	 3.3090001E-1
 3.1389999E-1	 3.3640000E-1
 3.1869999E-1	 3.4200001E-1
 3.2339999E-1	 3.4770000E-1
 3.2730001E-1	 3.5229999E-1
 3.3190000E-1	 3.5760000E-1
 3.3520001E-1	 3.6170000E-1
 3.4209999E-1	 3.6939999E-1
 3.4970000E-1	 3.7779999E-1
 3.6010000E-1	 3.8940001E-1
 3.6719999E-1	 3.9850000E-1
 3.7779999E-1	 4.1080001E-1
 3.8650000E-1	 4.2050001E-1
 3.9700001E-1	 4.3239999E-1
 4.0470001E-1	 4.4209999E-1
 4.1530001E-1	 4.5449999E-1
 4.2640001E-1	 4.6669999E-1
 4.4150001E-1	 4.8330000E-1
 4.5350000E-1	 4.9739999E-1
 4.6970001E-1	 5.1370001E-1
 4.8260000E-1	 5.2880001E-1
 4.9759999E-1	 5.4640001E-1
 5.0550002E-1	 5.5540001E-1
 5.1470000E-1	 5.6550002E-1
 5.2120000E-1	 5.7249999E-1
 5.2730000E-1	 5.7940000E-1
 5.3060001E-1	 5.8310002E-1
 5.3399998E-1	 5.8690000E-1
 5.3820002E-1	 5.9090000E-1
 5.5010003E-1	 5.9950000E-1
 5.5870003E-1	 6.1180001E-1
 5.7459998E-1	 6.2800002E-1
 5.8660001E-1	 6.3990003E-1
 6.0079998E-1	 6.5380001E-1
 6.1269999E-1	 6.6630000E-1
 6.3110000E-1	 6.8390000E-1
 6.4819998E-1	 6.9900000E-1
 6.7019999E-1	 7.1840000E-1
 6.8820000E-1	 7.3519999E-1
 7.0560002E-1	 7.5000000E-1
 7.1740001E-1	 7.5950003E-1
 7.3030001E-1	 7.6880002E-1
 7.4010003E-1	 7.7600002E-1
 7.5580001E-1	 7.8710002E-1
 7.6999998E-1	 7.9600000E-1
 7.8780001E-1	 8.0629998E-1
 8.0010003E-1	 8.1360000E-1
 8.2130003E-1	 8.2349998E-1
 8.3810002E-1	 8.3099997E-1
 8.6119998E-1	 8.3850002E-1
 8.7059999E-1	 8.4289998E-1
 8.8800001E-1	 8.4780002E-1
 8.9630002E-1	 8.4899998E-1
 9.0820003E-1	 8.5020000E-1
 9.1399997E-1	 8.5189998E-1
 9.3430001E-1	 8.5699999E-1
 9.4660002E-1	 8.5979998E-1
 9.6380001E-1	 8.6290002E-1
 9.7490001E-1	 8.6530000E-1
 1.0058000E+0	 8.7220001E-1
 1.0282000E+0	 8.7660003E-1
 1.0517000E+0	 8.7919998E-1
 1.0580000E+0	 8.8029999E-1
 1.0735000E+0	 8.8200003E-1
 1.0935000E+0	 8.8499999E-1
 1.1073999E+0	 8.8609999E-1
 1.1111000E+0	 8.8599998E-1
 1.1319000E+0	 8.8940001E-1
 1.1562001E+0	 8.9330000E-1
 1.1837000E+0	 8.9649999E-1
 1.1882000E+0	 8.9800000E-1
 1.2088000E+0	 9.0079999E-1
 1.2244000E+0	 9.0270001E-1
 1.2459000E+0	 9.0480000E-1
 1.2508000E+0	 9.0560001E-1
 1.2845000E+0	 9.1130000E-1
 1.3027000E+0	 9.1360003E-1
 1.3200001E+0	 9.1509998E-1
 1.3231000E+0	 9.1540003E-1
 1.3477000E+0	 9.1909999E-1
 1.3796999E+0	 9.2369998E-1
 1.4107000E+0	 9.2690003E-1
 1.4136000E+0	 9.2799997E-1
 1.4442000E+0	 9.3210000E-1
 1.4741000E+0	 9.3610001E-1
 1.4909000E+0	 9.3760002E-1
 1.4931000E+0	 9.3769997E-1
 1.5061001E+0	 9.3910003E-1
 1.5267000E+0	 9.4160002E-1
 1.5571001E+0	 9.4450003E-1
 1.5625000E+0	 9.4540000E-1
 1.5714000E+0	 9.4669998E-1
 1.5810000E+0	 9.4749999E-1
 1.6056000E+0	 9.4989997E-1
 1.6080000E+0	 9.5050001E-1
 1.6154000E+0	 9.5120001E-1
 1.6490000E+0	 9.5550001E-1
 1.7025000E+0	 9.6160001E-1
 1.7191000E+0	 9.6350002E-1
 1.7553999E+0	 9.6869999E-1
 1.7713000E+0	 9.7020000E-1
 1.7992001E+0	 9.7270000E-1
 1.8055000E+0	 9.7310001E-1
 1.8247000E+0	 9.7579998E-1
 1.8431000E+0	 9.7770000E-1
 1.8706000E+0	 9.8030001E-1
 1.8780000E+0	 9.8079997E-1
 1.8939000E+0	 9.8280001E-1
 1.9026000E+0	 9.8350000E-1
 1.9191000E+0	 9.8479998E-1
 1.9252000E+0	 9.8500001E-1
 1.9452000E+0	 9.8769999E-1
 1.9687999E+0	 9.9019998E-1
 2.0071001E+0	 9.9360001E-1
 2.0135000E+0	 9.9419999E-1
 2.0380001E+0	 9.9730003E-1
 2.0638001E+0	 9.9989998E-1
 2.0759001E+0	 1.0008000E+0
 2.0797000E+0	 1.0008000E+0
 2.0926001E+0	 1.0024000E+0
 2.1215999E+0	 1.0053000E+0
 2.1489000E+0	 1.0078000E+0
 2.1580000E+0	 1.0081000E+0
 2.1691000E+0	 1.0098000E+0
 2.1924000E+0	 1.0120000E+0
 2.2063999E+0	 1.0131000E+0
 2.2149000E+0	 1.0132999E+0
 2.2297001E+0	 1.0153000E+0
 2.2748001E+0	 1.0197999E+0
 2.3023000E+0	 1.0222000E+0
 2.3113000E+0	 1.0225000E+0
 2.3204000E+0	 1.0239000E+0
 2.3352001E+0	 1.0252000E+0
 2.3522000E+0	 1.0265000E+0
 2.3656001E+0	 1.0267000E+0
 2.3831999E+0	 1.0295000E+0
 2.4202001E+0	 1.0329000E+0
 2.4440000E+0	 1.0349000E+0
 2.4591000E+0	 1.0353000E+0
 2.4784999E+0	 1.0381000E+0
 2.5048001E+0	 1.0405000E+0
 2.5518999E+0	 1.0444000E+0
 2.5676999E+0	 1.0448999E+0
 2.5775001E+0	 1.0468000E+0
 2.6008000E+0	 1.0488000E+0
 2.6087000E+0	 1.0493000E+0
 2.6113999E+0	 1.0493000E+0
 2.6133001E+0	 1.0495000E+0
 2.6194999E+0	 1.0499001E+0
 2.6331000E+0	 1.0509000E+0
 2.6550000E+0	 1.0513000E+0
 2.6682000E+0	 1.0540000E+0
 2.6740999E+0	 1.0544000E+0
 2.6824000E+0	 1.0549001E+0
 2.6893001E+0	 1.0551000E+0
 2.6935999E+0	 1.0558000E+0
 2.7053001E+0	 1.0567000E+0
 2.7054000E+0	 1.0566000E+0
 2.7063999E+0	 1.0565000E+0
 2.7204001E+0	 1.0565000E+0
 2.7516999E+0	 1.0604000E+0
 2.8178999E+0	 1.0659000E+0
 2.8220999E+0	 1.0662000E+0
 2.8234999E+0	 1.0664001E+0
 2.8638000E+0	 1.0699000E+0
 2.8928001E+0	 1.0721000E+0
 2.9140000E+0	 1.0729001E+0
 2.9216001E+0	 1.0745000E+0
 2.9319000E+0	 1.0753000E+0
 2.9363000E+0	 1.0755000E+0
 2.9366000E+0	 1.0754000E+0
 2.9367001E+0	 1.0753000E+0
 2.9370000E+0	 1.0753000E+0
 2.9373000E+0	 1.0752000E+0
 2.9375000E+0	 1.0750999E+0
 2.9375999E+0	 1.0750000E+0
 2.9377000E+0	 1.0750000E+0
 2.9381001E+0	 1.0749000E+0
 2.9380000E+0	 1.0748000E+0
 2.9382999E+0	 1.0748000E+0
 2.9382999E+0	 1.0747000E+0
 2.9382999E+0	 1.0746000E+0
 2.9384000E+0	 1.0746000E+0
 2.9382999E+0	 1.0745000E+0
 2.9208000E+0	 1.0731000E+0
 2.8484001E+0	 1.0676000E+0
 2.8076999E+0	 1.0657001E+0
 2.7967000E+0	 1.0631000E+0
 2.7644000E+0	 1.0604000E+0
 2.7393000E+0	 1.0584000E+0
 2.7249999E+0	 1.0578001E+0
 2.7212999E+0	 1.0568000E+0
 2.6863999E+0	 1.0538000E+0
 2.6619000E+0	 1.0517000E+0
 2.6362000E+0	 1.0506001E+0
 2.6287000E+0	 1.0487000E+0
 2.5985000E+0	 1.0461000E+0
 2.5734999E+0	 1.0440000E+0
 2.5541999E+0	 1.0431000E+0
 2.5492001E+0	 1.0417000E+0
 2.5253000E+0	 1.0395000E+0
 2.5065999E+0	 1.0379000E+0
 2.4854000E+0	 1.0369999E+0
 2.4798000E+0	 1.0353000E+0
 2.4533000E+0	 1.0329000E+0
 2.4382999E+0	 1.0315000E+0
 2.4270999E+0	 1.0310000E+0
 2.4240000E+0	 1.0301000E+0
 2.3968000E+0	 1.0275000E+0
 2.3794999E+0	 1.0260000E+0
 2.3566000E+0	 1.0249000E+0
 2.3511000E+0	 1.0232000E+0
 2.3178000E+0	 1.0199000E+0
 2.3008001E+0	 1.0184000E+0
 2.2818000E+0	 1.0166000E+0
 2.2758999E+0	 1.0158000E+0
 2.2521000E+0	 1.0135000E+0
 2.1987000E+0	 1.0082999E+0
 2.1854999E+0	 1.0074000E+0
 2.1816001E+0	 1.0063000E+0
 2.1712999E+0	 1.0053000E+0
 2.1549001E+0	 1.0037000E+0
 2.1464000E+0	 1.0031000E+0
 2.1434000E+0	 1.0025001E+0
 2.1183000E+0	 9.9980003E-1
 2.1031001E+0	 9.9820000E-1
 2.0952001E+0	 9.9760002E-1
 2.0929000E+0	 9.9699998E-1
 2.0739000E+0	 9.9500000E-1
 2.0566001E+0	 9.9330002E-1
 2.0508001E+0	 9.9280000E-1
 2.0494001E+0	 9.9239999E-1
 2.0483999E+0	 9.9229997E-1
 2.0487001E+0	 9.9229997E-1
 2.0481000E+0	 9.9220002E-1
 2.0480001E+0	 9.9220002E-1
 2.0359001E+0	 9.9089998E-1
 2.0222001E+0	 9.8949999E-1
 2.0179000E+0	 9.8909998E-1
 2.0170000E+0	 9.8879999E-1
 2.0107000E+0	 9.8809999E-1
 1.9586000E+0	 9.8259997E-1
 1.9497000E+0	 9.8180002E-1
 1.9478000E+0	 9.8110002E-1
 1.9280000E+0	 9.7890002E-1
 1.9167000E+0	 9.7770000E-1
 1.9093000E+0	 9.7700000E-1
 1.9073000E+0	 9.7649997E-1
 1.8868999E+0	 9.7420001E-1
 1.8831000E+0	 9.7369999E-1
 1.8563000E+0	 9.7200000E-1
 1.8494000E+0	 9.6980000E-1
 1.8226000E+0	 9.6660000E-1
 1.7786000E+0	 9.6160001E-1
 1.7509000E+0	 9.5920002E-1
 1.7428000E+0	 9.5679998E-1
 1.7400000E+0	 9.5649999E-1
 1.7390000E+0	 9.5639998E-1
 1.7288001E+0	 9.5560002E-1
 1.7255000E+0	 9.5459998E-1
 1.7217000E+0	 9.5410001E-1
 1.7154000E+0	 9.5340002E-1
 1.7035000E+0	 9.5220000E-1
 1.6997000E+0	 9.5130002E-1
 1.6942000E+0	 9.5060003E-1
 1.6896000E+0	 9.5010000E-1
 1.6799001E+0	 9.4929999E-1
 1.6782000E+0	 9.4859999E-1
 1.6594000E+0	 9.4610000E-1
 1.6537000E+0	 9.4540000E-1
 1.6454000E+0	 9.4470000E-1
 1.6433001E+0	 9.4389999E-1
 1.6336000E+0	 9.4270003E-1
 1.6294000E+0	 9.4209999E-1
 1.6272000E+0	 9.4190001E-1
 1.6266000E+0	 9.4169998E-1
 1.6207000E+0	 9.4090003E-1
 1.6183000E+0	 9.4059998E-1
 1.6154000E+0	 9.4029999E-1
 1.6145999E+0	 9.4000000E-1
 1.6088001E+0	 9.3919998E-1
 1.6059000E+0	 9.3889999E-1
 1.5987999E+0	 9.3830001E-1
 1.5971000E+0	 9.3769997E-1
 1.5900000E+0	 9.3669999E-1
 1.5890000E+0	 9.3650001E-1
 1.5878000E+0	 9.3640000E-1
 1.5875000E+0	 9.3629998E-1
 1.5844001E+0	 9.3589997E-1
 1.5814000E+0	 9.3550003E-1
 1.5788000E+0	 9.3519998E-1
 1.5779999E+0	 9.3500000E-1
 1.5719000E+0	 9.3409997E-1
 1.5696000E+0	 9.3379998E-1
 1.5650001E+0	 9.3339998E-1
 1.5635999E+0	 9.3290001E-1
 1.5575000E+0	 9.3210000E-1
 1.5491000E+0	 9.3099999E-1
 1.5389000E+0	 9.2989999E-1
 1.5358000E+0	 9.2900002E-1
 1.5171000E+0	 9.2640001E-1
 1.5139000E+0	 9.2589998E-1
 1.5125999E+0	 9.2570001E-1
 1.5123000E+0	 9.2559999E-1
 1.5089000E+0	 9.2510003E-1
 1.5007000E+0	 9.2400002E-1
 1.4951000E+0	 9.2330003E-1
 1.4931999E+0	 9.2280000E-1
 1.4802001E+0	 9.2089999E-1
 1.4655000E+0	 9.1890001E-1
 1.4560000E+0	 9.1769999E-1
 1.4531000E+0	 9.1680002E-1
 1.4411000E+0	 9.1500002E-1
 1.4360000E+0	 9.1420001E-1
 1.4347000E+0	 9.1399997E-1
 1.4342999E+0	 9.1390002E-1
 1.4287000E+0	 9.1299999E-1
 1.4191000E+0	 9.1159999E-1
 1.4152000E+0	 9.1109997E-1
 1.4140000E+0	 9.1070002E-1
 1.4095000E+0	 9.1000003E-1
 1.4018000E+0	 9.0890002E-1
 1.3979000E+0	 9.0840000E-1
 1.3969001E+0	 9.0799999E-1
 1.3842000E+0	 9.0600002E-1
 1.3686000E+0	 9.0359998E-1
 1.3661000E+0	 9.0310001E-1
 1.3655000E+0	 9.0289998E-1
 1.3654000E+0	 9.0289998E-1
 1.3650000E+0	 9.0289998E-1
 1.3602999E+0	 9.0240002E-1
 1.3580000E+0	 9.0179998E-1
 1.3487000E+0	 9.0020001E-1
 1.3486000E+0	 9.0009999E-1
 1.3486000E+0	 9.0009999E-1
 1.3386000E+0	 8.9850003E-1
 1.3311000E+0	 8.9730000E-1
 1.3176000E+0	 8.9560002E-1
 1.3135000E+0	 8.9429998E-1
 1.3037000E+0	 8.9260000E-1
 1.2995000E+0	 8.9190000E-1
 1.2908000E+0	 8.9080000E-1
 1.2879000E+0	 8.8980001E-1
 1.2812999E+0	 8.8870001E-1
 1.2728000E+0	 8.8730001E-1
 1.2678000E+0	 8.8650000E-1
 1.2661999E+0	 8.8599998E-1
 1.2568001E+0	 8.8429999E-1
 1.2523000E+0	 8.8349998E-1
 1.2502000E+0	 8.8319999E-1
 1.2496001E+0	 8.8300002E-1
 1.2413000E+0	 8.8150001E-1
 1.2234000E+0	 8.7849998E-1
 1.2177000E+0	 8.7739998E-1
 1.2160000E+0	 8.7680000E-1
 1.2098000E+0	 8.7559998E-1
 1.1912000E+0	 8.7239999E-1
 1.1839000E+0	 8.7099999E-1
 1.1816000E+0	 8.7019998E-1
 1.1667000E+0	 8.6739999E-1
 1.1547000E+0	 8.6510003E-1
 1.1433001E+0	 8.6330003E-1
 1.1387000E+0	 8.6159998E-1
 1.1186000E+0	 8.5750002E-1
 1.1148000E+0	 8.5659999E-1
 1.1127000E+0	 8.5619998E-1
 1.1118000E+0	 8.5589999E-1
 1.1039000E+0	 8.5420001E-1
 1.0936000E+0	 8.5210001E-1
 1.0835000E+0	 8.5030001E-1
 1.0792000E+0	 8.4869999E-1
 1.0731000E+0	 8.4729999E-1
 1.0681000E+0	 8.4619999E-1
 1.0604000E+0	 8.4500003E-1
 1.0570000E+0	 8.4350002E-1
 1.0355999E+0	 8.3850002E-1
 1.0316000E+0	 8.3740002E-1
 1.0302000E+0	 8.3700001E-1
 1.0297000E+0	 8.3679998E-1
 1.0057000E+0	 8.3090001E-1
 1.0005000E+0	 8.2940000E-1
 9.9949998E-1	 8.2889998E-1
 9.9919999E-1	 8.2870001E-1
 9.9860001E-1	 8.2849997E-1
 9.9409997E-1	 8.2730001E-1
 9.8860002E-1	 8.2590002E-1
 9.8570001E-1	 8.2480001E-1
 9.8150003E-1	 8.2359999E-1
 9.7930002E-1	 8.2290000E-1
 9.7820002E-1	 8.2249999E-1
 9.7780001E-1	 8.2230002E-1
 9.7579998E-1	 8.2160002E-1
 9.6149999E-1	 8.1790000E-1
 9.5819998E-1	 8.1650001E-1
 9.5749998E-1	 8.1599998E-1
 9.5679998E-1	 8.1569999E-1
 9.5560002E-1	 8.1529999E-1
 9.5029998E-1	 8.1389999E-1
 9.4889998E-1	 8.1320000E-1
 9.4270003E-1	 8.1120002E-1
 9.3849999E-1	 8.0989999E-1
 9.3250000E-1	 8.0830002E-1
 9.2919999E-1	 8.0659997E-1
 9.2799997E-1	 8.0599999E-1
 9.2670000E-1	 8.0549997E-1
 9.1970003E-1	 8.0390000E-1
 9.1509998E-1	 8.0150002E-1
 9.0490001E-1	 7.9769999E-1
 9.0160000E-1	 7.9629999E-1
 8.9990002E-1	 7.9540002E-1
 8.9920002E-1	 7.9490000E-1
 8.9679998E-1	 7.9390001E-1
 8.9279997E-1	 7.9240000E-1
 8.8480002E-1	 7.8990000E-1
 8.7949997E-1	 7.8659999E-1
 8.7570000E-1	 7.8460002E-1
 8.7349999E-1	 7.8320003E-1
 8.6930001E-1	 7.8109998E-1
 8.6799997E-1	 7.7969998E-1
 8.6619997E-1	 7.7829999E-1
 8.6299998E-1	 7.7640003E-1
 8.5990000E-1	 7.7420002E-1
 8.5890001E-1	 7.7289999E-1
 8.5399997E-1	 7.6980001E-1
 8.4939998E-1	 7.6639998E-1
 8.4520000E-1	 7.6249999E-1
 8.4369999E-1	 7.5980002E-1
 8.3749998E-1	 7.5400001E-1
 8.2920003E-1	 7.4629998E-1
 8.2270002E-1	 7.3989999E-1
 8.1999999E-1	 7.3689997E-1
 8.1660002E-1	 7.3379999E-1
 8.1419998E-1	 7.3159999E-1
 8.1050003E-1	 7.2850001E-1
 8.0830002E-1	 7.2619998E-1
 8.0419999E-1	 7.2250003E-1
 8.0049998E-1	 7.1920002E-1
 7.9830003E-1	 7.1619999E-1
 7.9670000E-1	 7.1460003E-1
 7.9310000E-1	 7.1109998E-1
 7.8799999E-1	 7.0660001E-1
 7.8149998E-1	 6.9989997E-1
 7.7749997E-1	 6.9440001E-1
 7.7209997E-1	 6.8720001E-1
 7.6690000E-1	 6.8129998E-1
 7.5980002E-1	 6.7420000E-1
 7.5559998E-1	 6.6939998E-1
 7.5279999E-1	 6.6610003E-1
 7.4930000E-1	 6.6310000E-1
 7.4290001E-1	 6.5759999E-1
 7.3820001E-1	 6.5259999E-1
 7.3180002E-1	 6.4600003E-1
 7.2729999E-1	 6.4170003E-1
 7.2240001E-1	 6.3700002E-1
 7.1929997E-1	 6.3429999E-1
 7.1600002E-1	 6.3160002E-1
 7.1370000E-1	 6.2980002E-1
 7.1200001E-1	 6.2830001E-1
 7.1120000E-1	 6.2760001E-1
 7.0969999E-1	 6.2639999E-1
 7.0490003E-1	 6.2339997E-1
 6.9919997E-1	 6.1919999E-1
 6.9650000E-1	 6.1659998E-1
 6.8910003E-1	 6.1089998E-1
 6.8049997E-1	 6.0470003E-1
 6.7339998E-1	 5.9840000E-1
 6.7009997E-1	 5.9539998E-1
 6.6710001E-1	 5.9270000E-1
 6.6339999E-1	 5.9009999E-1
 6.5840000E-1	 5.8600003E-1
 6.5469998E-1	 5.8279997E-1
 6.4410001E-1	 5.7370001E-1
 6.3000000E-1	 5.6360000E-1
 6.1530000E-1	 5.5030000E-1
 6.0570002E-1	 5.4149997E-1
 5.9500003E-1	 5.3130001E-1
 5.8920002E-1	 5.2600002E-1
 5.8469999E-1	 5.2130002E-1
 5.8230001E-1	 5.1870000E-1
 5.7599998E-1	 5.1279998E-1
 5.6669998E-1	 5.0540000E-1
 5.5919999E-1	 4.9710000E-1
 5.5530000E-1	 4.9250001E-1
 5.5119997E-1	 4.8800001E-1
 5.4850000E-1	 4.8500001E-1
 5.4549998E-1	 4.8170000E-1
 5.4320002E-1	 4.7920001E-1
 5.3439999E-1	 4.7119999E-1
 5.2460003E-1	 4.6290001E-1
 5.1260000E-1	 4.5100001E-1
 5.0449997E-1	 4.4190001E-1
 4.9200001E-1	 4.2890000E-1
 4.8109999E-1	 4.1850001E-1
 4.7099999E-1	 4.0790001E-1
 4.6640000E-1	 4.0180001E-1
 4.6039999E-1	 3.9550000E-1
 4.5030001E-1	 3.8690001E-1
 4.3959999E-1	 3.7639999E-1
 4.3290001E-1	 3.6950001E-1
 4.1819999E-1	 3.5620001E-1
 4.0680000E-1	 3.4580001E-1
 3.9460000E-1	 3.3370000E-1
 3.8580000E-1	 3.2550001E-1
 3.7729999E-1	 3.1690001E-1
 3.7079999E-1	 3.1090000E-1
 3.6149999E-1	 3.0320001E-1
 3.5440001E-1	 2.9660001E-1
 3.4410000E-1	 2.8749999E-1
 3.3849999E-1	 2.8230000E-1
 3.2490000E-1	 2.7239999E-1
 3.1259999E-1	 2.5198999E-1
 2.9269999E-1	 2.4491000E-1
 2.8439999E-1	 2.3698001E-1
 2.7469999E-1	 2.2892000E-1
 2.6016000E-1	 2.2296000E-1
 2.5218001E-1	 2.1141000E-1
 2.4198000E-1	 2.0239000E-1
 2.3067001E-1	 1.9328000E-1
 2.2310001E-1	 1.8708999E-1
 2.1411000E-1	 1.7974000E-1
 1.9901000E-1	 1.6936000E-1
 1.8099000E-1	 1.5537000E-1
 1.6772000E-1	 1.4495000E-1
 1.5676001E-1	 1.3582000E-1
 1.4313000E-1	 1.2615000E-1
 1.2252000E-1	 1.1143000E-1
 1.0519000E-1	 9.7860001E-2
 8.5960001E-2	 8.3669998E-2
 7.1740001E-2	 7.3349997E-2
 5.7319999E-2	 6.2579997E-2
 4.7869999E-2	 5.5380002E-2
 3.3690002E-2	 4.5200001E-2
 2.4380000E-2	 3.8460001E-2
 1.6500000E-2	 3.2520000E-2
 1.2080000E-2	 2.9100001E-2
 8.3299996E-3	 2.4977000E-2
 5.5999998E-3	 2.3948001E-2
 4.3600001E-3	 2.2999000E-2
 3.2599999E-3	 2.2229999E-2
 2.3200000E-3	 2.1535000E-2
 1.7900000E-3	 2.1102000E-2
 1.3300000E-3	 2.0759000E-2
 1.0500000E-3	 2.0550000E-2
 8.1000000E-4	 2.0353001E-2
 6.6999998E-4	 2.0245001E-2
 5.5000000E-4	 2.0141000E-2
 4.7000000E-4	 2.0075999E-2
 3.9999999E-4	 2.0018000E-2
 3.6000001E-4	 1.9986000E-2
 3.1999999E-4	 1.9958001E-2
 3.0000001E-4	 1.9928999E-2
 2.8000001E-4	 1.9917000E-2
 1.7000000E-4	 1.9862000E-2
 5.9999998E-5	 1.9773001E-2
 0.0000000E+0	 1.9726001E-2
 -3.9999999E-5	 1.9698000E-2
 -7.0000002E-5	 1.9665999E-2
 -1.1000000E-4	 1.9639000E-2
 -1.2000000E-4	 1.9626999E-2
 -1.3000000E-4	 1.9598000E-2
 -1.4000000E-4	 1.9586001E-2
 -1.4000000E-4	 1.9578001E-2
 -1.3000000E-4	 1.9571999E-2
 -1.3000000E-4	 1.9574000E-2
 -1.4000000E-4	 1.9564999E-2
 -1.4000000E-4	 1.9556001E-2
 -1.5000001E-4	 1.9552000E-2
 -1.4000000E-4	 1.9548999E-2
 -1.5000001E-4	 1.9543000E-2
 -1.5000001E-4	 1.9543000E-2
 -1.6000000E-4	 1.9535000E-2
 -1.6000000E-4	 1.9533999E-2
 -1.6000000E-4	 1.9536000E-2
 -1.7000000E-4	 1.9531000E-2
 -1.5000001E-4	 1.9533001E-2
 -1.7000000E-4	 1.9522000E-2
 -1.5000001E-4	 1.9528000E-2
 -1.7000000E-4	 1.9525999E-2
 -1.6000000E-4	 1.9517001E-2
 -1.7000000E-4	 1.9512000E-2
 -1.7000000E-4	 1.9512000E-2
 -1.6000000E-4	 1.9510999E-2
 -1.6000000E-4	 1.9521000E-2
 -1.7000000E-4	 1.9507000E-2
 -1.5000001E-4	 1.9514000E-2
 -1.5000001E-4	 1.9512000E-2
 -1.5000001E-4	 1.9502999E-2
 -1.6000000E-4	 1.9501001E-2
 -1.5000001E-4	 1.9499000E-2
 -1.5000001E-4	 1.9498000E-2
 -1.6000000E-4	 1.9502999E-2
 -1.6000000E-4	 1.9499000E-2
 -1.7000000E-4	 1.9499000E-2
 -1.6000000E-4	 1.9490000E-2
 -1.7000000E-4	 1.9487999E-2
 -1.7000000E-4	 1.9490000E-2
 -1.6000000E-4	 1.9491000E-2
 -1.5000001E-4	 1.9492000E-2
 -1.8000000E-4	 1.9477000E-2
 -1.9000001E-4	 1.9483000E-2
 -1.9000001E-4	 1.9472999E-2
 -1.9999999E-4	 1.9470001E-2
 -1.9999999E-4	 1.9471001E-2
 -1.9999999E-4	 1.9463999E-2
 -2.1000000E-4	 1.9458000E-2
 -1.9999999E-4	 1.9455001E-2
 -1.9999999E-4	 1.9454001E-2
 -2.1000000E-4	 1.9451000E-2
 -2.2000000E-4	 1.9444000E-2
 -2.1000000E-4	 1.9446000E-2
 -2.2000000E-4	 1.9440001E-2
 -2.1000000E-4	 1.9445000E-2
 -2.1000000E-4	 1.9446000E-2
 -1.9000001E-4	 1.9440999E-2
 -1.9999999E-4	 1.9450000E-2
 -1.9000001E-4	 1.9447999E-2
 -1.9000001E-4	 1.9455999E-2
 -1.7000000E-4	 1.9462001E-2
 -1.9000001E-4	 1.9455001E-2
 -1.9000001E-4	 1.9454001E-2
 -1.8000000E-4	 1.9451000E-2
 -1.7000000E-4	 1.9452000E-2
 -1.6000000E-4	 1.9456999E-2
 -1.6000000E-4	 1.9454001E-2
 -1.7000000E-4	 1.9447999E-2
 -1.7000000E-4	 1.9448999E-2
 -1.5000001E-4	 1.9453000E-2
 -1.7000000E-4	 1.9435000E-2
 -1.8000000E-4	 1.9433999E-2
 -1.7000000E-4	 1.9443000E-2
 -1.6000000E-4	 1.9447001E-2
 -1.5000001E-4	 1.9452000E-2
 -1.5000001E-4	 1.9447999E-2
 -1.5000001E-4	 1.9446000E-2
 -1.6000000E-4	 1.9447999E-2
 -1.8000000E-4	 1.9440001E-2
 -1.9000001E-4	 1.9430000E-2
 -1.9000001E-4	 1.9421000E-2
 -1.8000000E-4	 1.9440999E-2
 -1.7000000E-4	 1.9431001E-2
 -1.7000000E-4	 1.9438000E-2
 -1.6000000E-4	 1.9441999E-2
 -1.7000000E-4	 1.9444000E-2
 -1.8000000E-4	 1.9440999E-2
 -1.9999999E-4	 1.9437000E-2
 -1.8000000E-4	 1.9430000E-2
 -1.8000000E-4	 1.9431001E-2
 -1.7000000E-4	 1.9424999E-2
 -1.6000000E-4	 1.9435000E-2
 -1.7000000E-4	 1.9429000E-2
 -1.8000000E-4	 1.9439001E-2
 -1.6000000E-4	 1.9446000E-2
 -1.7000000E-4	 1.9427000E-2
 -1.8000000E-4	 1.9437000E-2
 -1.7000000E-4	 1.9431001E-2
 -1.6000000E-4	 1.9428000E-2
 -1.6000000E-4	 1.9436000E-2
 -1.6000000E-4	 1.9431001E-2
 -1.5000001E-4	 1.9432999E-2
 -1.6000000E-4	 1.9420000E-2
 -1.7000000E-4	 1.9425999E-2
 -1.7000000E-4	 1.9420000E-2
 -1.8000000E-4	 1.9419000E-2
 -1.8000000E-4	 1.9416001E-2
 -1.9000001E-4	 1.9409999E-2
 -1.9000001E-4	 1.9413000E-2
 -1.9000001E-4	 1.9414000E-2
 -1.8000000E-4	 1.9409999E-2
 -1.9000001E-4	 1.9410999E-2
 -1.8000000E-4	 1.9409999E-2
 -1.7000000E-4	 1.9416999E-2
 -1.7000000E-4	 1.9421000E-2
 -1.8000000E-4	 1.9414000E-2
 -1.9000001E-4	 1.9414000E-2
 -1.8000000E-4	 1.9424001E-2
 -1.7000000E-4	 1.9433999E-2
 -1.7000000E-4	 1.9427000E-2
 -1.8000000E-4	 1.9419000E-2
 -1.7000000E-4	 1.9416001E-2
 -1.9000001E-4	 1.9407000E-2
 -1.8000000E-4	 1.9415000E-2
 -1.7000000E-4	 1.9420000E-2
 -1.9999999E-4	 1.9409999E-2
 -1.9000001E-4	 1.9409001E-2
 -2.1000000E-4	 1.9409001E-2
 -1.9000001E-4	 1.9410999E-2
 -1.9999999E-4	 1.9409001E-2
 -1.9999999E-4	 1.9409001E-2
 -1.8000000E-4	 1.9405000E-2
 -1.8000000E-4	 1.9414000E-2
 -1.7000000E-4	 1.9410999E-2
 -1.9999999E-4	 1.9408001E-2
 -2.2000000E-4	 1.9401999E-2
 -2.1000000E-4	 1.9404000E-2
 -2.2000000E-4	 1.9399000E-2
 -2.2000000E-4	 1.9400001E-2
 -2.1000000E-4	 1.9401001E-2
 -1.9000001E-4	 1.9393001E-2
 -2.1000000E-4	 1.9401001E-2
 -1.9999999E-4	 1.9407000E-2
 -1.9999999E-4	 1.9396000E-2
 -1.9999999E-4	 1.9401999E-2
 -1.9000001E-4	 1.9396000E-2
 -1.9000001E-4	 1.9394999E-2
 -1.8000000E-4	 1.9397000E-2
 -1.7000000E-4	 1.9410999E-2
 -1.7000000E-4	 1.9412000E-2
 -1.7000000E-4	 1.9400001E-2
 -1.8000000E-4	 1.9406000E-2
 -1.9000001E-4	 1.9391000E-2
 -1.9999999E-4	 1.9389000E-2
 -1.9000001E-4	 1.9393001E-2
 -2.1000000E-4	 1.9385001E-2
 -1.9999999E-4	 1.9383000E-2
 -1.9000001E-4	 1.9388000E-2
 -1.8000000E-4	 1.9391000E-2
 -1.9000001E-4	 1.9394999E-2
 -2.1000000E-4	 1.9391000E-2
 -1.9999999E-4	 1.9391000E-2
 -2.1000000E-4	 1.9384000E-2
 -1.9999999E-4	 1.9394999E-2
 -1.7000000E-4	 1.9397000E-2
 -1.8000000E-4	 1.9390000E-2
 -1.8000000E-4	 1.9393999E-2
 -1.9999999E-4	 1.9389000E-2
 -2.1000000E-4	 1.9386001E-2
 -1.9999999E-4	 1.9386999E-2
 -1.9999999E-4	 1.9379999E-2
 -1.9999999E-4	 1.9382000E-2
 -1.9999999E-4	 1.9390000E-2
 -1.9999999E-4	 1.9383000E-2
 -1.9999999E-4	 1.9384000E-2
 -1.9000001E-4	 1.9385001E-2
 -1.8000000E-4	 1.9385001E-2
 -1.8000000E-4	 1.9381000E-2
 -1.8000000E-4	 1.9392001E-2
 -1.8000000E-4	 1.9392001E-2
 -1.8000000E-4	 1.9394999E-2
 -1.8000000E-4	 1.9386001E-2
 -1.8000000E-4	 1.9393001E-2
 -1.8000000E-4	 1.9392001E-2
 -1.9000001E-4	 1.9388000E-2
 -1.9000001E-4	 1.9391000E-2
 -1.8000000E-4	 1.9384000E-2
 -1.8000000E-4	 1.9396000E-2
 -1.9000001E-4	 1.9389000E-2
 -1.9000001E-4	 1.9392001E-2
 -1.9999999E-4	 1.9381000E-2
 -2.1000000E-4	 1.9378999E-2
 -1.9999999E-4	 1.9381000E-2
 -1.9999999E-4	 1.9373000E-2
 -1.9999999E-4	 1.9383000E-2
 -1.9000001E-4	 1.9378999E-2
 -1.9999999E-4	 1.9379999E-2
 -2.1000000E-4	 1.9371999E-2
 -2.1000000E-4	 1.9363999E-2
 -1.9999999E-4	 1.9373000E-2
 -1.9999999E-4	 1.9370999E-2
 -1.9000001E-4	 1.9376000E-2
 -1.8000000E-4	 1.9390000E-2
 -1.9000001E-4	 1.9383000E-2
 -1.9000001E-4	 1.9374000E-2
 -1.9000001E-4	 1.9378001E-2
 -1.9999999E-4	 1.9374000E-2
 -1.9000001E-4	 1.9368000E-2
 -1.9999999E-4	 1.9379999E-2
 -1.9000001E-4	 1.9374000E-2
 -1.9999999E-4	 1.9375000E-2
 -2.1000000E-4	 1.9371999E-2
 -2.2000000E-4	 1.9366000E-2
 -2.3000001E-4	 1.9365000E-2
 -2.2000000E-4	 1.9367000E-2
 -2.1000000E-4	 1.9361001E-2
 -1.6000000E-4	 1.9365000E-2
 -1.8000000E-4	 1.9375000E-2
 -1.5000001E-4	 1.9385001E-2
 -1.6000000E-4	 1.9381000E-2
 -1.5000001E-4	 1.9381000E-2
 -1.5000001E-4	 1.9383000E-2
 -1.8000000E-4	 1.9369001E-2
 -1.9000001E-4	 1.9362001E-2
 -1.8000000E-4	 1.9365000E-2
 -1.8000000E-4	 1.9369001E-2
 -1.9000001E-4	 1.9370999E-2
 -1.7000000E-4	 1.9384000E-2
 -1.6000000E-4	 1.9386999E-2
 -1.7000000E-4	 1.9370999E-2
 -1.6000000E-4	 1.9368000E-2
 -1.6000000E-4	 1.9362001E-2
 -1.6000000E-4	 1.9370999E-2
 -1.7000000E-4	 1.9370999E-2
 -1.7000000E-4	 1.9378999E-2
