I (A)          B (T)      -2.2000000E-4	 2.8710000E-3
 -2.2000000E-4	 2.8669999E-3
 -2.6000000E-4	 2.8639999E-3
 -2.3000001E-4	 2.8619999E-3
 -2.5000001E-4	 2.8649999E-3
 -2.3999999E-4	 2.8530001E-3
 -2.3000001E-4	 2.8520001E-3
 -2.2000000E-4	 2.8639999E-3
 -2.1000000E-4	 2.8570001E-3
 -2.3000001E-4	 2.8540001E-3
 -2.1000000E-4	 2.8580001E-3
 -1.9999999E-4	 2.8570001E-3
 -2.1000000E-4	 2.8530001E-3
 -2.1000000E-4	 2.8609999E-3
 -2.2000000E-4	 2.8659999E-3
 -2.3999999E-4	 2.8609999E-3
 -2.3999999E-4	 2.8659999E-3
 -2.3000001E-4	 2.8800000E-3
 -2.2000000E-4	 2.8680000E-3
 -2.1000000E-4	 2.8710000E-3
 -2.3000001E-4	 2.8619999E-3
 -2.3999999E-4	 2.8580001E-3
 -2.3000001E-4	 2.8570001E-3
 -1.9999999E-4	 2.8609999E-3
 -1.9000001E-4	 2.8659999E-3
 -2.1000000E-4	 2.8629999E-3
 -1.9999999E-4	 2.8609999E-3
 -1.9999999E-4	 2.8750000E-3
 -1.9000001E-4	 2.8639999E-3
 -1.7000000E-4	 2.8720000E-3
 -1.8000000E-4	 2.8760000E-3
 -1.6000000E-4	 2.8770000E-3
 -1.6000000E-4	 2.8840001E-3
 -1.6000000E-4	 2.8810001E-3
 -1.2000000E-4	 2.8870001E-3
 -2.2790000E-2	 -3.8799999E-4
 -5.3490002E-2	 -4.5250002E-3
 -6.3840002E-2	 -7.4459999E-3
 -9.0300001E-2	 -1.3016000E-2
 -1.2336000E-1	 -1.9568000E-2
 -1.3345000E-1	 -2.2172000E-2
 -1.3917001E-1	 -2.3119001E-2
 -1.6392000E-1	 -2.9474000E-2
 -1.8928000E-1	 -3.6860000E-2
 -1.9530000E-1	 -3.7570000E-2
 -1.9670001E-1	 -3.7840001E-2
 -1.9870000E-1	 -3.8559999E-2
 -2.0941000E-1	 -4.1280001E-2
 -2.2461000E-1	 -4.5000002E-2
 -2.3292001E-1	 -4.8670001E-2
 -2.5145999E-1	 -5.5300001E-2
 -2.6605999E-1	 -6.0839999E-2
 -2.7818000E-1	 -6.5459996E-2
 -2.8371000E-1	 -6.9600001E-2
 -2.8652000E-1	 -7.1549997E-2
 -2.8764001E-1	 -7.2460003E-2
 -2.9212999E-1	 -7.3859997E-2
 -2.9740000E-1	 -7.6180004E-2
 -3.3239999E-1	 -9.0030000E-2
 -3.4090000E-1	 -1.0532000E-1
 -3.5580000E-1	 -1.1492000E-1
 -3.6719999E-1	 -1.2449000E-1
 -3.8249999E-1	 -1.3561000E-1
 -3.9289999E-1	 -1.4336000E-1
 -4.0390000E-1	 -1.4971000E-1
 -4.1170001E-1	 -1.5621001E-1
 -4.1980001E-1	 -1.6215999E-1
 -4.2680001E-1	 -1.6704001E-1
 -4.3340001E-1	 -1.7086001E-1
 -4.3820000E-1	 -1.7428000E-1
 -4.5140001E-1	 -1.8219000E-1
 -4.6560001E-1	 -1.9050001E-1
 -4.7799999E-1	 -1.9780999E-1
 -4.8539999E-1	 -2.0340000E-1
 -4.9529999E-1	 -2.0953000E-1
 -5.0779998E-1	 -2.1641999E-1
 -5.2249998E-1	 -2.2345001E-1
 -5.3280002E-1	 -2.3044001E-1
 -5.4670000E-1	 -2.3855001E-1
 -5.6239998E-1	 -2.4684000E-1
 -5.7489997E-1	 -2.5318000E-1
 -5.8389997E-1	 -2.5781000E-1
 -6.0519999E-1	 -2.6894000E-1
 -6.1470002E-1	 -2.7454999E-1
 -6.1949998E-1	 -2.7752000E-1
 -6.2449998E-1	 -2.7901000E-1
 -6.3910002E-1	 -2.8615999E-1
 -6.4760000E-1	 -2.9069999E-1
 -6.5700001E-1	 -2.9438001E-1
 -6.6310000E-1	 -2.9765999E-1
 -6.7409998E-1	 -3.0287999E-1
 -6.8830001E-1	 -3.1119999E-1
 -7.0649999E-1	 -3.1639999E-1
 -7.1289998E-1	 -3.1959999E-1
 -7.1799999E-1	 -3.2269999E-1
 -7.2420001E-1	 -3.2530001E-1
 -7.3979998E-1	 -3.2990000E-1
 -7.4879998E-1	 -3.3480000E-1
 -7.5720000E-1	 -3.3860001E-1
 -7.6510000E-1	 -3.4169999E-1
 -7.6899999E-1	 -3.4349999E-1
 -7.7139997E-1	 -3.4439999E-1
 -7.7410001E-1	 -3.4580001E-1
 -7.8310001E-1	 -3.4869999E-1
 -7.9400003E-1	 -3.5200000E-1
 -7.9979998E-1	 -3.5490000E-1
 -8.0589998E-1	 -3.5760000E-1
 -8.1440002E-1	 -3.6050001E-1
 -8.2110000E-1	 -3.6269999E-1
 -8.2650000E-1	 -3.6430001E-1
 -8.4079999E-1	 -3.6980000E-1
 -8.5650003E-1	 -3.7480000E-1
 -8.6360002E-1	 -3.7770000E-1
 -8.6839998E-1	 -3.7909999E-1
 -8.8150001E-1	 -3.8389999E-1
 -9.0350002E-1	 -3.9039999E-1
 -9.1920000E-1	 -3.9520001E-1
 -9.2879999E-1	 -3.9829999E-1
 -9.4919997E-1	 -4.0529999E-1
 -9.8629999E-1	 -4.1549999E-1
 -1.0013000E+0	 -4.2030001E-1
 -1.0064000E+0	 -4.2250001E-1
 -1.0115000E+0	 -4.2440000E-1
 -1.0185000E+0	 -4.2620000E-1
 -1.0349000E+0	 -4.2950001E-1
 -1.0420001E+0	 -4.3210000E-1
 -1.0490000E+0	 -4.3470001E-1
 -1.0807000E+0	 -4.4240001E-1
 -1.1308000E+0	 -4.5280001E-1
 -1.1578000E+0	 -4.5969999E-1
 -1.1975000E+0	 -4.7139999E-1
 -1.2241000E+0	 -4.7770000E-1
 -1.2657000E+0	 -4.8559999E-1
 -1.2806000E+0	 -4.9000001E-1
 -1.2904000E+0	 -4.9309999E-1
 -1.2910000E+0	 -4.9360001E-1
 -1.2910000E+0	 -4.9370000E-1
 -1.2910000E+0	 -4.9370000E-1
 -1.2911000E+0	 -4.9380001E-1
 -1.3599000E+0	 -5.0639999E-1
 -1.4009000E+0	 -5.1380002E-1
 -1.4111000E+0	 -5.1709998E-1
 -1.4208000E+0	 -5.1980001E-1
 -1.4545000E+0	 -5.2560002E-1
 -1.4773999E+0	 -5.2960002E-1
 -1.4926000E+0	 -5.3140002E-1
 -1.5152000E+0	 -5.3729999E-1
 -1.5330000E+0	 -5.4049999E-1
 -1.5547000E+0	 -5.4369998E-1
 -1.5676000E+0	 -5.4540002E-1
 -1.5895000E+0	 -5.5049998E-1
 -1.6121000E+0	 -5.5419999E-1
 -1.6420000E+0	 -5.5849999E-1
 -1.6540000E+0	 -5.6029999E-1
 -1.6683000E+0	 -5.6379998E-1
 -1.6981000E+0	 -5.6840003E-1
 -1.7279000E+0	 -5.7249999E-1
 -1.7438000E+0	 -5.7429999E-1
 -1.7689000E+0	 -5.7969999E-1
 -1.7771000E+0	 -5.8099997E-1
 -1.7855000E+0	 -5.8219999E-1
 -1.7944000E+0	 -5.8270001E-1
 -1.8072000E+0	 -5.8560002E-1
 -1.8311000E+0	 -5.8899999E-1
 -1.8615000E+0	 -5.9299999E-1
 -1.8738000E+0	 -5.9429997E-1
 -1.8851000E+0	 -5.9710002E-1
 -1.9073000E+0	 -6.0009998E-1
 -1.9305000E+0	 -6.0299999E-1
 -1.9446000E+0	 -6.0420001E-1
 -1.9603000E+0	 -6.0769999E-1
 -1.9895000E+0	 -6.1159998E-1
 -2.0192001E+0	 -6.1519998E-1
 -2.0318999E+0	 -6.1640000E-1
 -2.0485001E+0	 -6.1909997E-1
 -2.0630000E+0	 -6.2159997E-1
 -2.0853000E+0	 -6.2410003E-1
 -2.0985000E+0	 -6.2559998E-1
 -2.1115000E+0	 -6.2800002E-1
 -2.1257999E+0	 -6.2980002E-1
 -2.1399000E+0	 -6.3139999E-1
 -2.1449001E+0	 -6.3190001E-1
 -2.1492000E+0	 -6.3290000E-1
 -2.1673000E+0	 -6.3499999E-1
 -2.1750000E+0	 -6.3599998E-1
 -2.1812999E+0	 -6.3639998E-1
 -2.1865001E+0	 -6.3760000E-1
 -2.1963000E+0	 -6.3870001E-1
 -2.2112000E+0	 -6.4039999E-1
 -2.2244000E+0	 -6.4109999E-1
 -2.2375000E+0	 -6.4380002E-1
 -2.2516000E+0	 -6.4550000E-1
 -2.2746999E+0	 -6.4800000E-1
 -2.2837999E+0	 -6.4880002E-1
 -2.2867000E+0	 -6.4980000E-1
 -2.2997999E+0	 -6.5130001E-1
 -2.3148999E+0	 -6.5289998E-1
 -2.3206999E+0	 -6.5340000E-1
 -2.3255000E+0	 -6.5439999E-1
 -2.3369000E+0	 -6.5570003E-1
 -2.3601000E+0	 -6.5799999E-1
 -2.3763001E+0	 -6.5920001E-1
 -2.3824000E+0	 -6.6100001E-1
 -2.3917000E+0	 -6.6200000E-1
 -2.4170001E+0	 -6.6460001E-1
 -2.4284999E+0	 -6.6560000E-1
 -2.4323001E+0	 -6.6670001E-1
 -2.4414999E+0	 -6.6769999E-1
 -2.4655001E+0	 -6.7009997E-1
 -2.4821999E+0	 -6.7100000E-1
 -2.4971001E+0	 -6.7390001E-1
 -2.5260999E+0	 -6.7699999E-1
 -2.5465000E+0	 -6.7900002E-1
 -2.5513000E+0	 -6.7949998E-1
 -2.5711000E+0	 -6.8010002E-1
 -2.5974000E+0	 -6.8460000E-1
 -2.6177001E+0	 -6.8669999E-1
 -2.6284001E+0	 -6.8760002E-1
 -2.6312001E+0	 -6.8839997E-1
 -2.6436999E+0	 -6.8959999E-1
 -2.6650000E+0	 -6.9169998E-1
 -2.6903999E+0	 -6.9319999E-1
 -2.6972001E+0	 -6.9520003E-1
 -2.7059000E+0	 -6.9610000E-1
 -2.7139001E+0	 -6.9679999E-1
 -2.7293000E+0	 -6.9770002E-1
 -2.7332001E+0	 -6.9889998E-1
 -2.7809999E+0	 -7.0359999E-1
 -2.8069999E+0	 -7.0599997E-1
 -2.8127000E+0	 -7.0649999E-1
 -2.8157001E+0	 -7.0709997E-1
 -2.8227000E+0	 -7.0779997E-1
 -2.8301001E+0	 -7.0850003E-1
 -2.8462000E+0	 -7.0940000E-1
 -2.8499000E+0	 -7.1050000E-1
 -2.8604000E+0	 -7.1149999E-1
 -2.8743000E+0	 -7.1270001E-1
 -2.8824000E+0	 -7.1329999E-1
 -2.8841000E+0	 -7.1380001E-1
 -2.8957000E+0	 -7.1490002E-1
 -2.9061999E+0	 -7.1579999E-1
 -2.9166999E+0	 -7.1640003E-1
 -2.9189999E+0	 -7.1719998E-1
 -2.9381001E+0	 -7.1890002E-1
 -2.9530001E+0	 -7.2030002E-1
 -2.9611001E+0	 -7.2079998E-1
 -2.9624000E+0	 -7.2130001E-1
 -2.9807999E+0	 -7.2299999E-1
 -2.9916000E+0	 -7.2390002E-1
 -2.9951999E+0	 -7.2420001E-1
 -2.9956999E+0	 -7.2439998E-1
 -2.9956999E+0	 -7.2439998E-1
 -2.9956999E+0	 -7.2450000E-1
 -2.9956000E+0	 -7.2450000E-1
 -2.9956999E+0	 -7.2450000E-1
 -2.9958000E+0	 -7.2450000E-1
 -2.9958000E+0	 -7.2450000E-1
 -2.9958000E+0	 -7.2450000E-1
 -2.9958000E+0	 -7.2450000E-1
 -2.9958999E+0	 -7.2450000E-1
 -2.9960001E+0	 -7.2450000E-1
 -2.9960001E+0	 -7.2450000E-1
 -2.9958999E+0	 -7.2450000E-1
 -2.9960001E+0	 -7.2450000E-1
 -2.9960001E+0	 -7.2450000E-1
 -2.9960999E+0	 -7.2450000E-1
 -2.9962001E+0	 -7.2450000E-1
 -2.9962001E+0	 -7.2450000E-1
 -2.9962001E+0	 -7.2450000E-1
 -2.9962001E+0	 -7.2450000E-1
 -2.9962001E+0	 -7.2450000E-1
 -2.9963000E+0	 -7.2450000E-1
 -2.9963000E+0	 -7.2450000E-1
 -2.9964001E+0	 -7.2450000E-1
 -2.9964001E+0	 -7.2450000E-1
 -2.9964001E+0	 -7.2450000E-1
 -2.9965000E+0	 -7.2450000E-1
 -2.9964001E+0	 -7.2450000E-1
 -2.9965000E+0	 -7.2450000E-1
 -2.9965000E+0	 -7.2460002E-1
 -2.9965999E+0	 -7.2450000E-1
 -2.9965999E+0	 -7.2460002E-1
 -2.9965000E+0	 -7.2460002E-1
 -2.9967000E+0	 -7.2460002E-1
 -2.9967000E+0	 -7.2460002E-1
 -2.9967000E+0	 -7.2460002E-1
 -2.9967000E+0	 -7.2460002E-1
 -2.9967999E+0	 -7.2460002E-1
 -2.9967999E+0	 -7.2460002E-1
 -2.9967000E+0	 -7.2460002E-1
 -2.9967999E+0	 -7.2460002E-1
 -2.9967999E+0	 -7.2460002E-1
 -2.9967999E+0	 -7.2460002E-1
 -2.9969001E+0	 -7.2460002E-1
 -2.9967999E+0	 -7.2460002E-1
 -2.9969001E+0	 -7.2460002E-1
 -2.9881001E+0	 -7.2399998E-1
 -2.9625001E+0	 -7.2289997E-1
 -2.9602001E+0	 -7.2229999E-1
 -2.9380000E+0	 -7.2090000E-1
 -2.8912001E+0	 -7.1789998E-1
 -2.8801999E+0	 -7.1730000E-1
 -2.8741000E+0	 -7.1700001E-1
 -2.8678000E+0	 -7.1630001E-1
 -2.8647001E+0	 -7.1609998E-1
 -2.8605001E+0	 -7.1579999E-1
 -2.8601999E+0	 -7.1569997E-1
 -2.8397999E+0	 -7.1439999E-1
 -2.8171999E+0	 -7.1289998E-1
 -2.8097000E+0	 -7.1240002E-1
 -2.8088000E+0	 -7.1219999E-1
 -2.7950001E+0	 -7.1130002E-1
 -2.7869000E+0	 -7.1069998E-1
 -2.7779000E+0	 -7.1030003E-1
 -2.7772000E+0	 -7.0999998E-1
 -2.7737999E+0	 -7.0980000E-1
 -2.7670000E+0	 -7.0929998E-1
 -2.7523000E+0	 -7.0850003E-1
 -2.7509999E+0	 -7.0819998E-1
 -2.7307000E+0	 -7.0670003E-1
 -2.7237000E+0	 -7.0620000E-1
 -2.7177999E+0	 -7.0590001E-1
 -2.7172999E+0	 -7.0569998E-1
 -2.6998000E+0	 -7.0450002E-1
 -2.6947999E+0	 -7.0410001E-1
 -2.6882999E+0	 -7.0370001E-1
 -2.6875999E+0	 -7.0359999E-1
 -2.6796000E+0	 -7.0300001E-1
 -2.6675999E+0	 -7.0209998E-1
 -2.6582999E+0	 -7.0160002E-1
 -2.6515999E+0	 -7.0130002E-1
 -2.6449001E+0	 -7.0039999E-1
 -2.6234000E+0	 -6.9889998E-1
 -2.6075001E+0	 -6.9790000E-1
 -2.5989001E+0	 -6.9749999E-1
 -2.5885999E+0	 -6.9620001E-1
 -2.5850999E+0	 -6.9590002E-1
 -2.5790999E+0	 -6.9550002E-1
 -2.5747001E+0	 -6.9540000E-1
 -2.5690000E+0	 -6.9459999E-1
 -2.5573001E+0	 -6.9379997E-1
 -2.5397999E+0	 -6.9260001E-1
 -2.5346000E+0	 -6.9220001E-1
 -2.5293000E+0	 -6.9150001E-1
 -2.5232999E+0	 -6.9110000E-1
 -2.5137000E+0	 -6.9050002E-1
 -2.5093999E+0	 -6.9019997E-1
 -2.5046000E+0	 -6.8959999E-1
 -2.4923999E+0	 -6.8860000E-1
 -2.4802001E+0	 -6.8779999E-1
 -2.4763999E+0	 -6.8750000E-1
 -2.4741001E+0	 -6.8709999E-1
 -2.4674001E+0	 -6.8660003E-1
 -2.4614000E+0	 -6.8620002E-1
 -2.4586999E+0	 -6.8599999E-1
 -2.4565001E+0	 -6.8570000E-1
 -2.4523001E+0	 -6.8540001E-1
 -2.4373000E+0	 -6.8440002E-1
 -2.4324000E+0	 -6.8400002E-1
 -2.4295001E+0	 -6.8349999E-1
 -2.4280000E+0	 -6.8330002E-1
 -2.4172001E+0	 -6.8269998E-1
 -2.4094999E+0	 -6.8239999E-1
 -2.4013000E+0	 -6.8110001E-1
 -2.3941000E+0	 -6.8059999E-1
 -2.3894999E+0	 -6.8019998E-1
 -2.3870001E+0	 -6.8010002E-1
 -2.3852999E+0	 -6.7979997E-1
 -2.3757000E+0	 -6.7900002E-1
 -2.3625000E+0	 -6.7809999E-1
 -2.3592999E+0	 -6.7780000E-1
 -2.3577001E+0	 -6.7750001E-1
 -2.3559999E+0	 -6.7729998E-1
 -2.3497000E+0	 -6.7690003E-1
 -2.3408000E+0	 -6.7670000E-1
 -2.3347001E+0	 -6.7549998E-1
 -2.3311999E+0	 -6.7519999E-1
 -2.3299000E+0	 -6.7510003E-1
 -2.3290999E+0	 -6.7500001E-1
 -2.3285999E+0	 -6.7490000E-1
 -2.3213999E+0	 -6.7430001E-1
 -2.3071001E+0	 -6.7330003E-1
 -2.3036001E+0	 -6.7299998E-1
 -2.3018999E+0	 -6.7259997E-1
 -2.2997000E+0	 -6.7250001E-1
 -2.2878001E+0	 -6.7159998E-1
 -2.2837000E+0	 -6.7129999E-1
 -2.2813001E+0	 -6.7079997E-1
 -2.2723999E+0	 -6.7009997E-1
 -2.2557001E+0	 -6.6880000E-1
 -2.2530000E+0	 -6.6839999E-1
 -2.2521000E+0	 -6.6820002E-1
 -2.2354000E+0	 -6.6680002E-1
 -2.2304001E+0	 -6.6640002E-1
 -2.2256999E+0	 -6.6630000E-1
 -2.2223001E+0	 -6.6560000E-1
 -2.2125001E+0	 -6.6469997E-1
 -2.2090001E+0	 -6.6439998E-1
 -2.2059000E+0	 -6.6430002E-1
 -2.2035000E+0	 -6.6380000E-1
 -2.2019000E+0	 -6.6369998E-1
 -2.2018001E+0	 -6.6369998E-1
 -2.2017000E+0	 -6.6360003E-1
 -2.2016001E+0	 -6.6360003E-1
 -2.2016001E+0	 -6.6360003E-1
 -2.1997001E+0	 -6.6350001E-1
 -2.1907001E+0	 -6.6350001E-1
 -2.1839001E+0	 -6.6200000E-1
 -2.1709001E+0	 -6.6090000E-1
 -2.1501000E+0	 -6.5910000E-1
 -2.1382000E+0	 -6.5880001E-1
 -2.1296999E+0	 -6.5700001E-1
 -2.1166999E+0	 -6.5579998E-1
 -2.0947001E+0	 -6.5390003E-1
 -2.0897000E+0	 -6.5350002E-1
 -2.0869999E+0	 -6.5289998E-1
 -2.0834000E+0	 -6.5259999E-1
 -2.0817001E+0	 -6.5240002E-1
 -2.0745001E+0	 -6.5230000E-1
 -2.0687001E+0	 -6.5109998E-1
 -2.0608001E+0	 -6.5039998E-1
 -2.0595000E+0	 -6.5020001E-1
 -2.0583000E+0	 -6.5020001E-1
 -2.0574999E+0	 -6.4999998E-1
 -2.0532000E+0	 -6.4960003E-1
 -2.0473001E+0	 -6.4910001E-1
 -2.0462999E+0	 -6.4899999E-1
 -2.0459001E+0	 -6.4889997E-1
 -2.0109000E+0	 -6.4550000E-1
 -2.0109000E+0	 -6.4539999E-1
 -2.0107000E+0	 -6.4539999E-1
 -2.0107000E+0	 -6.4529997E-1
 -2.0105000E+0	 -6.4529997E-1
 -2.0100999E+0	 -6.4529997E-1
 -2.0072999E+0	 -6.4520001E-1
 -2.0051999E+0	 -6.4480001E-1
 -1.9996001E+0	 -6.4429998E-1
 -1.9977000E+0	 -6.4410001E-1
 -1.9934000E+0	 -6.4399999E-1
 -1.9903001E+0	 -6.4330000E-1
 -1.9813000E+0	 -6.4249998E-1
 -1.9734000E+0	 -6.4170003E-1
 -1.9650000E+0	 -6.4150000E-1
 -1.9589000E+0	 -6.4020002E-1
 -1.9562000E+0	 -6.3990003E-1
 -1.9509000E+0	 -6.3940001E-1
 -1.9471000E+0	 -6.3919997E-1
 -1.9447000E+0	 -6.3870001E-1
 -1.9301000E+0	 -6.3720000E-1
 -1.9213001E+0	 -6.3639998E-1
 -1.9164000E+0	 -6.3620001E-1
 -1.9133000E+0	 -6.3540000E-1
 -1.9040000E+0	 -6.3450003E-1
 -1.8870000E+0	 -6.3290000E-1
 -1.8796999E+0	 -6.3249999E-1
 -1.8748000E+0	 -6.3139999E-1
 -1.8550000E+0	 -6.2930000E-1
 -1.8393000E+0	 -6.2769997E-1
 -1.8300000E+0	 -6.2730002E-1
 -1.8236001E+0	 -6.2580001E-1
 -1.8045000E+0	 -6.2379998E-1
 -1.7984000E+0	 -6.2309998E-1
 -1.7920001E+0	 -6.2290001E-1
 -1.7871000E+0	 -6.2180001E-1
 -1.7716000E+0	 -6.2010002E-1
 -1.7563000E+0	 -6.1849999E-1
 -1.7423000E+0	 -6.1809999E-1
 -1.7313000E+0	 -6.1549997E-1
 -1.7253000E+0	 -6.1479998E-1
 -1.7184000E+0	 -6.1409998E-1
 -1.7068000E+0	 -6.1369997E-1
 -1.6980000E+0	 -6.1159998E-1
 -1.6901000E+0	 -6.1070001E-1
 -1.6842000E+0	 -6.1009997E-1
 -1.6748000E+0	 -6.0979998E-1
 -1.6671000E+0	 -6.0799998E-1
 -1.6480000E+0	 -6.0579997E-1
 -1.6278000E+0	 -6.0360003E-1
 -1.6123000E+0	 -6.0229999E-1
 -1.6007000E+0	 -5.9990001E-1
 -1.5934000E+0	 -5.9899998E-1
 -1.5856000E+0	 -5.9820002E-1
 -1.5795000E+0	 -5.9780002E-1
 -1.5753000E+0	 -5.9680003E-1
 -1.5502000E+0	 -5.9369999E-1
 -1.5378000E+0	 -5.9230000E-1
 -1.5283000E+0	 -5.9179997E-1
 -1.5206000E+0	 -5.8990002E-1
 -1.4941000E+0	 -5.8660001E-1
 -1.4822000E+0	 -5.8510000E-1
 -1.4747000E+0	 -5.8459997E-1
 -1.4717000E+0	 -5.8350003E-1
 -1.4613000E+0	 -5.8209997E-1
 -1.4464000E+0	 -5.8039999E-1
 -1.4226000E+0	 -5.7940000E-1
 -1.4154000E+0	 -5.7590002E-1
 -1.3949000E+0	 -5.7319999E-1
 -1.3782001E+0	 -5.7110000E-1
 -1.3670000E+0	 -5.7040000E-1
 -1.3576000E+0	 -5.6790000E-1
 -1.3284000E+0	 -5.6389999E-1
 -1.3275000E+0	 -5.6349999E-1
 -1.3275000E+0	 -5.6349999E-1
 -1.2710000E+0	 -5.5570000E-1
 -1.2606000E+0	 -5.5390000E-1
 -1.2551000E+0	 -5.5339998E-1
 -1.2515000E+0	 -5.5239999E-1
 -1.2406000E+0	 -5.5080003E-1
 -1.2252001E+0	 -5.4869998E-1
 -1.2139000E+0	 -5.4780000E-1
 -1.2036999E+0	 -5.4509997E-1
 -1.1899000E+0	 -5.4299998E-1
 -1.1777000E+0	 -5.4130000E-1
 -1.1743000E+0	 -5.4070002E-1
 -1.1724000E+0	 -5.4009998E-1
 -1.1451000E+0	 -5.3600001E-1
 -1.1228000E+0	 -5.3270000E-1
 -1.1169000E+0	 -5.3149998E-1
 -1.1137000E+0	 -5.3060001E-1
 -1.1089000E+0	 -5.2980000E-1
 -1.0955000E+0	 -5.2789998E-1
 -1.0925000E+0	 -5.2719998E-1
 -1.0913000E+0	 -5.2679998E-1
 -1.0824000E+0	 -5.2539998E-1
 -1.0746000E+0	 -5.2420002E-1
 -1.0699000E+0	 -5.2370000E-1
 -1.0664999E+0	 -5.2270001E-1
 -1.0553000E+0	 -5.2079999E-1
 -1.0445000E+0	 -5.1920003E-1
 -1.0405999E+0	 -5.1849997E-1
 -1.0381000E+0	 -5.1770002E-1
 -1.0314000E+0	 -5.1660001E-1
 -1.0265000E+0	 -5.1580000E-1
 -1.0203000E+0	 -5.1539999E-1
 -1.0134000E+0	 -5.1380002E-1
 -1.0079000E+0	 -5.1249999E-1
 -1.0034000E+0	 -5.1169997E-1
 -1.0003999E+0	 -5.1130003E-1
 -9.9809998E-1	 -5.1059997E-1
 -9.8949999E-1	 -5.0919998E-1
 -9.7799999E-1	 -5.0720000E-1
 -9.7409999E-1	 -5.0669998E-1
 -9.7100002E-1	 -5.0569999E-1
 -9.6219999E-1	 -5.0419998E-1
 -9.5330000E-1	 -5.0260001E-1
 -9.4470000E-1	 -5.0199997E-1
 -9.3769997E-1	 -4.9959999E-1
 -9.2129999E-1	 -4.9660000E-1
 -8.9749998E-1	 -4.9259999E-1
 -8.9080000E-1	 -4.9090001E-1
 -8.8520002E-1	 -4.8980001E-1
 -8.7980002E-1	 -4.8840001E-1
 -8.7639999E-1	 -4.8769999E-1
 -8.7140000E-1	 -4.8730001E-1
 -8.6330003E-1	 -4.8580000E-1
 -8.5610002E-1	 -4.8370001E-1
 -8.5100001E-1	 -4.8269999E-1
 -8.4579998E-1	 -4.8210001E-1
 -8.4119999E-1	 -4.8060000E-1
 -8.2819998E-1	 -4.7810000E-1
 -8.1550002E-1	 -4.7560000E-1
 -8.1099999E-1	 -4.7490001E-1
 -8.0540001E-1	 -4.7360000E-1
 -7.9979998E-1	 -4.7200000E-1
 -7.9060000E-1	 -4.7020000E-1
 -7.8640002E-1	 -4.6959999E-1
 -7.8320003E-1	 -4.6840000E-1
 -7.7450001E-1	 -4.6660000E-1
 -7.6340002E-1	 -4.6450001E-1
 -7.5700003E-1	 -4.6340001E-1
 -7.4760002E-1	 -4.6169999E-1
 -7.3610002E-1	 -4.5840001E-1
 -7.1370000E-1	 -4.5359999E-1
 -7.0539999E-1	 -4.5220000E-1
 -6.9739997E-1	 -4.4949999E-1
 -6.9450003E-1	 -4.4850001E-1
 -6.8830001E-1	 -4.4729999E-1
 -6.8089998E-1	 -4.4620001E-1
 -6.7299998E-1	 -4.4360000E-1
 -6.7180002E-1	 -4.4310001E-1
 -6.6939998E-1	 -4.4250000E-1
 -6.6549999E-1	 -4.4220001E-1
 -6.6159999E-1	 -4.4080001E-1
 -6.5679997E-1	 -4.3950000E-1
 -6.4399999E-1	 -4.3669999E-1
 -6.4080000E-1	 -4.3579999E-1
 -6.3880002E-1	 -4.3509999E-1
 -6.3360000E-1	 -4.3380001E-1
 -6.1320001E-1	 -4.2969999E-1
 -6.0140002E-1	 -4.2699999E-1
 -5.9050000E-1	 -4.2330000E-1
 -5.7529998E-1	 -4.1920000E-1
 -5.6309998E-1	 -4.1589999E-1
 -5.5779999E-1	 -4.1470000E-1
 -5.5309999E-1	 -4.1310000E-1
 -5.4449999E-1	 -4.1060001E-1
 -5.2810001E-1	 -4.0640000E-1
 -5.1709998E-1	 -4.0430000E-1
 -5.0669998E-1	 -3.9989999E-1
 -5.0430000E-1	 -3.9899999E-1
 -5.0099999E-1	 -3.9809999E-1
 -4.9640000E-1	 -3.9750001E-1
 -4.9100000E-1	 -3.9539999E-1
 -4.8429999E-1	 -3.9340001E-1
 -4.8069999E-1	 -3.9210001E-1
 -4.6770000E-1	 -3.9089999E-1
 -4.5310000E-1	 -3.8420001E-1
 -4.4720000E-1	 -3.8209999E-1
 -4.4010001E-1	 -3.8010001E-1
 -4.3160000E-1	 -3.7830001E-1
 -4.2190000E-1	 -3.7419999E-1
 -4.1530001E-1	 -3.7189999E-1
 -4.0439999E-1	 -3.6860001E-1
 -3.9750001E-1	 -3.6690000E-1
 -3.8970000E-1	 -3.6379999E-1
 -3.7560001E-1	 -3.5900000E-1
 -3.4979999E-1	 -3.5049999E-1
 -3.4110001E-1	 -3.4689999E-1
 -3.3640000E-1	 -3.4459999E-1
 -3.3160001E-1	 -3.4270000E-1
 -3.2220000E-1	 -3.3960000E-1
 -3.1479999E-1	 -3.3759999E-1
 -3.0660000E-1	 -3.3360001E-1
 -2.9820001E-1	 -3.3030000E-1
 -2.8670001E-1	 -3.2589999E-1
 -2.7779999E-1	 -3.2339999E-1
 -2.6005000E-1	 -3.1850001E-1
 -2.5474000E-1	 -3.1290001E-1
 -2.5102001E-1	 -3.1070000E-1
 -2.4628000E-1	 -3.0939999E-1
 -2.3998000E-1	 -3.0620000E-1
 -2.3077001E-1	 -3.0219999E-1
 -2.2289000E-1	 -2.9850000E-1
 -2.1640000E-1	 -2.9650000E-1
 -2.0824000E-1	 -2.9210001E-1
 -1.9447000E-1	 -2.8580001E-1
 -1.7736000E-1	 -2.7770001E-1
 -1.6617000E-1	 -2.7300000E-1
 -1.5418001E-1	 -2.6096001E-1
 -1.3935000E-1	 -2.5770000E-1
 -1.3298000E-1	 -2.5317001E-1
 -1.2367000E-1	 -2.4968000E-1
 -1.0929000E-1	 -2.4099000E-1
 -9.5320001E-2	 -2.3186000E-1
 -7.5340003E-2	 -2.1947999E-1
 -6.5059997E-2	 -2.1216001E-1
 -5.8079999E-2	 -2.0599000E-1
 -5.3350002E-2	 -2.0229000E-1
 -4.1990001E-2	 -1.9568001E-1
 -3.3879999E-2	 -1.9049001E-1
 -2.4140000E-2	 -1.8188000E-1
 -1.7290000E-2	 -1.7647000E-1
 -1.1760000E-2	 -1.7179000E-1
 -7.6899999E-3	 -1.6918001E-1
 -3.6100000E-3	 -1.6503000E-1
 -2.0500000E-3	 -1.6342001E-1
 -1.1600000E-3	 -1.6231000E-1
 -7.8000000E-4	 -1.6186000E-1
 -5.0999998E-4	 -1.6151001E-1
 -4.2000000E-4	 -1.6135000E-1
 -3.4999999E-4	 -1.6121000E-1
 -3.1999999E-4	 -1.6113999E-1
 -3.0000001E-4	 -1.6106001E-1
 -2.9000000E-4	 -1.6102000E-1
 -2.8000001E-4	 -1.6099000E-1
 -2.5000001E-4	 -1.6096000E-1
 -2.3999999E-4	 -1.6092999E-1
 -2.3000001E-4	 -1.6091000E-1
 -2.3000001E-4	 -1.6089000E-1
 -2.3999999E-4	 -1.6087000E-1
 -2.3999999E-4	 -1.6086000E-1
 -1.9000001E-4	 -1.6083001E-1
 -1.9000001E-4	 -1.6082001E-1
 -2.1000000E-4	 -1.6082001E-1
 -1.9999999E-4	 -1.6080000E-1
 -1.9999999E-4	 -1.6079000E-1
 -1.9999999E-4	 -1.6078000E-1
 -2.1000000E-4	 -1.6076000E-1
 -2.1000000E-4	 -1.6076000E-1
 -1.9999999E-4	 -1.6076000E-1
 1.6000000E-4	 -1.6066000E-1
 1.9000001E-4	 -1.6062000E-1
 2.1000000E-4	 -1.6060001E-1
 2.1000000E-4	 -1.6057000E-1
 1.9999999E-4	 -1.6055000E-1
 1.9999999E-4	 -1.6054000E-1
 2.1000000E-4	 -1.6053000E-1
 1.9999999E-4	 -1.6051000E-1
 1.9999999E-4	 -1.6050000E-1
 2.1000000E-4	 -1.6047999E-1
 2.5000001E-4	 -1.6046000E-1
 2.1000000E-4	 -1.6046000E-1
 2.2000000E-4	 -1.6046000E-1
 2.1000000E-4	 -1.6045000E-1
 2.1000000E-4	 -1.6044000E-1
 -1.7000000E-4	 -1.6049001E-1
 -2.3999999E-4	 -1.6050000E-1
 -2.6000000E-4	 -1.6050000E-1
 -2.6999999E-4	 -1.6050000E-1
 -2.6000000E-4	 -1.6049001E-1
 -2.3999999E-4	 -1.6050000E-1
 -2.3999999E-4	 -1.6049001E-1
 -1.9000001E-4	 -1.6049001E-1
 -2.2000000E-4	 -1.6047999E-1
 -1.9999999E-4	 -1.6047999E-1
 -1.9999999E-4	 -1.6046999E-1
 -2.1000000E-4	 -1.6047999E-1
 -1.9999999E-4	 -1.6047999E-1
 -2.1000000E-4	 -1.6046999E-1
 -2.1000000E-4	 -1.6047999E-1
 -1.9999999E-4	 -1.6046000E-1
 -2.1000000E-4	 -1.6046999E-1
 2.9999999E-5	 -1.6045000E-1
 1.9000001E-4	 -1.6040000E-1
 1.9000001E-4	 -1.6040000E-1
 2.1000000E-4	 -1.6038001E-1
 1.9000001E-4	 -1.6037001E-1
 1.4000000E-4	 -1.6039000E-1
 1.6000000E-4	 -1.6037001E-1
 1.9000001E-4	 -1.6035999E-1
 1.9000001E-4	 -1.6035999E-1
 1.9000001E-4	 -1.6034999E-1
 2.1000000E-4	 -1.6034000E-1
 2.1000000E-4	 -1.6034999E-1
 2.1000000E-4	 -1.6034000E-1
 1.9999999E-4	 -1.6034999E-1
 1.9999999E-4	 -1.6034000E-1
 2.3000001E-4	 -1.6033000E-1
 1.9999999E-4	 -1.6033000E-1
 2.1000000E-4	 -1.6032000E-1
 2.2000000E-4	 -1.6031000E-1
 1.9000001E-4	 -1.6032000E-1
 1.8000000E-4	 -1.6031000E-1
 1.9000001E-4	 -1.6031000E-1
 1.8000000E-4	 -1.6031000E-1
 1.8000000E-4	 -1.6030000E-1
 1.9000001E-4	 -1.6030000E-1
 1.8000000E-4	 -1.6030000E-1
 1.7000000E-4	 -1.6029000E-1
 1.8000000E-4	 -1.6029000E-1
 1.8000000E-4	 -1.6029000E-1
 1.6000000E-4	 -1.6029000E-1
 1.5000001E-4	 -1.6029000E-1
 1.7000000E-4	 -1.6029000E-1
 1.8000000E-4	 -1.6029000E-1
 1.6000000E-4	 -1.6029000E-1
 1.9000001E-4	 -1.6028000E-1
 1.9000001E-4	 -1.6027001E-1
 1.9000001E-4	 -1.6028000E-1
 1.9000001E-4	 -1.6027001E-1
 2.1299999E-3	 -1.6027001E-1
 1.2070000E-2	 -1.5312000E-1
 3.1840000E-2	 -1.4105999E-1
 4.8740000E-2	 -1.2716000E-1
 6.9430001E-2	 -1.1216000E-1
 8.7180004E-2	 -9.4430000E-2
 1.0165000E-1	 -8.3080001E-2
 1.1096000E-1	 -7.4290000E-2
 1.1918000E-1	 -6.7800000E-2
 1.2718999E-1	 -5.9209999E-2
 1.3571000E-1	 -5.2820001E-2
 1.4088000E-1	 -4.7710001E-2
 1.4557999E-1	 -4.3960001E-2
 1.4850999E-1	 -4.0520001E-2
 1.5216000E-1	 -3.7579998E-2
 1.5605000E-1	 -3.4830000E-2
 1.6111000E-1	 -3.1479999E-2
 1.6572000E-1	 -2.3998000E-2
 1.7434999E-1	 -2.0494999E-2
 1.8030000E-1	 -1.6201001E-2
 1.8716000E-1	 -1.1206000E-2
 1.9417000E-1	 -4.1990001E-3
 1.9982000E-1	 3.1300000E-4
 2.0295000E-1	 3.5649999E-3
 2.0638999E-1	 5.8200001E-3
 2.0902000E-1	 8.7519996E-3
 2.1424000E-1	 1.2266000E-2
 2.1932000E-1	 1.6240999E-2
 2.2395000E-1	 2.0068999E-2
 2.2737999E-1	 2.3275999E-2
 2.3071000E-1	 2.5769999E-2
 2.3394001E-1	 2.8158000E-2
 2.3817000E-1	 3.3429999E-2
 2.4618000E-1	 3.5870001E-2
 2.5459999E-1	 4.2399999E-2
 2.6442999E-1	 4.9770001E-2
 2.7544999E-1	 5.8570001E-2
 2.8909001E-1	 6.9610000E-2
 3.1009999E-1	 8.0250002E-2
 3.2130000E-1	 9.3139999E-2
 3.2990000E-1	 9.9050000E-2
 3.4140000E-1	 1.0919000E-1
 3.5330001E-1	 1.1745000E-1
 3.6120000E-1	 1.2364000E-1
 3.6590001E-1	 1.2763999E-1
 3.6899999E-1	 1.3038000E-1
 3.8080001E-1	 1.3694000E-1
 3.9129999E-1	 1.4385000E-1
 4.0099999E-1	 1.5022001E-1
 4.1499999E-1	 1.6034999E-1
 4.3050000E-1	 1.6957000E-1
 4.4749999E-1	 1.7946000E-1
 4.6320000E-1	 1.8968000E-1
 4.8109999E-1	 2.0162000E-1
 4.9110001E-1	 2.0814000E-1
 4.9730000E-1	 2.1223000E-1
 5.0199997E-1	 2.1483999E-1
 5.1069999E-1	 2.2026999E-1
 5.2050000E-1	 2.2538000E-1
 5.2759999E-1	 2.2957000E-1
 5.3410000E-1	 2.3272000E-1
 5.4420000E-1	 2.3899999E-1
 5.5449998E-1	 2.4433000E-1
 5.6360000E-1	 2.4894001E-1
 5.7080001E-1	 2.5283000E-1
 5.7859999E-1	 2.5764000E-1
 5.8939999E-1	 2.6271999E-1
 5.9840000E-1	 2.6716000E-1
 6.0479999E-1	 2.7087000E-1
 6.0860002E-1	 2.7331001E-1
 6.1009997E-1	 2.7430001E-1
 6.1470002E-1	 2.7586001E-1
 6.2059999E-1	 2.7801001E-1
 6.3609999E-1	 2.8584999E-1
 6.4740002E-1	 2.9119000E-1
 6.5520000E-1	 2.9486999E-1
 6.6109997E-1	 2.9754001E-1
 6.7180002E-1	 3.0283001E-1
 6.9849998E-1	 3.1659999E-1
 7.3070002E-1	 3.2589999E-1
 7.4370003E-1	 3.3120000E-1
 7.5809997E-1	 3.3849999E-1
 7.6719999E-1	 3.4240001E-1
 7.7139997E-1	 3.4459999E-1
 7.7480000E-1	 3.4560001E-1
 7.8109998E-1	 3.4830001E-1
 7.8630000E-1	 3.5020000E-1
 8.0129999E-1	 3.5440001E-1
 8.1309998E-1	 3.5940000E-1
 8.2080001E-1	 3.6300001E-1
 8.2830000E-1	 3.6559999E-1
 8.4539998E-1	 3.7029999E-1
 8.5960001E-1	 3.7540001E-1
 8.7250000E-1	 3.8090000E-1
 8.7550002E-1	 3.8229999E-1
 8.8260001E-1	 3.8409999E-1
 8.9440000E-1	 3.8620001E-1
 9.0710002E-1	 3.9230001E-1
 9.2290002E-1	 3.9700001E-1
 9.3529999E-1	 4.0070000E-1
 9.5060003E-1	 4.0349999E-1
 9.7630000E-1	 4.1350001E-1
 9.8809999E-1	 4.1720000E-1
 9.9430001E-1	 4.1900000E-1
 1.0015000E+0	 4.2019999E-1
 1.0165000E+0	 4.2550001E-1
 1.0334001E+0	 4.2989999E-1
 1.0475000E+0	 4.3340001E-1
 1.0587000E+0	 4.3599999E-1
 1.0720000E+0	 4.4080001E-1
 1.0968000E+0	 4.4659999E-1
 1.1137000E+0	 4.5080000E-1
 1.1233000E+0	 4.5350000E-1
 1.1321000E+0	 4.5640001E-1
 1.1403000E+0	 4.5829999E-1
 1.1511000E+0	 4.6050000E-1
 1.1587000E+0	 4.6219999E-1
 1.1668000E+0	 4.6500000E-1
 1.1788000E+0	 4.6759999E-1
 1.1973000E+0	 4.7130001E-1
 1.2119000E+0	 4.7400001E-1
 1.2201000E+0	 4.7749999E-1
 1.2320000E+0	 4.8010001E-1
 1.2458000E+0	 4.8260000E-1
 1.2599000E+0	 4.8449999E-1
 1.2714000E+0	 4.8899999E-1
 1.2991000E+0	 4.9450001E-1
 1.3121001E+0	 4.9720001E-1
 1.3164001E+0	 4.9869999E-1
 1.3176000E+0	 4.9919999E-1
 1.3231000E+0	 5.0019997E-1
 1.3365000E+0	 5.0230002E-1
 1.3466001E+0	 5.0400001E-1
 1.3593000E+0	 5.0760001E-1
 1.3645999E+0	 5.0870001E-1
 1.3732001E+0	 5.0999999E-1
 1.3827000E+0	 5.1099998E-1
 1.3959000E+0	 5.1490003E-1
 1.4180000E+0	 5.1899999E-1
 1.4316000E+0	 5.2139997E-1
 1.4434000E+0	 5.2289999E-1
 1.4551001E+0	 5.2640003E-1
 1.4635000E+0	 5.2800000E-1
 1.4826000E+0	 5.3079998E-1
 1.4966000E+0	 5.3289998E-1
 1.5109000E+0	 5.3680003E-1
 1.5222000E+0	 5.3869998E-1
 1.5326999E+0	 5.4030001E-1
 1.5394000E+0	 5.4130000E-1
 1.5452000E+0	 5.4299998E-1
 1.5653000E+0	 5.4629999E-1
 1.5760000E+0	 5.4799998E-1
 1.5821000E+0	 5.4900002E-1
 1.5872000E+0	 5.5040002E-1
 1.5996000E+0	 5.5239999E-1
 1.6123000E+0	 5.5409998E-1
 1.6183000E+0	 5.5519998E-1
 1.6226000E+0	 5.5640000E-1
 1.6426001E+0	 5.5949998E-1
 1.6608000E+0	 5.6220001E-1
 1.6708000E+0	 5.6349999E-1
 1.6772000E+0	 5.6550002E-1
 1.7057000E+0	 5.6980002E-1
 1.7088000E+0	 5.7050002E-1
 1.7127000E+0	 5.7090002E-1
 1.7163000E+0	 5.7179999E-1
 1.7409000E+0	 5.7529998E-1
 1.7412000E+0	 5.7580000E-1
 1.7411000E+0	 5.7580000E-1
 1.7410001E+0	 5.7580000E-1
 1.7408000E+0	 5.7580000E-1
 1.7465000E+0	 5.7639998E-1
 1.7567000E+0	 5.7690001E-1
 1.7675000E+0	 5.7980001E-1
 1.7740000E+0	 5.8080000E-1
 1.7890000E+0	 5.8260000E-1
 1.7946000E+0	 5.8350003E-1
 1.7976000E+0	 5.8440000E-1
 1.8117000E+0	 5.8639997E-1
 1.8274000E+0	 5.8840001E-1
 1.8484000E+0	 5.8969998E-1
 1.8656000E+0	 5.9450001E-1
 1.8775001E+0	 5.9619999E-1
 1.8882000E+0	 5.9750003E-1
 1.8980000E+0	 5.9820002E-1
 1.9069999E+0	 6.0049999E-1
 1.9168000E+0	 6.0180002E-1
 1.9292001E+0	 6.0329998E-1
 1.9407001E+0	 6.0409999E-1
 1.9500000E+0	 6.0659999E-1
 1.9551001E+0	 6.0729998E-1
 1.9721000E+0	 6.0930002E-1
 1.9877000E+0	 6.1030000E-1
 2.0028000E+0	 6.1379999E-1
 2.0232000E+0	 6.1650002E-1
 2.0431001E+0	 6.1870003E-1
 2.0592000E+0	 6.1979997E-1
 2.0706000E+0	 6.2290001E-1
 2.0927999E+0	 6.2570000E-1
 2.1119001E+0	 6.2800002E-1
 2.1201999E+0	 6.2870002E-1
 2.1245000E+0	 6.3000000E-1
 2.1528001E+0	 6.3340002E-1
 2.1691999E+0	 6.3540000E-1
 2.1868000E+0	 6.3620001E-1
 2.2004001E+0	 6.3950002E-1
 2.2270999E+0	 6.4270002E-1
 2.2530000E+0	 6.4579999E-1
 2.2709999E+0	 6.4660001E-1
 2.2823000E+0	 6.4960003E-1
 2.2909000E+0	 6.5050000E-1
 2.2967000E+0	 6.5120000E-1
 2.3057001E+0	 6.5160000E-1
 2.3122001E+0	 6.5310001E-1
 2.3281000E+0	 6.5490001E-1
 2.3390000E+0	 6.5609998E-1
 2.3410001E+0	 6.5640002E-1
 2.3418000E+0	 6.5660000E-1
 2.3529000E+0	 6.5789998E-1
 2.3534000E+0	 6.5799999E-1
 2.3571000E+0	 6.5810001E-1
 2.3590000E+0	 6.5859997E-1
 2.3808999E+0	 6.6109997E-1
 2.4037001E+0	 6.6350001E-1
 2.4117000E+0	 6.6409999E-1
 2.4161999E+0	 6.6520000E-1
 2.4298999E+0	 6.6670001E-1
 2.4496000E+0	 6.6869998E-1
 2.4533999E+0	 6.6909999E-1
 2.4549000E+0	 6.6960001E-1
 2.4621999E+0	 6.7030001E-1
 2.4644001E+0	 6.7060000E-1
 2.4683001E+0	 6.7070001E-1
 2.4703000E+0	 6.7129999E-1
 2.4872999E+0	 6.7309999E-1
 2.5107000E+0	 6.7540002E-1
 2.5192001E+0	 6.7610002E-1
 2.5237000E+0	 6.7710000E-1
 2.5328000E+0	 6.7809999E-1
 2.5747001E+0	 6.8220001E-1
 2.5843000E+0	 6.8300003E-1
 2.5881000E+0	 6.8409997E-1
 2.5892999E+0	 6.8419999E-1
 2.5969000E+0	 6.8489999E-1
 2.6064000E+0	 6.8540001E-1
 2.6115000E+0	 6.8660003E-1
 2.6261001E+0	 6.8809998E-1
 2.6338000E+0	 6.8879998E-1
 2.6368001E+0	 6.8900001E-1
 2.6377001E+0	 6.8930000E-1
 2.6513000E+0	 6.9069999E-1
 2.6745000E+0	 6.9290000E-1
 2.6809001E+0	 6.9340003E-1
 2.6824999E+0	 6.9400001E-1
 2.7002001E+0	 6.9580001E-1
 2.7184999E+0	 6.9749999E-1
 2.7365000E+0	 6.9819999E-1
 2.7440000E+0	 7.0020002E-1
 2.7664001E+0	 7.0240003E-1
 2.7758000E+0	 7.0330000E-1
 2.7944000E+0	 7.0400000E-1
 2.8008001E+0	 7.0590001E-1
 2.8152001E+0	 7.0730001E-1
 2.8208001E+0	 7.0779997E-1
 2.8301001E+0	 7.0819998E-1
 2.8352001E+0	 7.0910001E-1
 2.8401000E+0	 7.0980000E-1
 2.8410001E+0	 7.0990002E-1
 2.8570001E+0	 7.1050000E-1
 2.8661001E+0	 7.1190000E-1
 2.8764999E+0	 7.1329999E-1
 2.8855000E+0	 7.1410000E-1
 2.8951001E+0	 7.1460003E-1
 2.9061999E+0	 7.1539998E-1
 2.9260001E+0	 7.1799999E-1
 2.9298999E+0	 7.1840000E-1
 2.9354999E+0	 7.1859998E-1
 2.9425001E+0	 7.1910000E-1
 2.9565001E+0	 7.2090000E-1
 2.9758999E+0	 7.2270000E-1
 2.9783001E+0	 7.2289997E-1
 2.9796000E+0	 7.2310001E-1
 2.9816000E+0	 7.2340000E-1
 2.9814000E+0	 7.2340000E-1
 2.9812000E+0	 7.2340000E-1
 2.9809999E+0	 7.2340000E-1
 2.9809000E+0	 7.2340000E-1
 2.9806001E+0	 7.2340000E-1
 2.9805000E+0	 7.2329998E-1
 2.9806001E+0	 7.2329998E-1
 2.9807000E+0	 7.2340000E-1
 2.9807000E+0	 7.2340000E-1
 2.9807999E+0	 7.2340000E-1
 2.9809000E+0	 7.2340000E-1
 2.9809999E+0	 7.2340000E-1
 2.9813001E+0	 7.2340000E-1
 2.9813001E+0	 7.2340000E-1
 2.9812000E+0	 7.2340000E-1
 2.9812000E+0	 7.2340000E-1
 2.9686999E+0	 7.2259998E-1
 2.9391999E+0	 7.2160000E-1
 2.9275000E+0	 7.2060001E-1
 2.9112999E+0	 7.1899998E-1
 2.8877001E+0	 7.1749997E-1
 2.8622000E+0	 7.1630001E-1
 2.8547001E+0	 7.1539998E-1
 2.8475001E+0	 7.1469998E-1
 2.8401000E+0	 7.1420002E-1
 2.8216000E+0	 7.1350002E-1
 2.8176000E+0	 7.1280003E-1
 2.8148999E+0	 7.1249998E-1
 2.8151000E+0	 7.1249998E-1
 2.8145001E+0	 7.1249998E-1
 2.8139999E+0	 7.1249998E-1
 2.8125999E+0	 7.1240002E-1
 2.8081999E+0	 7.1200001E-1
 2.7976999E+0	 7.1160001E-1
 2.7793000E+0	 7.1100003E-1
 2.7744999E+0	 7.0969999E-1
 2.7693000E+0	 7.0929998E-1
 2.7618999E+0	 7.0889997E-1
 2.7539999E+0	 7.0859998E-1
 2.7430000E+0	 7.0749998E-1
 2.7328999E+0	 7.0679998E-1
 2.7253001E+0	 7.0630002E-1
 2.7195001E+0	 7.0599997E-1
 2.7154000E+0	 7.0550001E-1
 2.7058001E+0	 7.0480001E-1
 2.7014999E+0	 7.0459998E-1
 2.6919999E+0	 7.0429999E-1
 2.6838000E+0	 7.0319998E-1
 2.6763000E+0	 7.0260000E-1
 2.6631000E+0	 7.0190001E-1
 2.6566000E+0	 7.0150000E-1
 2.6538000E+0	 7.0099998E-1
 2.6356001E+0	 6.9959998E-1
 2.6255000E+0	 6.9900000E-1
 2.6243999E+0	 6.9880003E-1
 2.6243000E+0	 6.9870001E-1
 2.6238000E+0	 6.9870001E-1
 2.6125000E+0	 6.9809997E-1
 2.5984001E+0	 6.9760001E-1
 2.5976000E+0	 6.9669998E-1
 2.5890000E+0	 6.9610000E-1
 2.5774000E+0	 6.9540000E-1
 2.5713000E+0	 6.9499999E-1
 2.5688000E+0	 6.9450003E-1
 2.5655000E+0	 6.9430000E-1
 2.5569000E+0	 6.9370002E-1
 2.5418999E+0	 6.9330001E-1
 2.5336001E+0	 6.9180000E-1
 2.5336001E+0	 6.9169998E-1
 2.5336001E+0	 6.9180000E-1
 2.5228000E+0	 6.9090003E-1
 2.5193000E+0	 6.9069999E-1
 2.5170000E+0	 6.9059998E-1
 2.5160999E+0	 6.9040000E-1
 2.5093999E+0	 6.8989998E-1
 2.5072999E+0	 6.8970001E-1
 2.5019000E+0	 6.8959999E-1
 2.4992001E+0	 6.8910003E-1
 2.4865999E+0	 6.8809998E-1
 2.4762001E+0	 6.8739998E-1
 2.4672999E+0	 6.8699998E-1
 2.4638000E+0	 6.8620002E-1
 2.4445000E+0	 6.8460000E-1
 2.4310000E+0	 6.8379998E-1
 2.4235001E+0	 6.8330002E-1
 2.4210999E+0	 6.8269998E-1
 2.4049001E+0	 6.8140000E-1
 2.3836000E+0	 6.7989999E-1
 2.3750000E+0	 6.7930001E-1
 2.3717000E+0	 6.7860001E-1
 2.3601000E+0	 6.7760003E-1
 2.3584001E+0	 6.7750001E-1
 2.3566999E+0	 6.7739999E-1
 2.3562000E+0	 6.7720002E-1
 2.3494000E+0	 6.7670000E-1
 2.3469000E+0	 6.7650002E-1
 2.3376999E+0	 6.7629999E-1
 2.3334999E+0	 6.7530000E-1
 2.3282001E+0	 6.7490000E-1
 2.3153000E+0	 6.7379999E-1
 2.3008001E+0	 6.7330003E-1
 2.2948999E+0	 6.7199999E-1
 2.2927999E+0	 6.7180002E-1
 2.2837999E+0	 6.7110002E-1
 2.2701001E+0	 6.7070001E-1
 2.2672000E+0	 6.6949999E-1
 2.2602999E+0	 6.6890001E-1
 2.2402000E+0	 6.6750002E-1
 2.2255001E+0	 6.6670001E-1
 2.2191000E+0	 6.6520000E-1
 2.2139001E+0	 6.6469997E-1
 2.2063999E+0	 6.6420001E-1
 2.1918001E+0	 6.6369998E-1
 2.1859000E+0	 6.6219997E-1
 2.1740999E+0	 6.6109997E-1
 2.1616001E+0	 6.6009998E-1
 2.1475000E+0	 6.5950000E-1
 2.1415999E+0	 6.5810001E-1
 2.1384001E+0	 6.5770000E-1
 2.1340001E+0	 6.5740001E-1
 2.1206000E+0	 6.5700001E-1
 2.1150000E+0	 6.5549999E-1
 2.1101999E+0	 6.5509999E-1
 2.0887001E+0	 6.5340000E-1
 2.0702000E+0	 6.5240002E-1
 2.0644000E+0	 6.5069997E-1
 2.0518000E+0	 6.4940000E-1
 2.0481000E+0	 6.4910001E-1
 2.0434000E+0	 6.4889997E-1
 2.0414000E+0	 6.4840001E-1
 2.0281000E+0	 6.4709997E-1
 2.0260000E+0	 6.4690000E-1
 2.0151000E+0	 6.4660001E-1
 2.0114000E+0	 6.4539999E-1
 1.9946001E+0	 6.4380002E-1
 1.9795001E+0	 6.4249998E-1
 1.9714000E+0	 6.4179999E-1
 1.9689000E+0	 6.4109999E-1
 1.9582000E+0	 6.3999999E-1
 1.9420000E+0	 6.3870001E-1
 1.9294000E+0	 6.3789999E-1
 1.9253000E+0	 6.3660002E-1
 1.8976001E+0	 6.3380003E-1
 1.8744000E+0	 6.3169998E-1
 1.8650000E+0	 6.3080001E-1
 1.8625000E+0	 6.3000000E-1
 1.8436000E+0	 6.2800002E-1
 1.8422000E+0	 6.2779999E-1
 1.8331000E+0	 6.2750000E-1
 1.8292000E+0	 6.2639999E-1
 1.8019000E+0	 6.2339997E-1
 1.7922000E+0	 6.2250000E-1
 1.7761000E+0	 6.2159997E-1
 1.7701000E+0	 6.1979997E-1
 1.7343000E+0	 6.1580002E-1
 1.6911000E+0	 6.1170000E-1
 1.6846000E+0	 6.1000001E-1
 1.6840000E+0	 6.0979998E-1
 1.6763999E+0	 6.0900003E-1
 1.6710000E+0	 6.0839999E-1
 1.6294000E+0	 6.0699999E-1
 1.6108000E+0	 6.0110003E-1
 1.5608000E+0	 5.9500003E-1
 1.5591000E+0	 5.9460002E-1
 1.5418000E+0	 5.9390002E-1
 1.5349000E+0	 5.9160000E-1
 1.4469000E+0	 5.8039999E-1
 1.4479001E+0	 5.7999998E-1
 1.4447000E+0	 5.7990003E-1
 1.4436001E+0	 5.7950002E-1
 1.4099000E+0	 5.7520002E-1
 1.4069999E+0	 5.7470000E-1
 1.3980000E+0	 5.7419997E-1
 1.3942000E+0	 5.7290000E-1
 1.3625000E+0	 5.6860000E-1
 1.3336000E+0	 5.6529999E-1
 1.3253000E+0	 5.6349999E-1
 1.3236001E+0	 5.6279999E-1
 1.3221000E+0	 5.6260002E-1
 1.3117000E+0	 5.6150001E-1
 1.2983000E+0	 5.6040001E-1
 1.2929000E+0	 5.5839998E-1
 1.2907000E+0	 5.5809999E-1
 1.2902000E+0	 5.5790001E-1
 1.2881000E+0	 5.5779999E-1
 1.2878000E+0	 5.5760002E-1
 1.2785000E+0	 5.5629998E-1
 1.2612000E+0	 5.5440003E-1
 1.2537000E+0	 5.5309999E-1
 1.2510000E+0	 5.5210000E-1
 1.2433000E+0	 5.5100000E-1
 1.2357000E+0	 5.5010003E-1
 1.2331001E+0	 5.4949999E-1
 1.2325000E+0	 5.4930001E-1
 1.2186000E+0	 5.4729998E-1
 1.2098000E+0	 5.4619998E-1
 1.2035000E+0	 5.4519999E-1
 1.2025000E+0	 5.4470003E-1
 1.1876000E+0	 5.4250002E-1
 1.1818000E+0	 5.4159999E-1
 1.1783000E+0	 5.4110003E-1
 1.1770999E+0	 5.4070002E-1
 1.1612000E+0	 5.3829998E-1
 1.1552000E+0	 5.3740001E-1
 1.1392000E+0	 5.3630000E-1
 1.1309000E+0	 5.3329998E-1
 1.1257000E+0	 5.3240001E-1
 1.1214000E+0	 5.3189999E-1
 1.1129000E+0	 5.3109998E-1
 1.1088001E+0	 5.2960002E-1
 1.0828000E+0	 5.2550000E-1
 1.0466000E+0	 5.2039999E-1
 1.0199000E+0	 5.1609999E-1
 1.0149000E+0	 5.1349998E-1
 9.9620003E-1	 5.1029998E-1
 9.8409998E-1	 5.0849998E-1
 9.6899998E-1	 5.0639999E-1
 9.6550000E-1	 5.0459999E-1
 9.4630003E-1	 5.0110000E-1
 9.2479998E-1	 4.9779999E-1
 9.0289998E-1	 4.9509999E-1
 8.9760000E-1	 4.9169999E-1
 8.9300001E-1	 4.9070001E-1
 8.8349998E-1	 4.8930001E-1
 8.6949998E-1	 4.8730001E-1
 8.6589998E-1	 4.8539999E-1
 8.4480000E-1	 4.8120001E-1
 8.3350003E-1	 4.7929999E-1
 8.2539999E-1	 4.7770000E-1
 8.2370001E-1	 4.7670001E-1
 8.1110001E-1	 4.7420001E-1
 7.9589999E-1	 4.7160000E-1
 7.8200001E-1	 4.6910000E-1
 7.7859998E-1	 4.6720001E-1
 7.5779998E-1	 4.6290001E-1
 7.3680001E-1	 4.5919999E-1
 7.2990000E-1	 4.5649999E-1
 7.2939998E-1	 4.5609999E-1
 7.3060000E-1	 4.5620000E-1
 7.3689997E-1	 4.5670000E-1
 7.3030001E-1	 4.5640001E-1
 7.2939998E-1	 4.5600000E-1
 6.8129998E-1	 4.4610000E-1
 6.6229999E-1	 4.4139999E-1
 6.5060002E-1	 4.3840000E-1
 6.4829999E-1	 4.3709999E-1
 6.2449998E-1	 4.3169999E-1
 6.1629999E-1	 4.2960000E-1
 6.0820001E-1	 4.2780000E-1
 6.0589999E-1	 4.2640001E-1
 5.9770000E-1	 4.2440000E-1
 5.8910000E-1	 4.2260000E-1
 5.7470000E-1	 4.1990000E-1
 5.6970000E-1	 4.1710001E-1
 5.5140001E-1	 4.1240001E-1
 5.4110003E-1	 4.0979999E-1
 5.2039999E-1	 4.0599999E-1
 5.1230001E-1	 4.0140000E-1
 4.8789999E-1	 3.9460000E-1
 4.7470000E-1	 3.9100000E-1
 4.5629999E-1	 3.8640001E-1
 4.4940001E-1	 3.8249999E-1
 4.4190001E-1	 3.8000000E-1
 4.3680000E-1	 3.7850001E-1
 4.2820001E-1	 3.7670001E-1
 4.2449999E-1	 3.7439999E-1
 4.0630001E-1	 3.6899999E-1
 3.8519999E-1	 3.6320001E-1
 3.6690000E-1	 3.5699999E-1
 3.6129999E-1	 3.5319999E-1
 3.5150000E-1	 3.4970000E-1
 3.4590000E-1	 3.4779999E-1
 3.3280000E-1	 3.4480000E-1
 3.2630000E-1	 3.4050000E-1
 3.1670001E-1	 3.3690000E-1
 3.0289999E-1	 3.3230001E-1
 2.7970001E-1	 3.2620001E-1
 2.5613999E-1	 3.1819999E-1
 2.5007001E-1	 3.1000000E-1
 2.3694000E-1	 3.0559999E-1
 2.2213000E-1	 3.0010000E-1
 2.1507999E-1	 2.9449999E-1
 2.0716000E-1	 2.9069999E-1
 2.0523000E-1	 2.8929999E-1
 2.0354000E-1	 2.8850001E-1
 2.0279001E-1	 2.8780001E-1
 1.9452000E-1	 2.8459999E-1
 1.8763000E-1	 2.8169999E-1
 1.7515001E-1	 2.7739999E-1
 1.6619000E-1	 2.7160001E-1
 1.4771000E-1	 2.5929001E-1
 1.3516000E-1	 2.5450000E-1
 1.2442000E-1	 2.5003001E-1
 1.1815000E-1	 2.4456000E-1
 1.0204000E-1	 2.3579000E-1
 9.2799999E-2	 2.2993000E-1
 8.6130001E-2	 2.2451000E-1
 8.4430002E-2	 2.2273000E-1
 7.4170001E-2	 2.1719000E-1
 6.3919999E-2	 2.1114001E-1
 3.9870001E-2	 2.0094000E-1
 2.4900001E-2	 1.8411000E-1
 1.0040000E-2	 1.7234001E-1
 5.8100000E-3	 1.6722000E-1
 2.6900000E-3	 1.6401000E-1
 1.7000000E-3	 1.6268000E-1
 9.4000000E-4	 1.6179000E-1
 6.6000002E-4	 1.6140001E-1
 4.6000001E-4	 1.6112000E-1
 3.8000001E-4	 1.6097000E-1
 3.3000001E-4	 1.6083001E-1
 3.0000001E-4	 1.6077000E-1
 2.9000000E-4	 1.6071001E-1
 2.5000001E-4	 1.6067000E-1
 2.3000001E-4	 1.6064000E-1
 2.5000001E-4	 1.6061001E-1
 2.5000001E-4	 1.6058999E-1
 2.5000001E-4	 1.6057000E-1
 2.2000000E-4	 1.6054000E-1
 2.2000000E-4	 1.6053000E-1
 2.3000001E-4	 1.6051000E-1
 2.3999999E-4	 1.6050000E-1
 2.3000001E-4	 1.6049001E-1
 -4.9999999E-5	 1.6045000E-1
 -1.6000000E-4	 1.6038001E-1
 -1.7000000E-4	 1.6032000E-1
 -1.8000000E-4	 1.6029000E-1
 -1.7000000E-4	 1.6027001E-1
 -1.4000000E-4	 1.6023000E-1
 -1.6000000E-4	 1.6022000E-1
 -1.9000001E-4	 1.6019000E-1
 -1.7000000E-4	 1.6019000E-1
 -1.9999999E-4	 1.6017000E-1
 -1.8000000E-4	 1.6016001E-1
 -2.1000000E-4	 1.6013999E-1
 -1.9999999E-4	 1.6012999E-1
 -2.1000000E-4	 1.6012000E-1
 -1.9999999E-4	 1.6011000E-1
 -1.9999999E-4	 1.6009000E-1
 -2.1000000E-4	 1.6010000E-1
 -1.9000001E-4	 1.6009000E-1
 -1.9999999E-4	 1.6009000E-1
 -2.1000000E-4	 1.6008000E-1
 -2.3999999E-4	 1.6007000E-1
 -2.2000000E-4	 1.6007000E-1
 -2.2000000E-4	 1.6006000E-1
 -2.1000000E-4	 1.6005000E-1
 -2.1000000E-4	 1.6004001E-1
 -1.9999999E-4	 1.6004001E-1
 -1.8000000E-4	 1.6004001E-1
 -5.9999998E-5	 1.6004001E-1
 -9.9999997E-6	 1.6005000E-1
 5.9999998E-5	 1.6006000E-1
 1.3000000E-4	 1.6007000E-1
 1.5000001E-4	 1.6007000E-1
 1.4000000E-4	 1.6007000E-1
 1.5000001E-4	 1.6007000E-1
 1.4000000E-4	 1.6007000E-1
 1.5000001E-4	 1.6007000E-1
 1.6000000E-4	 1.6007000E-1
 1.7000000E-4	 1.6007000E-1
 1.8000000E-4	 1.6007000E-1
 1.8000000E-4	 1.6006000E-1
 1.8000000E-4	 1.6006000E-1
 1.7000000E-4	 1.6006000E-1
 1.6000000E-4	 1.6006000E-1
 1.7000000E-4	 1.6006000E-1
 1.9000001E-4	 1.6006000E-1
 -2.2000000E-4	 1.6001000E-1
 -2.5000001E-4	 1.5999000E-1
 -2.2000000E-4	 1.5999000E-1
 -2.3000001E-4	 1.5999000E-1
 -2.6000000E-4	 1.5999000E-1
 -2.3000001E-4	 1.5997000E-1
 -2.3999999E-4	 1.5997000E-1
 -2.6000000E-4	 1.5996000E-1
 -2.5000001E-4	 1.5996000E-1
 -2.5000001E-4	 1.5996000E-1
 -2.8000001E-4	 1.5996000E-1
 -2.6000000E-4	 1.5995000E-1
 -2.5000001E-4	 1.5995000E-1
 -2.3000001E-4	 1.5995000E-1
 -2.3000001E-4	 1.5995000E-1
 -2.2000000E-4	 1.5995000E-1
 -2.3999999E-4	 1.5993001E-1
 -2.6000000E-4	 1.5993001E-1
 -2.5000001E-4	 1.5992001E-1
 -2.3000001E-4	 1.5993001E-1
 -2.6000000E-4	 1.5992001E-1
 -2.6999999E-4	 1.5990999E-1
 -2.5000001E-4	 1.5990999E-1
 -2.6999999E-4	 1.5992001E-1
 -2.6000000E-4	 1.5990999E-1
 -2.3000001E-4	 1.5992001E-1
 -2.3999999E-4	 1.5990999E-1
 -1.9999999E-4	 1.5990999E-1
 -2.2000000E-4	 1.5990999E-1
 -2.2000000E-4	 1.5990999E-1
 -2.3000001E-4	 1.5990999E-1
 -2.1000000E-4	 1.5990999E-1
 -2.1000000E-4	 1.5989999E-1
 -1.9999999E-4	 1.5989999E-1
 -2.2000000E-4	 1.5989999E-1
 -2.5500001E-3	 1.5926000E-1
 -8.2099997E-3	 1.5691000E-1
 -1.5740000E-2	 1.5106000E-1
 -3.6350001E-2	 1.3662000E-1
 -4.8390001E-2	 1.2632000E-1
 -5.9470002E-2	 1.1717000E-1
 -6.6189997E-2	 1.1067000E-1
 -7.7629998E-2	 1.0142000E-1
 -8.9879997E-2	 9.2160001E-2
 -1.0179000E-1	 8.2070000E-2
 -1.1204000E-1	 7.2889999E-2
 -1.2404000E-1	 6.2430002E-2
 -1.3123000E-1	 5.6159999E-2
 -1.3942000E-1	 5.0570000E-2
 -1.4540000E-1	 4.4650000E-2
 -1.5852000E-1	 3.4680001E-2
 -1.6362999E-1	 2.8950000E-2
 -1.6690999E-1	 2.3771999E-2
 -1.7098001E-1	 2.2364000E-2
 -1.7360000E-1	 1.9763000E-2
 -1.7842001E-1	 1.6612001E-2
 -1.8322000E-1	 1.3031000E-2
 -1.8680000E-1	 9.3540000E-3
 -1.9351999E-1	 4.2220000E-3
 -1.9685000E-1	 9.8899996E-4
 -1.9934000E-1	 -1.2610001E-3
 -2.0105000E-1	 -2.9340000E-3
 -2.0530000E-1	 -6.0279998E-3
 -2.0845000E-1	 -8.6139999E-3
 -2.1550000E-1	 -1.2088000E-2
 -2.2085001E-1	 -1.7568000E-2
 -2.2887000E-1	 -2.3748999E-2
 -2.3469999E-1	 -2.8524000E-2
 -2.4191999E-1	 -3.6150001E-2
 -2.5376001E-1	 -4.0520001E-2
 -2.6278001E-1	 -4.8740000E-2
 -2.7230000E-1	 -5.6430001E-2
 -2.7990001E-1	 -6.2569998E-2
 -2.8316000E-1	 -6.6390000E-2
 -2.8564000E-1	 -6.8640001E-2
 -2.8757000E-1	 -7.0210002E-2
 -2.8920001E-1	 -7.1500003E-2
 -2.9028001E-1	 -7.2439998E-2
 -2.9260001E-1	 -7.4050002E-2
 -2.9582000E-1	 -7.6049998E-2
 -3.0254000E-1	 -7.9190001E-2
 -3.1439999E-1	 -8.4239997E-2
 -3.2020000E-1	 -9.2579998E-2
 -3.3059999E-1	 -1.0005000E-1
 -3.4779999E-1	 -1.0870000E-1
 -3.6070001E-1	 -1.2166000E-1
 -3.7300000E-1	 -1.3108000E-1
 -3.8209999E-1	 -1.3756000E-1
 -3.9240000E-1	 -1.4356001E-1
 -3.9879999E-1	 -1.4952999E-1
 -4.0849999E-1	 -1.5595999E-1
 -4.2129999E-1	 -1.6351999E-1
 -4.3099999E-1	 -1.7016999E-1
 -4.3540001E-1	 -1.7412999E-1
 -4.4209999E-1	 -1.7842001E-1
 -4.4839999E-1	 -1.8212999E-1
 -5.0529999E-1	 -1.9791000E-1
 -5.5290002E-1	 -2.3698001E-1
 -5.9549999E-1	 -2.6166999E-1
 -6.0270000E-1	 -2.6960000E-1
 -6.0540003E-1	 -2.7193001E-1
 -6.0600001E-1	 -2.7278000E-1
 -6.0610002E-1	 -2.7307999E-1
 -6.3789999E-1	 -2.8367001E-1
 -6.6469997E-1	 -2.9534000E-1
 -6.7839998E-1	 -3.0930001E-1
 -6.9929999E-1	 -3.1279999E-1
 -7.2890002E-1	 -3.2530001E-1
 -7.5089997E-1	 -3.3350000E-1
 -7.6230001E-1	 -3.3980000E-1
 -7.7319998E-1	 -3.4490001E-1
 -7.8390002E-1	 -3.4889999E-1
 -7.9040003E-1	 -3.5150000E-1
 -7.9490000E-1	 -3.5310000E-1
 -8.0960000E-1	 -3.5859999E-1
 -8.2249999E-1	 -3.6320001E-1
 -8.3300000E-1	 -3.6660001E-1
 -8.5009998E-1	 -3.6910000E-1
 -8.6900002E-1	 -3.7900001E-1
 -8.8959998E-1	 -3.8569999E-1
 -8.9590001E-1	 -3.8900000E-1
 -8.9819998E-1	 -3.8990000E-1
 -9.0310001E-1	 -3.9160001E-1
 -9.1439998E-1	 -3.9449999E-1
 -9.2460001E-1	 -3.9730000E-1
 -9.3229997E-1	 -3.9950001E-1
 -9.4639999E-1	 -4.0470001E-1
 -9.6520001E-1	 -4.0970001E-1
 -9.8180002E-1	 -4.1409999E-1
 -9.9100000E-1	 -4.1740000E-1
 -1.0039999E+0	 -4.2179999E-1
 -1.0111001E+0	 -4.2390001E-1
 -1.0177000E+0	 -4.2550001E-1
 -1.0225000E+0	 -4.2690000E-1
 -1.0324000E+0	 -4.3009999E-1
 -1.0430000E+0	 -4.3270001E-1
 -1.0533000E+0	 -4.3489999E-1
 -1.0582000E+0	 -4.3689999E-1
 -1.0631000E+0	 -4.3860000E-1
 -1.0700001E+0	 -4.4020000E-1
 -1.0767000E+0	 -4.4159999E-1
 -1.0811000E+0	 -4.4290000E-1
 -1.0919000E+0	 -4.4610000E-1
 -1.1051000E+0	 -4.4920000E-1
 -1.1168000E+0	 -4.5150000E-1
 -1.1240000E+0	 -4.5350000E-1
 -1.1350000E+0	 -4.5699999E-1
 -1.1469001E+0	 -4.5969999E-1
 -1.1590000E+0	 -4.6200001E-1
 -1.1667000E+0	 -4.6390000E-1
 -1.1797000E+0	 -4.6779999E-1
 -1.1864001E+0	 -4.6950001E-1
 -1.1932000E+0	 -4.7070000E-1
 -1.1978000E+0	 -4.7180000E-1
 -1.2055000E+0	 -4.7409999E-1
 -1.2156000E+0	 -4.7610000E-1
 -1.2250000E+0	 -4.7790000E-1
 -1.2294000E+0	 -4.7929999E-1
 -1.2330000E+0	 -4.8050001E-1
 -1.2407000E+0	 -4.8199999E-1
 -1.2522000E+0	 -4.8379999E-1
 -1.2579000E+0	 -4.8550001E-1
 -1.2646000E+0	 -4.8750001E-1
 -1.2704000E+0	 -4.8870000E-1
 -1.2818000E+0	 -4.9039999E-1
 -1.2868000E+0	 -4.9190000E-1
 -1.2910000E+0	 -4.9329999E-1
 -1.2960000E+0	 -4.9419999E-1
 -1.2995000E+0	 -4.9489999E-1
 -1.3041000E+0	 -4.9540001E-1
 -1.3108000E+0	 -4.9739999E-1
 -1.3198000E+0	 -4.9919999E-1
 -1.3231000E+0	 -4.9990001E-1
 -1.3267000E+0	 -5.0029999E-1
 -1.3325000E+0	 -5.0199997E-1
 -1.3498000E+0	 -5.0510001E-1
 -1.3554000E+0	 -5.0650001E-1
 -1.3573999E+0	 -5.0709999E-1
 -1.3589000E+0	 -5.0760001E-1
 -1.3703001E+0	 -5.0950003E-1
 -1.3816000E+0	 -5.1130003E-1
 -1.3870000E+0	 -5.1260000E-1
 -1.3931000E+0	 -5.1429999E-1
 -1.4058000E+0	 -5.1650000E-1
 -1.4104000E+0	 -5.1749998E-1
 -1.4145000E+0	 -5.1800001E-1
 -1.4196000E+0	 -5.1950002E-1
 -1.4576000E+0	 -5.2600002E-1
 -1.4723001E+0	 -5.2880001E-1
 -1.4751000E+0	 -5.2999997E-1
 -1.4757000E+0	 -5.3030002E-1
 -1.4798000E+0	 -5.3090000E-1
 -1.4786000E+0	 -5.3100002E-1
 -1.4775000E+0	 -5.3100002E-1
 -1.4763000E+0	 -5.3079998E-1
 -1.4739000E+0	 -5.3060001E-1
 -1.4740000E+0	 -5.3060001E-1
 -1.4766001E+0	 -5.3070003E-1
 -1.4798000E+0	 -5.3109998E-1
 -1.5080000E+0	 -5.3549999E-1
 -1.5358000E+0	 -5.3960001E-1
 -1.5585001E+0	 -5.4250002E-1
 -1.5836999E+0	 -5.4930001E-1
 -1.6194000E+0	 -5.5489999E-1
 -1.6540000E+0	 -5.5960000E-1
 -1.6644000E+0	 -5.6239998E-1
 -1.6700000E+0	 -5.6400001E-1
 -1.7040000E+0	 -5.6889999E-1
 -1.7215000E+0	 -5.7150000E-1
 -1.7354000E+0	 -5.7290000E-1
 -1.7474000E+0	 -5.7620001E-1
 -1.7809000E+0	 -5.8099997E-1
 -1.7900000E+0	 -5.8249998E-1
 -1.8001000E+0	 -5.8319998E-1
 -1.8104000E+0	 -5.8590001E-1
 -1.8314000E+0	 -5.8880001E-1
 -1.8634000E+0	 -5.9259999E-1
 -1.8724000E+0	 -5.9450001E-1
 -1.8767999E+0	 -5.9579998E-1
 -1.8828000E+0	 -5.9660000E-1
 -1.9066000E+0	 -5.9920001E-1
 -1.9112000E+0	 -6.0049999E-1
 -1.9126000E+0	 -6.0089999E-1
 -1.9248000E+0	 -6.0250002E-1
 -1.9285001E+0	 -6.0299999E-1
 -1.9323000E+0	 -6.0329998E-1
 -1.9355000E+0	 -6.0409999E-1
 -1.9516000E+0	 -6.0619998E-1
 -1.9661000E+0	 -6.0790002E-1
 -1.9739000E+0	 -6.0879999E-1
 -1.9797000E+0	 -6.1030000E-1
 -2.0098000E+0	 -6.1409998E-1
 -2.0257001E+0	 -6.1600000E-1
 -2.0332999E+0	 -6.1690003E-1
 -2.0388000E+0	 -6.1830002E-1
 -2.0462000E+0	 -6.1919999E-1
 -2.0599999E+0	 -6.2059999E-1
 -2.0683999E+0	 -6.2140000E-1
 -2.0743999E+0	 -6.2300003E-1
 -2.0920000E+0	 -6.2510002E-1
 -2.1092999E+0	 -6.2699997E-1
 -2.1187000E+0	 -6.2800002E-1
 -2.1256001E+0	 -6.2959999E-1
 -2.1459999E+0	 -6.3209999E-1
 -2.1623001E+0	 -6.3380003E-1
 -2.1745000E+0	 -6.3470000E-1
 -2.1840000E+0	 -6.3700002E-1
 -2.1947999E+0	 -6.3819999E-1
 -2.2033999E+0	 -6.3919997E-1
 -2.2084000E+0	 -6.3959998E-1
 -2.2110000E+0	 -6.4039999E-1
 -2.2472999E+0	 -6.4459997E-1
 -2.2693000E+0	 -6.4690000E-1
 -2.2809000E+0	 -6.4800000E-1
 -2.2899001E+0	 -6.4990002E-1
 -2.2981000E+0	 -6.5079999E-1
 -2.3067999E+0	 -6.5170002E-1
 -2.3211000E+0	 -6.5230000E-1
 -2.3292999E+0	 -6.5460002E-1
 -2.3462999E+0	 -6.5649998E-1
 -2.3800001E+0	 -6.5969998E-1
 -2.3836000E+0	 -6.6079998E-1
 -2.3847001E+0	 -6.6100001E-1
 -2.4020000E+0	 -6.6289997E-1
 -2.4352000E+0	 -6.6610003E-1
 -2.4563000E+0	 -6.6740000E-1
 -2.4705999E+0	 -6.7070001E-1
 -2.5012000E+0	 -6.7390001E-1
 -2.5130000E+0	 -6.7510003E-1
 -2.5237000E+0	 -6.7580003E-1
 -2.5287001E+0	 -6.7710000E-1
 -2.5525999E+0	 -6.7960000E-1
 -2.5720000E+0	 -6.8140000E-1
 -2.5881000E+0	 -6.8229997E-1
 -2.5974000E+0	 -6.8440002E-1
 -2.6019001E+0	 -6.8489999E-1
 -2.6073000E+0	 -6.8540001E-1
 -2.6157999E+0	 -6.8599999E-1
 -2.6199000E+0	 -6.8680000E-1
 -2.6324000E+0	 -6.8809998E-1
 -2.6482000E+0	 -6.8949997E-1
 -2.6577001E+0	 -6.9019997E-1
 -2.6626999E+0	 -6.9129997E-1
 -2.6810999E+0	 -6.9309998E-1
 -2.7168000E+0	 -6.9639999E-1
 -2.7265999E+0	 -6.9720000E-1
 -2.7295001E+0	 -6.9819999E-1
 -2.7307000E+0	 -6.9830000E-1
 -2.7535999E+0	 -7.0029998E-1
 -2.7764001E+0	 -7.0179999E-1
 -2.7837999E+0	 -7.0359999E-1
 -2.8281000E+0	 -7.0789999E-1
 -2.8474000E+0	 -7.0959997E-1
 -2.8670001E+0	 -7.1079999E-1
 -2.8742001E+0	 -7.1240002E-1
 -2.9028001E+0	 -7.1520001E-1
 -2.9329000E+0	 -7.1780002E-1
 -2.9596000E+0	 -7.1920002E-1
 -2.9684000E+0	 -7.2149998E-1
 -2.9804001E+0	 -7.2259998E-1
 -2.9807000E+0	 -7.2270000E-1
 -2.9809999E+0	 -7.2270000E-1
 -2.9842999E+0	 -7.2299999E-1
 -2.9840000E+0	 -7.2299999E-1
 -2.9842999E+0	 -7.2299999E-1
 -2.9844000E+0	 -7.2310001E-1
 -2.9841001E+0	 -7.2310001E-1
 -2.9841001E+0	 -7.2310001E-1
 -2.9839001E+0	 -7.2299999E-1
 -2.9840000E+0	 -7.2310001E-1
 -2.9839001E+0	 -7.2299999E-1
 -2.9841001E+0	 -7.2310001E-1
 -2.9841001E+0	 -7.2310001E-1
 -2.9841001E+0	 -7.2310001E-1
 -2.9842000E+0	 -7.2310001E-1
 -2.9842000E+0	 -7.2310001E-1
 -2.9841001E+0	 -7.2310001E-1
 -2.9841001E+0	 -7.2310001E-1
 -2.9842000E+0	 -7.2310001E-1
 -2.9454000E+0	 -7.2070003E-1
 -2.9052999E+0	 -7.1890002E-1
 -2.9043000E+0	 -7.1799999E-1
 -2.8575001E+0	 -7.1490002E-1
 -2.8031001E+0	 -7.1130002E-1
 -2.7811999E+0	 -7.1020001E-1
 -2.7807000E+0	 -7.0959997E-1
 -2.7607999E+0	 -7.0819998E-1
 -2.7493000E+0	 -7.0749998E-1
 -2.7328000E+0	 -7.0660001E-1
 -2.7311001E+0	 -7.0609999E-1
 -2.7151000E+0	 -7.0499998E-1
 -2.7052000E+0	 -7.0429999E-1
 -2.6856999E+0	 -7.0340002E-1
 -2.6824999E+0	 -7.0279998E-1
 -2.6731999E+0	 -7.0190001E-1
 -2.6477001E+0	 -7.0010000E-1
 -2.6217999E+0	 -6.9840002E-1
 -2.6150999E+0	 -6.9800001E-1
 -2.5959001E+0	 -6.9610000E-1
 -2.5769999E+0	 -6.9470000E-1
 -2.5606999E+0	 -6.9379997E-1
 -2.5546000E+0	 -6.9340003E-1
 -2.5386000E+0	 -6.9169998E-1
 -2.5228000E+0	 -6.9050002E-1
 -2.5123999E+0	 -6.8980002E-1
 -2.5114000E+0	 -6.8959999E-1
 -2.5092001E+0	 -6.8940002E-1
 -2.5060000E+0	 -6.8910003E-1
 -2.4870999E+0	 -6.8800002E-1
 -2.4821999E+0	 -6.8750000E-1
 -2.4735999E+0	 -6.8650001E-1
 -2.4718001E+0	 -6.8640000E-1
 -2.4698999E+0	 -6.8629998E-1
 -2.4684999E+0	 -6.8620002E-1
 -2.4665000E+0	 -6.8589997E-1
 -2.4658000E+0	 -6.8589997E-1
 -2.4519000E+0	 -6.8500000E-1
 -2.4435999E+0	 -6.8470001E-1
 -2.4367001E+0	 -6.8349999E-1
 -2.4224999E+0	 -6.8239999E-1
 -2.4061000E+0	 -6.8129998E-1
 -2.3978000E+0	 -6.8089998E-1
 -2.3906000E+0	 -6.7970002E-1
 -2.3870001E+0	 -6.7940003E-1
 -2.3829000E+0	 -6.7909998E-1
 -2.3780999E+0	 -6.7900002E-1
 -2.3728001E+0	 -6.7820001E-1
 -2.3638999E+0	 -6.7750001E-1
 -2.3532000E+0	 -6.7670000E-1
 -2.3485000E+0	 -6.7650002E-1
 -2.3447001E+0	 -6.7580003E-1
 -2.3324001E+0	 -6.7479998E-1
 -2.3225999E+0	 -6.7409998E-1
 -2.3162999E+0	 -6.7379999E-1
 -2.3088000E+0	 -6.7269999E-1
 -2.2921000E+0	 -6.7129999E-1
 -2.2835000E+0	 -6.7070001E-1
 -2.2756000E+0	 -6.7040002E-1
 -2.2667000E+0	 -6.6900003E-1
 -2.2541001E+0	 -6.6790003E-1
 -2.2311001E+0	 -6.6630000E-1
 -2.2248001E+0	 -6.6570002E-1
 -2.2170000E+0	 -6.6460001E-1
 -2.2156999E+0	 -6.6439998E-1
 -2.1826999E+0	 -6.6200000E-1
 -2.1451001E+0	 -6.6039997E-1
 -2.1308999E+0	 -6.5660000E-1
 -2.0834000E+0	 -6.5230000E-1
 -2.0659001E+0	 -6.5069997E-1
 -2.0571001E+0	 -6.5020001E-1
 -2.0500000E+0	 -6.4880002E-1
 -2.0395999E+0	 -6.4780003E-1
 -2.0353999E+0	 -6.4749998E-1
 -2.0351000E+0	 -6.4730000E-1
 -2.0350001E+0	 -6.4730000E-1
 -2.0342000E+0	 -6.4719999E-1
 -2.0307000E+0	 -6.4700001E-1
 -2.0288999E+0	 -6.4690000E-1
 -2.0272999E+0	 -6.4660001E-1
 -2.0128000E+0	 -6.4520001E-1
 -2.0105000E+0	 -6.4490002E-1
 -2.0100000E+0	 -6.4490002E-1
 -2.0095000E+0	 -6.4480001E-1
 -2.0048001E+0	 -6.4429998E-1
 -2.0041001E+0	 -6.4429998E-1
 -1.9979000E+0	 -6.4420003E-1
 -1.9905000E+0	 -6.4289999E-1
 -1.9762000E+0	 -6.4150000E-1
 -1.9538000E+0	 -6.3959998E-1
 -1.9432000E+0	 -6.3889998E-1
 -1.9353000E+0	 -6.3730001E-1
 -1.9187000E+0	 -6.3559997E-1
 -1.8889000E+0	 -6.3309997E-1
 -1.8807000E+0	 -6.3209999E-1
 -1.8729000E+0	 -6.3069999E-1
 -1.8594000E+0	 -6.2930000E-1
 -1.8408000E+0	 -6.2769997E-1
 -1.8372000E+0	 -6.2709999E-1
 -1.8348000E+0	 -6.2660003E-1
 -1.8176000E+0	 -6.2480003E-1
 -1.8068000E+0	 -6.2379998E-1
 -1.8039000E+0	 -6.2339997E-1
 -1.8016000E+0	 -6.2290001E-1
 -1.8006999E+0	 -6.2279999E-1
 -1.8008000E+0	 -6.2279999E-1
 -1.8011000E+0	 -6.2279999E-1
 -1.8013999E+0	 -6.2290001E-1
 -1.8015000E+0	 -6.2290001E-1
 -1.8012000E+0	 -6.2279999E-1
 -1.8013000E+0	 -6.2279999E-1
 -1.8013999E+0	 -6.2279999E-1
 -1.8013999E+0	 -6.2279999E-1
 -1.8015000E+0	 -6.2290001E-1
 -1.7965000E+0	 -6.2279999E-1
 -1.7910000E+0	 -6.2180001E-1
 -1.7733999E+0	 -6.1989999E-1
 -1.7638000E+0	 -6.1890000E-1
 -1.7603000E+0	 -6.1860001E-1
 -1.7582999E+0	 -6.1809999E-1
 -1.7558000E+0	 -6.1780000E-1
 -1.7559000E+0	 -6.1780000E-1
 -1.7566000E+0	 -6.1780000E-1
 -1.7571000E+0	 -6.1790001E-1
 -1.7596000E+0	 -6.1809999E-1
 -1.7567000E+0	 -6.1790001E-1
 -1.7514000E+0	 -6.1780000E-1
 -1.7476000E+0	 -6.1690003E-1
 -1.7280000E+0	 -6.1479998E-1
 -1.7040000E+0	 -6.1240000E-1
 -1.6968000E+0	 -6.1150002E-1
 -1.6926000E+0	 -6.1049998E-1
 -1.6813999E+0	 -6.0930002E-1
 -1.6748000E+0	 -6.0860002E-1
 -1.6648999E+0	 -6.0810000E-1
 -1.6562999E+0	 -6.0630000E-1
 -1.6328000E+0	 -6.0360003E-1
 -1.6246001E+0	 -6.0259998E-1
 -1.6142000E+0	 -6.0219997E-1
 -1.6116000E+0	 -6.0089999E-1
 -1.5967000E+0	 -5.9909999E-1
 -1.5856000E+0	 -5.9799999E-1
 -1.5810000E+0	 -5.9740001E-1
 -1.5778000E+0	 -5.9670001E-1
 -1.5764000E+0	 -5.9649998E-1
 -1.5675000E+0	 -5.9560001E-1
 -1.5602000E+0	 -5.9509999E-1
 -1.5551000E+0	 -5.9380001E-1
 -1.5400000E+0	 -5.9210002E-1
 -1.5168000E+0	 -5.8960003E-1
 -1.5072000E+0	 -5.8850002E-1
 -1.5013000E+0	 -5.8700001E-1
 -1.4718000E+0	 -5.8329999E-1
 -1.4423000E+0	 -5.7999998E-1
 -1.4389000E+0	 -5.7870001E-1
 -1.4387000E+0	 -5.7859999E-1
 -1.4306999E+0	 -5.7760000E-1
 -1.4108000E+0	 -5.7539999E-1
 -1.3904001E+0	 -5.7429999E-1
 -1.3801000E+0	 -5.7069999E-1
 -1.3566000E+0	 -5.6760001E-1
 -1.3334000E+0	 -5.6480002E-1
 -1.3297000E+0	 -5.6360000E-1
 -1.3290000E+0	 -5.6339997E-1
 -1.3252000E+0	 -5.6290001E-1
 -1.3055000E+0	 -5.6059998E-1
 -1.2927999E+0	 -5.5930001E-1
 -1.2828000E+0	 -5.5669999E-1
 -1.2719001E+0	 -5.5519998E-1
 -1.2578000E+0	 -5.5339998E-1
 -1.2495000E+0	 -5.5250001E-1
 -1.2441000E+0	 -5.5089998E-1
 -1.2284000E+0	 -5.4869998E-1
 -1.2183000E+0	 -5.4720002E-1
 -1.2021000E+0	 -5.4610002E-1
 -1.1860000E+0	 -5.4200000E-1
 -1.1679000E+0	 -5.3930002E-1
 -1.1404999E+0	 -5.3560001E-1
 -1.1131999E+0	 -5.3329998E-1
 -1.0957000E+0	 -5.2740002E-1
 -1.0596000E+0	 -5.2170002E-1
 -1.0413001E+0	 -5.1870000E-1
 -1.0233999E+0	 -5.1690000E-1
 -1.0063000E+0	 -5.1190001E-1
 -9.4169998E-1	 -5.0089997E-1
 -9.3140000E-1	 -4.9829999E-1
 -9.2540002E-1	 -4.9750000E-1
 -9.2110002E-1	 -4.9599999E-1
 -9.1130000E-1	 -4.9430001E-1
 -8.9889997E-1	 -4.9230000E-1
 -8.8849998E-1	 -4.9090001E-1
 -8.8129997E-1	 -4.8840001E-1
 -8.5920000E-1	 -4.8429999E-1
 -8.4259999E-1	 -4.8130000E-1
 -8.3200002E-1	 -4.7940001E-1
 -8.2319999E-1	 -4.7659999E-1
 -8.0720001E-1	 -4.7360000E-1
 -7.8979999E-1	 -4.7040001E-1
 -7.7770001E-1	 -4.6840000E-1
 -7.7179998E-1	 -4.6570000E-1
 -7.4620003E-1	 -4.6070001E-1
 -7.1910000E-1	 -4.5539999E-1
 -6.9489998E-1	 -4.5140001E-1
 -6.7519999E-1	 -4.4400001E-1
 -6.6310000E-1	 -4.4100001E-1
 -6.4690000E-1	 -4.3779999E-1
 -6.3139999E-1	 -4.3500000E-1
 -6.1650002E-1	 -4.2950001E-1
 -5.7130003E-1	 -4.1880000E-1
 -5.4229999E-1	 -4.1150001E-1
 -5.3200001E-1	 -4.0709999E-1
 -5.2999997E-1	 -4.0599999E-1
 -5.2509999E-1	 -4.0480000E-1
 -5.1760000E-1	 -4.0310001E-1
 -5.0540000E-1	 -4.0110001E-1
 -4.9280000E-1	 -3.9579999E-1
 -4.7850001E-1	 -3.9120001E-1
 -4.6830001E-1	 -3.8880000E-1
 -4.5829999E-1	 -3.8670000E-1
 -4.4970000E-1	 -3.8260001E-1
 -4.3160000E-1	 -3.7750000E-1
 -4.1520000E-1	 -3.7279999E-1
 -4.0570000E-1	 -3.6930001E-1
 -4.0000001E-1	 -3.6649999E-1
 -3.8069999E-1	 -3.6080000E-1
 -3.6980000E-1	 -3.5690001E-1
 -3.6050001E-1	 -3.5440001E-1
 -3.5260001E-1	 -3.5020000E-1
 -3.1220001E-1	 -3.3739999E-1
 -2.8110000E-1	 -3.2580000E-1
 -2.5481999E-1	 -3.1740001E-1
 -2.3367000E-1	 -3.0939999E-1
 -2.1027000E-1	 -2.9319999E-1
 -1.6579001E-1	 -2.7689999E-1
 -1.1764000E-1	 -2.2996999E-1
 -5.7950001E-2	 -2.1388000E-1
 -3.1789999E-2	 -1.9205000E-1
 -1.4840000E-2	 -1.7643000E-1
 -7.4800001E-3	 -1.6883001E-1
 -3.9700000E-3	 -1.6491000E-1
 -2.1700000E-3	 -1.6289000E-1
 -1.3100000E-3	 -1.6181000E-1
 -8.5000001E-4	 -1.6120000E-1
 -6.0000003E-4	 -1.6087000E-1
 -4.6000001E-4	 -1.6066000E-1
 -3.9000000E-4	 -1.6052000E-1
 -3.4999999E-4	 -1.6043000E-1
 -3.3000001E-4	 -1.6035999E-1
 -3.0000001E-4	 -1.6031000E-1
 -2.8000001E-4	 -1.6026001E-1
 -2.6999999E-4	 -1.6023000E-1
 -2.3999999E-4	 -1.6020000E-1
 -2.3999999E-4	 -1.6018000E-1
 -2.5000001E-4	 -1.6015001E-1
 -2.5000001E-4	 -1.6013999E-1
 4.9999999E-5	 -1.6007000E-1
 1.2000000E-4	 -1.6001000E-1
 1.4000000E-4	 -1.5995000E-1
 1.4000000E-4	 -1.5992001E-1
 1.5000001E-4	 -1.5989000E-1
 1.5000001E-4	 -1.5987000E-1
 1.3000000E-4	 -1.5985000E-1
 1.5000001E-4	 -1.5984000E-1
 1.5000001E-4	 -1.5983000E-1
 1.3000000E-4	 -1.5982001E-1
 1.5000001E-4	 -1.5979999E-1
 1.3000000E-4	 -1.5978000E-1
 1.7000000E-4	 -1.5977000E-1
 1.8000000E-4	 -1.5976000E-1
 1.6000000E-4	 -1.5975000E-1
 1.5000001E-4	 -1.5974000E-1
 1.4000000E-4	 -1.5972000E-1
 1.5000001E-4	 -1.5972000E-1
 1.5000001E-4	 -1.5970001E-1
 1.4000000E-4	 -1.5970001E-1
 1.3000000E-4	 -1.5970001E-1
 1.5000001E-4	 -1.5968999E-1
 1.2000000E-4	 -1.5970001E-1
 1.6000000E-4	 -1.5968999E-1
 1.7000000E-4	 -1.5967000E-1
 1.7000000E-4	 -1.5967000E-1
 1.8000000E-4	 -1.5966000E-1
 1.9000001E-4	 -1.5964000E-1
 1.9000001E-4	 -1.5964000E-1
 1.7000000E-4	 -1.5964000E-1
 1.7000000E-4	 -1.5965000E-1
 1.8000000E-4	 -1.5965000E-1
 1.7000000E-4	 -1.5964000E-1
 1.9000001E-4	 -1.5964000E-1
 1.7000000E-4	 -1.5963000E-1
 1.8000000E-4	 -1.5963000E-1
 1.7000000E-4	 -1.5963000E-1
 1.7000000E-4	 -1.5962000E-1
 1.6000000E-4	 -1.5962000E-1
 1.8000000E-4	 -1.5961000E-1
 1.8000000E-4	 -1.5961000E-1
 1.9999999E-4	 -1.5961000E-1
 1.9000001E-4	 -1.5961000E-1
 1.9999999E-4	 -1.5959001E-1
 2.1000000E-4	 -1.5959001E-1
 1.9999999E-4	 -1.5958001E-1
 1.9000001E-4	 -1.5958001E-1
 1.7000000E-4	 -1.5958001E-1
 1.9999999E-4	 -1.5958001E-1
 1.9000001E-4	 -1.5956999E-1
 2.2000000E-4	 -1.5956999E-1
 1.9999999E-4	 -1.5956999E-1
 1.9999999E-4	 -1.5956999E-1
 2.5000001E-4	 -1.5955999E-1
 2.3999999E-4	 -1.5955999E-1
 2.5000001E-4	 -1.5955000E-1
 2.6000000E-4	 -1.5954000E-1
 2.3000001E-4	 -1.5954000E-1
 2.2000000E-4	 -1.5955000E-1
 2.3000001E-4	 -1.5955000E-1
 2.3000001E-4	 -1.5954000E-1
 2.3000001E-4	 -1.5955000E-1
 2.1000000E-4	 -1.5954000E-1
 2.1000000E-4	 -1.5953000E-1
 2.2000000E-4	 -1.5954000E-1
 2.3000001E-4	 -1.5953000E-1
 2.3000001E-4	 -1.5952000E-1
 2.2000000E-4	 -1.5953000E-1
 2.2000000E-4	 -1.5953000E-1
 2.5000001E-4	 -1.5953000E-1
 2.2000000E-4	 -1.5953000E-1
 2.1000000E-4	 -1.5952000E-1
 2.1000000E-4	 -1.5952000E-1
 1.9999999E-4	 -1.5952000E-1
 1.8000000E-4	 -1.5951000E-1
 1.9999999E-4	 -1.5952000E-1
 1.9999999E-4	 -1.5951000E-1
 1.9999999E-4	 -1.5951000E-1
 1.9999999E-4	 -1.5950000E-1
 1.9000001E-4	 -1.5951000E-1
 1.9999999E-4	 -1.5951000E-1
 2.2000000E-4	 -1.5950000E-1
 2.1000000E-4	 -1.5949000E-1
 1.8000000E-4	 -1.5949000E-1
 1.9000001E-4	 -1.5949000E-1
 1.9000001E-4	 -1.5949000E-1
 1.9999999E-4	 -1.5948001E-1
 2.1000000E-4	 -1.5948001E-1
 1.8000000E-4	 -1.5948001E-1
 1.9000001E-4	 -1.5949000E-1
 2.2000000E-4	 -1.5948001E-1
