I (A)          B (T)      -1.6000000E-4	 1.5768001E-2
 -1.6000000E-4	 1.5773000E-2
 1.9999999E-5	 1.5850000E-2
 1.9000001E-4	 1.5996000E-2
 2.1000000E-4	 1.6023001E-2
 2.2000000E-4	 1.6039001E-2
 2.3000001E-4	 1.6037000E-2
 2.5000001E-4	 1.6040999E-2
 2.5000001E-4	 1.6043000E-2
 2.5000001E-4	 1.6051000E-2
 2.5000001E-4	 1.6053000E-2
 2.6000000E-4	 1.6062999E-2
 2.6000000E-4	 1.6059000E-2
 2.6000000E-4	 1.6075000E-2
 2.6000000E-4	 1.6059000E-2
 2.5000001E-4	 1.6045000E-2
 2.6000000E-4	 1.6059000E-2
 2.5000001E-4	 1.6054001E-2
 2.2000000E-4	 1.6045000E-2
 2.3999999E-4	 1.6037000E-2
 2.3000001E-4	 1.6043000E-2
 2.3000001E-4	 1.6047999E-2
 2.3999999E-4	 1.6050000E-2
 2.3000001E-4	 1.6045000E-2
 2.2000000E-4	 1.6039999E-2
 2.3000001E-4	 1.6049000E-2
 2.5000001E-4	 1.6049000E-2
 7.6000002E-4	 1.6194001E-2
 1.6800000E-3	 1.7049000E-2
 2.0730000E-2	 3.8279999E-2
 4.4390000E-2	 5.3800002E-2
 6.1149999E-2	 6.9150001E-2
 7.9259999E-2	 8.8590004E-2
 9.5640004E-2	 1.0640000E-1
 1.0442000E-1	 1.1541000E-1
 1.1210000E-1	 1.2428000E-1
 1.1756000E-1	 1.3025001E-1
 1.2240000E-1	 1.3549000E-1
 1.2745000E-1	 1.4097001E-1
 1.3770001E-1	 1.5103000E-1
 1.5067001E-1	 1.6565000E-1
 1.6180000E-1	 1.7865001E-1
 1.7365000E-1	 1.9101000E-1
 1.8973000E-1	 2.0895000E-1
 2.0213000E-1	 2.2321001E-1
 2.1489000E-1	 2.3666000E-1
 2.2266001E-1	 2.4637000E-1
 2.3452000E-1	 2.5931001E-1
 2.4523000E-1	 2.7168000E-1
 2.5742999E-1	 2.8536001E-1
 2.6914001E-1	 2.9789001E-1
 2.8562999E-1	 3.2179999E-1
 2.9663000E-1	 3.2789999E-1
 3.0129999E-1	 3.3329999E-1
 3.0840001E-1	 3.3829999E-1
 3.1470001E-1	 3.4750000E-1
 3.1990001E-1	 3.5360000E-1
 3.2480001E-1	 3.5960001E-1
 3.3260000E-1	 3.6669999E-1
 3.4340000E-1	 3.7840000E-1
 3.5120001E-1	 3.8749999E-1
 3.5749999E-1	 3.9420000E-1
 3.6649999E-1	 4.0290001E-1
 3.7880000E-1	 4.1690001E-1
 3.8589999E-1	 4.2480001E-1
 3.9809999E-1	 4.3669999E-1
 4.0650001E-1	 4.4600001E-1
 4.1450000E-1	 4.5590001E-1
 4.1800001E-1	 4.5980000E-1
 4.2129999E-1	 4.6370000E-1
 4.2480001E-1	 4.6689999E-1
 4.3140000E-1	 4.7350001E-1
 4.3889999E-1	 4.8210001E-1
 4.5140001E-1	 4.9529999E-1
 4.6140000E-1	 5.0569999E-1
 4.7119999E-1	 5.1730001E-1
 4.7710001E-1	 5.2389997E-1
 4.8769999E-1	 5.3530002E-1
 5.0150001E-1	 5.4869998E-1
 5.1959997E-1	 5.6870002E-1
 5.3250003E-1	 5.8370000E-1
 5.4629999E-1	 5.9920001E-1
 5.5949998E-1	 6.1180001E-1
 5.7630002E-1	 6.2879997E-1
 5.8410001E-1	 6.3999999E-1
 5.9149998E-1	 6.4789999E-1
 5.9439999E-1	 6.5170002E-1
 5.9990001E-1	 6.5609998E-1
 6.0360003E-1	 6.6159999E-1
 6.1519998E-1	 6.7240000E-1
 6.2379998E-1	 6.8190002E-1
 6.3709998E-1	 6.9430000E-1
 6.4440000E-1	 7.0450002E-1
 6.7409998E-1	 7.3070002E-1
 6.8800002E-1	 7.4849999E-1
 7.0260000E-1	 7.6330000E-1
 7.0789999E-1	 7.7069998E-1
 7.4000001E-1	 7.9830003E-1
 7.5480002E-1	 8.1660002E-1
 7.6870000E-1	 8.3060002E-1
 7.7270001E-1	 8.3579999E-1
 7.7890003E-1	 8.4149998E-1
 7.9119998E-1	 8.5200000E-1
 8.0760002E-1	 8.6739999E-1
 8.1379998E-1	 8.7570000E-1
 8.2080001E-1	 8.8220000E-1
 8.2900000E-1	 8.8929999E-1
 8.4039998E-1	 8.9910001E-1
 8.4539998E-1	 9.0600002E-1
 8.4950000E-1	 9.0979999E-1
 8.5159999E-1	 9.1189998E-1
 8.5450000E-1	 9.1409999E-1
 8.5600001E-1	 9.1610003E-1
 8.6799997E-1	 9.2549998E-1
 8.8309997E-1	 9.3839997E-1
 9.0679997E-1	 9.5660001E-1
 9.1900003E-1	 9.7180003E-1
 9.4370002E-1	 9.9119997E-1
 9.6120000E-1	 1.0071000E+0
 9.8329997E-1	 1.0247000E+0
 9.9190003E-1	 1.0337000E+0
 9.9949998E-1	 1.0395000E+0
 1.0094000E+0	 1.0464000E+0
 1.0216000E+0	 1.0553000E+0
 1.0260000E+0	 1.0603000E+0
 1.0332000E+0	 1.0653000E+0
 1.0448000E+0	 1.0727000E+0
 1.0650001E+0	 1.0845000E+0
 1.0750999E+0	 1.0954000E+0
 1.0987000E+0	 1.1098000E+0
 1.1051000E+0	 1.1158000E+0
 1.1144000E+0	 1.1201000E+0
 1.1193000E+0	 1.1249000E+0
 1.1425000E+0	 1.1374000E+0
 1.1507000E+0	 1.1434000E+0
 1.1576999E+0	 1.1472000E+0
 1.1601000E+0	 1.1493000E+0
 1.1636000E+0	 1.1511000E+0
 1.1742001E+0	 1.1562001E+0
 1.1874000E+0	 1.1622000E+0
 1.1921000E+0	 1.1663001E+0
 1.2259001E+0	 1.1812000E+0
 1.2320000E+0	 1.1857001E+0
 1.2344000E+0	 1.1869000E+0
 1.2347000E+0	 1.1872000E+0
 1.2395000E+0	 1.1892000E+0
 1.2485000E+0	 1.1928000E+0
 1.2582999E+0	 1.1963000E+0
 1.2616000E+0	 1.1990000E+0
 1.2830000E+0	 1.2070000E+0
 1.2902000E+0	 1.2105000E+0
 1.2998000E+0	 1.2132000E+0
 1.3030000E+0	 1.2156000E+0
 1.3130000E+0	 1.2192000E+0
 1.3187000E+0	 1.2214000E+0
 1.3350000E+0	 1.2251000E+0
 1.3408999E+0	 1.2295001E+0
 1.3503000E+0	 1.2327000E+0
 1.3556000E+0	 1.2345001E+0
 1.3652000E+0	 1.2368000E+0
 1.3681000E+0	 1.2388000E+0
 1.3757000E+0	 1.2412000E+0
 1.3834000E+0	 1.2436000E+0
 1.3902000E+0	 1.2454000E+0
 1.3918000E+0	 1.2465000E+0
 1.4079000E+0	 1.2512000E+0
 1.4220001E+0	 1.2553000E+0
 1.4337000E+0	 1.2581000E+0
 1.4362000E+0	 1.2599000E+0
 1.4617000E+0	 1.2668000E+0
 1.4773000E+0	 1.2711999E+0
 1.4809000E+0	 1.2724000E+0
 1.4811000E+0	 1.2725000E+0
 1.4823000E+0	 1.2729000E+0
 1.4888000E+0	 1.2744000E+0
 1.4945000E+0	 1.2756000E+0
 1.4956000E+0	 1.2764000E+0
 1.5213000E+0	 1.2826999E+0
 1.5388000E+0	 1.2869999E+0
 1.5452000E+0	 1.2887000E+0
 1.5460000E+0	 1.2891999E+0
 1.5487000E+0	 1.2898999E+0
 1.5575000E+0	 1.2918000E+0
 1.5771000E+0	 1.2951000E+0
 1.5806000E+0	 1.2975000E+0
 1.5881000E+0	 1.2992001E+0
 1.5973001E+0	 1.3012000E+0
 1.6066999E+0	 1.3028001E+0
 1.6081001E+0	 1.3039000E+0
 1.6221000E+0	 1.3070000E+0
 1.6374000E+0	 1.3102000E+0
 1.6494000E+0	 1.3123000E+0
 1.6510000E+0	 1.3134000E+0
 1.6554000E+0	 1.3144000E+0
 1.6640000E+0	 1.3161000E+0
 1.6789000E+0	 1.3183000E+0
 1.6811000E+0	 1.3198000E+0
 1.6877000E+0	 1.3212000E+0
 1.7012000E+0	 1.3238000E+0
 1.7127000E+0	 1.3257000E+0
 1.7142000E+0	 1.3267000E+0
 1.7683001E+0	 1.3372999E+0
 1.7700000E+0	 1.3377000E+0
 1.7704999E+0	 1.3378000E+0
 1.7704999E+0	 1.3379000E+0
 1.7694000E+0	 1.3377000E+0
 1.7703000E+0	 1.3378000E+0
 1.7699000E+0	 1.3378000E+0
 1.7699000E+0	 1.3378000E+0
 1.7707000E+0	 1.3379000E+0
 1.8031000E+0	 1.3437001E+0
 1.8132000E+0	 1.3457000E+0
 1.8160000E+0	 1.3465000E+0
 1.8322999E+0	 1.3494000E+0
 1.8437999E+0	 1.3514000E+0
 1.8704000E+0	 1.3550000E+0
 1.8729000E+0	 1.3568000E+0
 1.8764000E+0	 1.3573999E+0
 1.8772000E+0	 1.3575000E+0
 1.8821000E+0	 1.3582000E+0
 1.8836000E+0	 1.3587000E+0
 1.8963000E+0	 1.3609000E+0
 1.9138000E+0	 1.3637000E+0
 1.9299001E+0	 1.3659000E+0
 1.9311000E+0	 1.3668000E+0
 1.9329000E+0	 1.3671000E+0
 1.9473000E+0	 1.3694000E+0
 1.9564000E+0	 1.3707000E+0
 1.9571000E+0	 1.3712000E+0
 1.9757000E+0	 1.3742000E+0
 1.9965000E+0	 1.3775001E+0
 2.0148001E+0	 1.3800000E+0
 2.0190001E+0	 1.3811001E+0
 2.0401001E+0	 1.3845000E+0
 2.0448000E+0	 1.3852000E+0
 2.0616000E+0	 1.3874000E+0
 2.0662000E+0	 1.3884000E+0
 2.1022999E+0	 1.3940001E+0
 2.1176000E+0	 1.3961999E+0
 2.1408000E+0	 1.3990999E+0
 2.1452000E+0	 1.4002000E+0
 2.1737001E+0	 1.4044000E+0
 2.1738999E+0	 1.4044000E+0
 2.1823001E+0	 1.4053000E+0
 2.1835001E+0	 1.4057000E+0
 2.2065001E+0	 1.4090000E+0
 2.2161000E+0	 1.4103000E+0
 2.2248001E+0	 1.4114000E+0
 2.2265999E+0	 1.4117000E+0
 2.2607000E+0	 1.4164000E+0
 2.3006001E+0	 1.4216000E+0
 2.3297000E+0	 1.4248000E+0
 2.3315001E+0	 1.4256999E+0
 2.3520999E+0	 1.4284000E+0
 2.3845999E+0	 1.4325000E+0
 2.3928001E+0	 1.4334000E+0
 2.3933001E+0	 1.4335999E+0
 2.3950000E+0	 1.4339000E+0
 2.4179001E+0	 1.4366000E+0
 2.4223001E+0	 1.4372000E+0
 2.4229000E+0	 1.4373000E+0
 2.4268999E+0	 1.4378000E+0
 2.4331000E+0	 1.4385999E+0
 2.4519000E+0	 1.4406000E+0
 2.4545000E+0	 1.4411000E+0
 2.4663000E+0	 1.4426000E+0
 2.5156000E+0	 1.4484000E+0
 2.5248001E+0	 1.4493999E+0
 2.5258999E+0	 1.4497000E+0
 2.5272000E+0	 1.4498000E+0
 2.5462000E+0	 1.4520000E+0
 2.5618999E+0	 1.4536999E+0
 2.5627999E+0	 1.4539000E+0
 2.5725000E+0	 1.4551001E+0
 2.5878000E+0	 1.4568000E+0
 2.5897999E+0	 1.4570000E+0
 2.5906000E+0	 1.4571000E+0
 2.6106000E+0	 1.4594001E+0
 2.6197000E+0	 1.4604000E+0
 2.6308999E+0	 1.4614000E+0
 2.6319001E+0	 1.4617000E+0
 2.6415000E+0	 1.4628000E+0
 2.6677999E+0	 1.4656000E+0
 2.6719000E+0	 1.4661000E+0
 2.6724000E+0	 1.4662000E+0
 2.6791999E+0	 1.4669000E+0
 2.6893001E+0	 1.4680001E+0
 2.7054999E+0	 1.4694999E+0
 2.7077999E+0	 1.4698000E+0
 2.7484000E+0	 1.4743000E+0
 2.7709000E+0	 1.4766999E+0
 2.7844000E+0	 1.4779000E+0
 2.7851000E+0	 1.4780999E+0
 2.7901001E+0	 1.4787000E+0
 2.8048999E+0	 1.4802001E+0
 2.8141000E+0	 1.4809999E+0
 2.8155999E+0	 1.4812000E+0
 2.8280001E+0	 1.4826000E+0
 2.8764000E+0	 1.4874001E+0
 2.8972001E+0	 1.4892000E+0
 2.8987000E+0	 1.4895000E+0
 2.9142001E+0	 1.4911000E+0
 2.9319999E+0	 1.4929000E+0
 2.9394000E+0	 1.4935000E+0
 2.9398000E+0	 1.4937000E+0
 2.9400001E+0	 1.4937000E+0
 2.9402001E+0	 1.4937000E+0
 2.9398000E+0	 1.4937000E+0
 2.9396999E+0	 1.4937000E+0
 2.9396999E+0	 1.4937000E+0
 2.9398000E+0	 1.4937000E+0
 2.9396999E+0	 1.4937000E+0
 2.9396000E+0	 1.4937000E+0
 2.9395001E+0	 1.4937000E+0
 2.9303999E+0	 1.4929000E+0
 2.8864000E+0	 1.4894000E+0
 2.8783000E+0	 1.4892000E+0
 2.8612001E+0	 1.4870000E+0
 2.8311000E+0	 1.4844000E+0
 2.8099000E+0	 1.4827000E+0
 2.8032999E+0	 1.4823999E+0
 2.7929001E+0	 1.4809000E+0
 2.7843001E+0	 1.4802001E+0
 2.7739000E+0	 1.4793000E+0
 2.7720001E+0	 1.4792000E+0
 2.7542000E+0	 1.4773999E+0
 2.7295001E+0	 1.4751000E+0
 2.7189000E+0	 1.4742000E+0
 2.7170999E+0	 1.4741000E+0
 2.7014000E+0	 1.4724000E+0
 2.6933999E+0	 1.4717000E+0
 2.6849999E+0	 1.4710000E+0
 2.6839001E+0	 1.4709001E+0
 2.6761000E+0	 1.4700000E+0
 2.6554000E+0	 1.4680001E+0
 2.6387999E+0	 1.4665999E+0
 2.6382000E+0	 1.4664000E+0
 2.6348000E+0	 1.4660000E+0
 2.6248000E+0	 1.4650000E+0
 2.6084001E+0	 1.4636000E+0
 2.6015000E+0	 1.4632000E+0
 2.5922000E+0	 1.4618000E+0
 2.5862000E+0	 1.4612000E+0
 2.5678000E+0	 1.4595000E+0
 2.5646999E+0	 1.4592000E+0
 2.5613999E+0	 1.4586999E+0
 2.5497000E+0	 1.4575000E+0
 2.5380001E+0	 1.4564000E+0
 2.5367000E+0	 1.4562000E+0
 2.5353999E+0	 1.4560000E+0
 2.5315001E+0	 1.4556000E+0
 2.5288000E+0	 1.4554000E+0
 2.5260000E+0	 1.4553000E+0
 2.5230999E+0	 1.4547000E+0
 2.4999001E+0	 1.4523000E+0
 2.4783001E+0	 1.4502000E+0
 2.4776001E+0	 1.4500000E+0
 2.4760001E+0	 1.4497000E+0
 2.4732001E+0	 1.4493999E+0
 2.4642999E+0	 1.4486001E+0
 2.4628999E+0	 1.4484000E+0
 2.4611001E+0	 1.4481000E+0
 2.4545000E+0	 1.4474000E+0
 2.4491999E+0	 1.4469000E+0
 2.4439001E+0	 1.4468000E+0
 2.4391999E+0	 1.4457999E+0
 2.4161000E+0	 1.4432000E+0
 2.4052999E+0	 1.4421999E+0
 2.4042001E+0	 1.4420000E+0
 2.3979001E+0	 1.4412000E+0
 2.3945000E+0	 1.4408000E+0
 2.3945000E+0	 1.4408000E+0
 2.3945999E+0	 1.4408000E+0
 2.3791001E+0	 1.4392999E+0
 2.3724000E+0	 1.4389000E+0
 2.3669000E+0	 1.4377000E+0
 2.3552001E+0	 1.4364001E+0
 2.3485000E+0	 1.4357001E+0
 2.3387001E+0	 1.4352000E+0
 2.3357000E+0	 1.4341000E+0
 2.3220999E+0	 1.4325000E+0
 2.3130000E+0	 1.4316000E+0
 2.3072000E+0	 1.4313000E+0
 2.3020000E+0	 1.4302000E+0
 2.2962999E+0	 1.4295000E+0
 2.2764001E+0	 1.4274000E+0
 2.2686000E+0	 1.4269000E+0
 2.2627001E+0	 1.4255000E+0
 2.2532001E+0	 1.4243000E+0
 2.2379000E+0	 1.4226000E+0
 2.2309999E+0	 1.4222000E+0
 2.2251999E+0	 1.4209000E+0
 2.2140000E+0	 1.4195000E+0
 2.1945000E+0	 1.4173000E+0
 2.1781001E+0	 1.4165000E+0
 2.1645000E+0	 1.4132000E+0
 2.1593001E+0	 1.4126000E+0
 2.1552000E+0	 1.4121000E+0
 2.1526999E+0	 1.4119000E+0
 2.1508999E+0	 1.4115000E+0
 2.1363001E+0	 1.4096000E+0
 2.1166000E+0	 1.4071000E+0
 2.1129999E+0	 1.4068000E+0
 2.1106999E+0	 1.4062001E+0
 2.1054001E+0	 1.4055001E+0
 2.1011000E+0	 1.4049000E+0
 2.1001999E+0	 1.4048001E+0
 2.0997000E+0	 1.4047000E+0
 2.0896001E+0	 1.4033999E+0
 2.0766001E+0	 1.4018000E+0
 2.0667000E+0	 1.4011000E+0
 2.0585999E+0	 1.3990999E+0
 2.0451000E+0	 1.3973000E+0
 2.0388000E+0	 1.3965000E+0
 2.0373001E+0	 1.3963000E+0
 2.0362999E+0	 1.3960000E+0
 2.0359001E+0	 1.3959000E+0
 2.0360000E+0	 1.3960000E+0
 2.0346999E+0	 1.3959000E+0
 2.0336001E+0	 1.3956000E+0
 2.0272999E+0	 1.3947999E+0
 2.0185001E+0	 1.3936000E+0
 2.0050001E+0	 1.3930000E+0
 1.9934000E+0	 1.3899000E+0
 1.9691000E+0	 1.3864000E+0
 1.9627000E+0	 1.3855000E+0
 1.9591000E+0	 1.3853000E+0
 1.9568000E+0	 1.3845000E+0
 1.9546000E+0	 1.3842000E+0
 1.9523000E+0	 1.3839000E+0
 1.9521000E+0	 1.3839000E+0
 1.9521000E+0	 1.3838000E+0
 1.9511000E+0	 1.3837000E+0
 1.9302000E+0	 1.3809000E+0
 1.9089000E+0	 1.3796000E+0
 1.8938000E+0	 1.3750000E+0
 1.8722000E+0	 1.3717000E+0
 1.8635000E+0	 1.3704000E+0
 1.8580000E+0	 1.3698000E+0
 1.8544000E+0	 1.3688000E+0
 1.8478000E+0	 1.3678000E+0
 1.8451000E+0	 1.3674001E+0
 1.8408999E+0	 1.3670000E+0
 1.8379000E+0	 1.3661000E+0
 1.8144000E+0	 1.3623000E+0
 1.8009000E+0	 1.3602999E+0
 1.7996000E+0	 1.3599000E+0
 1.7993000E+0	 1.3598000E+0
 1.7986000E+0	 1.3597000E+0
 1.7907000E+0	 1.3585000E+0
 1.7903000E+0	 1.3583000E+0
 1.7903000E+0	 1.3583000E+0
 1.7905000E+0	 1.3583000E+0
 1.7903000E+0	 1.3583000E+0
 1.7896000E+0	 1.3582000E+0
 1.7891999E+0	 1.3581001E+0
 1.7772000E+0	 1.3561000E+0
 1.7483000E+0	 1.3516999E+0
 1.7409000E+0	 1.3503000E+0
 1.7368000E+0	 1.3491000E+0
 1.7273999E+0	 1.3475000E+0
 1.7249000E+0	 1.3470000E+0
 1.7247000E+0	 1.3470000E+0
 1.7247000E+0	 1.3469000E+0
 1.7248000E+0	 1.3470000E+0
 1.7250000E+0	 1.3470000E+0
 1.7182000E+0	 1.3465000E+0
 1.7138000E+0	 1.3450000E+0
 1.6927000E+0	 1.3413000E+0
 1.6876000E+0	 1.3404000E+0
 1.6871001E+0	 1.3401999E+0
 1.6871001E+0	 1.3401999E+0
 1.6871001E+0	 1.3401999E+0
 1.6867000E+0	 1.3401000E+0
 1.6868000E+0	 1.3401000E+0
 1.6869000E+0	 1.3401000E+0
 1.6864001E+0	 1.3400000E+0
 1.6820000E+0	 1.3394001E+0
 1.6712000E+0	 1.3385000E+0
 1.6640000E+0	 1.3358999E+0
 1.6338000E+0	 1.3303000E+0
 1.6262000E+0	 1.3289000E+0
 1.6240000E+0	 1.3285000E+0
 1.6227000E+0	 1.3279999E+0
 1.5976000E+0	 1.3233000E+0
 1.5906000E+0	 1.3219000E+0
 1.5881000E+0	 1.3214000E+0
 1.5868000E+0	 1.3210000E+0
 1.5841000E+0	 1.3204000E+0
 1.5611000E+0	 1.3163000E+0
 1.5508000E+0	 1.3145000E+0
 1.5448000E+0	 1.3124000E+0
 1.5305001E+0	 1.3094000E+0
 1.5055000E+0	 1.3048000E+0
 1.4972000E+0	 1.3030000E+0
 1.4921000E+0	 1.3010000E+0
 1.4795001E+0	 1.2983000E+0
 1.4705000E+0	 1.2965000E+0
 1.4626000E+0	 1.2952000E+0
 1.4569000E+0	 1.2931000E+0
 1.4468000E+0	 1.2908000E+0
 1.4368000E+0	 1.2887000E+0
 1.4248000E+0	 1.2869000E+0
 1.4165000E+0	 1.2835000E+0
 1.3954000E+0	 1.2783999E+0
 1.3788000E+0	 1.2745000E+0
 1.3715000E+0	 1.2728000E+0
 1.3674001E+0	 1.2710000E+0
 1.3503000E+0	 1.2666000E+0
 1.3220000E+0	 1.2598000E+0
 1.3062000E+0	 1.2557000E+0
 1.2950000E+0	 1.2508000E+0
 1.2876000E+0	 1.2486000E+0
 1.2801000E+0	 1.2465000E+0
 1.2713000E+0	 1.2447000E+0
 1.2629000E+0	 1.2409000E+0
 1.2463000E+0	 1.2357000E+0
 1.2254000E+0	 1.2294000E+0
 1.2082000E+0	 1.2239000E+0
 1.1912000E+0	 1.2158999E+0
 1.1782000E+0	 1.2107000E+0
 1.1696000E+0	 1.2075000E+0
 1.1662000E+0	 1.2057000E+0
 1.1647000E+0	 1.2049000E+0
 1.1549000E+0	 1.2011000E+0
 1.1306000E+0	 1.1918000E+0
 1.1137000E+0	 1.1840000E+0
 1.1002001E+0	 1.1752000E+0
 1.0879000E+0	 1.1684999E+0
 1.0718000E+0	 1.1597000E+0
 1.0595000E+0	 1.1529000E+0
 1.0486000E+0	 1.1452000E+0
 1.0325000E+0	 1.1350000E+0
 1.0118001E+0	 1.1222000E+0
 9.9760002E-1	 1.1108000E+0
 9.8900002E-1	 1.1032000E+0
 9.8339999E-1	 1.0987000E+0
 9.7979999E-1	 1.0960000E+0
 9.7049999E-1	 1.0912000E+0
 9.5990002E-1	 1.0807000E+0
 9.4889998E-1	 1.0716000E+0
 9.4270003E-1	 1.0661000E+0
 9.3750000E-1	 1.0624000E+0
 9.3070000E-1	 1.0559000E+0
 9.1900003E-1	 1.0465000E+0
 9.1009998E-1	 1.0388000E+0
 9.0539998E-1	 1.0340000E+0
 9.0249997E-1	 1.0311000E+0
 8.9999998E-1	 1.0288000E+0
 8.9780003E-1	 1.0270000E+0
 8.9450002E-1	 1.0245000E+0
 8.8959998E-1	 1.0196000E+0
 8.7410003E-1	 1.0069000E+0
 8.5909998E-1	 9.9339998E-1
 8.4890002E-1	 9.8290002E-1
 8.4380001E-1	 9.7750002E-1
 8.4119999E-1	 9.7490001E-1
 8.3710003E-1	 9.7160000E-1
 8.3020002E-1	 9.6609998E-1
 8.1959999E-1	 9.5510000E-1
 8.0909997E-1	 9.4480002E-1
 8.0330002E-1	 9.3910003E-1
 8.0049998E-1	 9.3610001E-1
 7.9740000E-1	 9.3290001E-1
 7.9500002E-1	 9.3059999E-1
 7.9339999E-1	 9.2890000E-1
 7.8880000E-1	 9.2610002E-1
 7.8070003E-1	 9.1689998E-1
 7.7579999E-1	 9.1170001E-1
 7.7300000E-1	 9.0880001E-1
 7.6880002E-1	 9.0579998E-1
 7.6109999E-1	 8.9740002E-1
 7.4440002E-1	 8.8069999E-1
 7.3079997E-1	 8.6780000E-1
 7.2160000E-1	 8.5790002E-1
 7.1530002E-1	 8.5070002E-1
 7.0679998E-1	 8.4249997E-1
 6.9929999E-1	 8.3480000E-1
 6.9160002E-1	 8.2749999E-1
 6.8320000E-1	 8.1779999E-1
 6.7549998E-1	 8.0949998E-1
 6.6960001E-1	 8.0330002E-1
 6.6450000E-1	 7.9830003E-1
 6.5939999E-1	 7.9229999E-1
 6.5120000E-1	 7.8420001E-1
 6.4499998E-1	 7.7740002E-1
 6.3870001E-1	 7.7160001E-1
 6.3180000E-1	 7.6319999E-1
 6.1949998E-1	 7.5070000E-1
 6.0920000E-1	 7.3979998E-1
 6.0049999E-1	 7.3049998E-1
 5.9219998E-1	 7.2060001E-1
 5.8170003E-1	 7.0990002E-1
 5.7389998E-1	 7.0090002E-1
 5.6540000E-1	 6.9300002E-1
 5.5430001E-1	 6.7960000E-1
 5.4439998E-1	 6.6869998E-1
 5.3810000E-1	 6.6130000E-1
 5.3219998E-1	 6.5530002E-1
 5.2569997E-1	 6.4749998E-1
 5.1760000E-1	 6.3870001E-1
 5.0790000E-1	 6.2870002E-1
 4.9970001E-1	 6.1919999E-1
 4.9309999E-1	 6.1110002E-1
 4.8559999E-1	 6.0290003E-1
 4.7549999E-1	 5.9249997E-1
 4.6010000E-1	 5.7830000E-1
 4.4049999E-1	 5.5360001E-1
 4.3000001E-1	 5.4040003E-1
 4.2399999E-1	 5.3310001E-1
 4.1620001E-1	 5.2560002E-1
 4.0419999E-1	 5.1139998E-1
 3.8440001E-1	 4.8989999E-1
 3.6340001E-1	 4.6669999E-1
 3.4430000E-1	 4.4530001E-1
 3.2760000E-1	 4.2379999E-1
 3.1119999E-1	 4.0500000E-1
 2.9920000E-1	 3.9089999E-1
 2.8850001E-1	 3.7880000E-1
 2.7710000E-1	 3.6469999E-1
 2.5705001E-1	 3.4799999E-1
 2.5136000E-1	 3.3390000E-1
 2.4346000E-1	 3.2670000E-1
 2.3298000E-1	 3.1330001E-1
 2.2684000E-1	 3.0530000E-1
 2.2107001E-1	 2.9820001E-1
 2.1738000E-1	 2.9420000E-1
 2.1298000E-1	 2.8860000E-1
 2.0043001E-1	 2.7480000E-1
 1.8340001E-1	 2.4801999E-1
 1.6704001E-1	 2.3450001E-1
 1.5758000E-1	 2.2617000E-1
 1.4537001E-1	 2.1072000E-1
 1.3254000E-1	 1.9417000E-1
 1.2042000E-1	 1.8212000E-1
 1.0531000E-1	 1.6208000E-1
 9.4099998E-2	 1.4896999E-1
 8.3489999E-2	 1.3550000E-1
 7.3530003E-2	 1.2544000E-1
 5.9820000E-2	 1.0827000E-1
 3.8810000E-2	 8.3540000E-2
 2.0880001E-2	 6.1260000E-2
 1.2030000E-2	 4.9849998E-2
 6.1200000E-3	 4.1930001E-2
 3.5300001E-3	 3.8750000E-2
 1.9700001E-3	 3.6499999E-2
 1.2200000E-3	 3.5540000E-2
 7.0999999E-4	 3.4860000E-2
 5.0000002E-4	 3.4580000E-2
 3.6000001E-4	 3.4380000E-2
 2.9000000E-4	 3.4270000E-2
 2.6000000E-4	 3.4210000E-2
 2.2000000E-4	 3.4180000E-2
 1.9999999E-4	 3.4130000E-2
 1.8000000E-4	 3.4109998E-2
 1.9999999E-4	 3.4109998E-2
 2.1000000E-4	 3.4100000E-2
 1.9999999E-4	 3.4090001E-2
 1.9999999E-4	 3.4079999E-2
 7.0000002E-5	 3.4019999E-2
 -7.0000002E-5	 3.3840001E-2
 -1.6000000E-4	 3.3709999E-2
 -2.1000000E-4	 3.3650000E-2
 -2.3000001E-4	 3.3599999E-2
 -2.2000000E-4	 3.3599999E-2
 -2.2000000E-4	 3.3590000E-2
 -2.2000000E-4	 3.3590000E-2
 -2.2000000E-4	 3.3580001E-2
 -2.2000000E-4	 3.3569999E-2
 -1.9999999E-4	 3.3569999E-2
 -1.9000001E-4	 3.3580001E-2
 -2.1000000E-4	 3.3560000E-2
 -2.3000001E-4	 3.3560000E-2
 -1.8000000E-4	 3.3539999E-2
 -9.9999997E-6	 3.3670001E-2
 1.4000000E-4	 3.3730000E-2
 1.9000001E-4	 3.3760000E-2
 2.1000000E-4	 3.3780001E-2
 1.9999999E-4	 3.3769999E-2
 1.9999999E-4	 3.3769999E-2
 1.9000001E-4	 3.3750001E-2
 1.9999999E-4	 3.3760000E-2
 2.1000000E-4	 3.3769999E-2
 1.9999999E-4	 3.3760000E-2
 1.6000000E-4	 3.3760000E-2
 -1.2000000E-4	 3.3590000E-2
 -1.8000000E-4	 3.3539999E-2
 -1.9999999E-4	 3.3519998E-2
 -1.8000000E-4	 3.3530001E-2
 -1.9999999E-4	 3.3500001E-2
 -1.9999999E-4	 3.3510000E-2
 -1.9999999E-4	 3.3510000E-2
 -1.9999999E-4	 3.3500001E-2
 -1.9000001E-4	 3.3510000E-2
 -1.7000000E-4	 3.3519998E-2
 -1.9000001E-4	 3.3510000E-2
 -1.8000000E-4	 3.3500001E-2
 -1.9999999E-4	 3.3489998E-2
 -1.9000001E-4	 3.3489998E-2
 -1.9000001E-4	 3.3510000E-2
 -1.9999999E-4	 3.3500001E-2
 -1.9999999E-4	 3.3500001E-2
 -2.1000000E-4	 3.3489998E-2
 -2.1000000E-4	 3.3480000E-2
 -2.1000000E-4	 3.3489998E-2
 -1.8000000E-4	 3.3500001E-2
 -1.9000001E-4	 3.3500001E-2
 -1.9999999E-4	 3.3489998E-2
 -2.1000000E-4	 3.3470001E-2
 -1.0190000E-2	 1.8975001E-2
 -2.8790001E-2	 4.1390001E-3
 -3.6800001E-2	 -8.6319996E-3
 -4.2180002E-2	 -1.6340001E-2
 -6.5600000E-2	 -5.5380002E-2
 -9.0020001E-2	 -7.1649998E-2
 -9.9969998E-2	 -8.3650000E-2
 -1.1909000E-1	 -1.0646000E-1
 -1.3947999E-1	 -1.2999000E-1
 -1.6191000E-1	 -1.5547000E-1
 -1.8160000E-1	 -1.8009999E-1
 -1.9538000E-1	 -1.9802000E-1
 -2.0936000E-1	 -2.1401000E-1
 -2.2394000E-1	 -2.3055001E-1
 -2.3774000E-1	 -2.4687000E-1
 -2.5391999E-1	 -2.6622000E-1
 -2.7447999E-1	 -2.8920001E-1
 -2.9787001E-1	 -3.3120000E-1
 -3.3809999E-1	 -3.4709999E-1
 -3.5429999E-1	 -3.8110000E-1
 -3.8409999E-1	 -4.1530001E-1
 -4.0169999E-1	 -4.3430001E-1
 -4.2140001E-1	 -4.5770001E-1
 -4.4360000E-1	 -4.8280001E-1
 -4.6450001E-1	 -5.0510001E-1
 -4.8199999E-1	 -5.2460003E-1
 -5.0510001E-1	 -5.5089998E-1
 -5.1950002E-1	 -5.6750000E-1
 -5.3030002E-1	 -5.7980001E-1
 -5.3869998E-1	 -5.8899999E-1
 -5.4699999E-1	 -5.9869999E-1
 -5.6080002E-1	 -6.1250001E-1
 -5.7480001E-1	 -6.2690002E-1
 -5.8800000E-1	 -6.4039999E-1
 -6.1150002E-1	 -6.6600001E-1
 -6.3349998E-1	 -6.8959999E-1
 -6.4990002E-1	 -7.0709997E-1
 -6.6060001E-1	 -7.1899998E-1
 -6.7079997E-1	 -7.3009998E-1
 -6.8660003E-1	 -7.4550003E-1
 -7.0690000E-1	 -7.6529998E-1
 -7.2460002E-1	 -7.8369999E-1
 -7.3790002E-1	 -7.9850000E-1
 -7.5150001E-1	 -8.1199998E-1
 -7.6730001E-1	 -8.2679999E-1
 -7.8219998E-1	 -8.4130001E-1
 -7.9909998E-1	 -8.5869998E-1
 -8.2300001E-1	 -8.8099998E-1
 -8.4619999E-1	 -9.0289998E-1
 -8.6350000E-1	 -9.1970003E-1
 -8.7430000E-1	 -9.3080002E-1
 -8.8129997E-1	 -9.3730003E-1
 -8.9069998E-1	 -9.4499999E-1
 -9.0499997E-1	 -9.5490003E-1
 -9.5400000E-1	 -9.9800003E-1
 -1.0014000E+0	 -1.0378000E+0
 -1.0268000E+0	 -1.0585001E+0
 -1.0403000E+0	 -1.0680000E+0
 -1.0602000E+0	 -1.0840000E+0
 -1.1084000E+0	 -1.1144000E+0
 -1.1447001E+0	 -1.1389000E+0
 -1.1720001E+0	 -1.1497999E+0
 -1.1964999E+0	 -1.1673000E+0
 -1.2383000E+0	 -1.1868000E+0
 -1.2732000E+0	 -1.2011000E+0
 -1.2936000E+0	 -1.2093000E+0
 -1.3183000E+0	 -1.2205000E+0
 -1.3651000E+0	 -1.2362000E+0
 -1.3979000E+0	 -1.2467000E+0
 -1.4126000E+0	 -1.2508000E+0
 -1.4259000E+0	 -1.2561001E+0
 -1.4765000E+0	 -1.2699000E+0
 -1.4818000E+0	 -1.2719001E+0
 -1.4866000E+0	 -1.2724000E+0
 -1.4945000E+0	 -1.2753000E+0
 -1.5350000E+0	 -1.2854000E+0
 -1.5723000E+0	 -1.2939000E+0
 -1.5791000E+0	 -1.2962000E+0
 -1.5806000E+0	 -1.2968000E+0
 -1.5924000E+0	 -1.2995000E+0
 -1.6107000E+0	 -1.3034000E+0
 -1.6165000E+0	 -1.3045000E+0
 -1.6207000E+0	 -1.3060000E+0
 -1.6492000E+0	 -1.3121001E+0
 -1.6636000E+0	 -1.3151000E+0
 -1.6684000E+0	 -1.3160000E+0
 -1.6733000E+0	 -1.3175000E+0
 -1.6878000E+0	 -1.3204000E+0
 -1.6924000E+0	 -1.3214000E+0
 -1.6977000E+0	 -1.3218000E+0
 -1.7032000E+0	 -1.3237000E+0
 -1.7266999E+0	 -1.3284000E+0
 -1.7463000E+0	 -1.3321000E+0
 -1.7591000E+0	 -1.3333000E+0
 -1.7723000E+0	 -1.3374000E+0
 -1.7846000E+0	 -1.3398000E+0
 -1.7865000E+0	 -1.3401999E+0
 -1.7909000E+0	 -1.3405000E+0
 -1.7951000E+0	 -1.3418000E+0
 -1.8002000E+0	 -1.3428000E+0
 -1.8148000E+0	 -1.3453000E+0
 -1.8260000E+0	 -1.3465000E+0
 -1.8358999E+0	 -1.3494000E+0
 -1.8372999E+0	 -1.3497000E+0
 -1.8425000E+0	 -1.3505000E+0
 -1.8471000E+0	 -1.3509001E+0
 -1.8509001E+0	 -1.3521000E+0
 -1.8708000E+0	 -1.3556000E+0
 -1.8850000E+0	 -1.3580000E+0
 -1.8918000E+0	 -1.3586000E+0
 -1.8961999E+0	 -1.3601000E+0
 -1.9194000E+0	 -1.3641000E+0
 -1.9236000E+0	 -1.3648000E+0
 -1.9263999E+0	 -1.3651000E+0
 -1.9284000E+0	 -1.3657000E+0
 -1.9407001E+0	 -1.3677000E+0
 -1.9615999E+0	 -1.3710001E+0
 -1.9777000E+0	 -1.3723000E+0
 -1.9908000E+0	 -1.3759000E+0
 -2.0071001E+0	 -1.3785000E+0
 -2.0328000E+0	 -1.3824000E+0
 -2.0558000E+0	 -1.3839000E+0
 -2.0697999E+0	 -1.3882999E+0
 -2.0783999E+0	 -1.3896000E+0
 -2.1085000E+0	 -1.3939000E+0
 -2.1231000E+0	 -1.3951000E+0
 -2.1320000E+0	 -1.3976001E+0
 -2.1472001E+0	 -1.3997999E+0
 -2.1752999E+0	 -1.4036000E+0
 -2.1914001E+0	 -1.4046000E+0
 -2.1993999E+0	 -1.4072000E+0
 -2.2028000E+0	 -1.4076999E+0
 -2.2049000E+0	 -1.4080000E+0
 -2.2103000E+0	 -1.4083000E+0
 -2.2137001E+0	 -1.4092000E+0
 -2.2372999E+0	 -1.4124000E+0
 -2.2684000E+0	 -1.4165000E+0
 -2.2818999E+0	 -1.4173000E+0
 -2.2894001E+0	 -1.4194000E+0
 -2.3073001E+0	 -1.4218000E+0
 -2.3203001E+0	 -1.4234000E+0
 -2.3322999E+0	 -1.4242001E+0
 -2.3369999E+0	 -1.4256999E+0
 -2.3722999E+0	 -1.4302000E+0
 -2.3951001E+0	 -1.4329000E+0
 -2.4196000E+0	 -1.4356000E+0
 -2.4307001E+0	 -1.4374000E+0
 -2.4425001E+0	 -1.4389000E+0
 -2.4610000E+0	 -1.4410000E+0
 -2.4709001E+0	 -1.4416000E+0
 -2.4744999E+0	 -1.4427000E+0
 -2.4872000E+0	 -1.4442000E+0
 -2.5049000E+0	 -1.4463000E+0
 -2.5236001E+0	 -1.4475000E+0
 -2.5307000E+0	 -1.4493001E+0
 -2.5669999E+0	 -1.4535000E+0
 -2.5890000E+0	 -1.4560000E+0
 -2.6242001E+0	 -1.4584000E+0
 -2.6334000E+0	 -1.4610000E+0
 -2.6738000E+0	 -1.4654000E+0
 -2.7053001E+0	 -1.4687001E+0
 -2.7386999E+0	 -1.4709001E+0
 -2.7463000E+0	 -1.4730999E+0
 -2.7539001E+0	 -1.4739000E+0
 -2.7623000E+0	 -1.4748000E+0
 -2.7644999E+0	 -1.4750000E+0
 -2.7651999E+0	 -1.4751000E+0
 -2.7734001E+0	 -1.4760000E+0
 -2.8104000E+0	 -1.4797000E+0
 -2.8420999E+0	 -1.4813000E+0
 -2.8508000E+0	 -1.4838001E+0
 -2.8747001E+0	 -1.4862000E+0
 -2.8872001E+0	 -1.4875000E+0
 -2.8970001E+0	 -1.4880000E+0
 -2.8996000E+0	 -1.4887000E+0
 -2.9102001E+0	 -1.4897000E+0
 -2.9396999E+0	 -1.4926000E+0
 -2.9477999E+0	 -1.4930000E+0
 -2.9500000E+0	 -1.4936000E+0
 -2.9498999E+0	 -1.4936000E+0
 -2.9498999E+0	 -1.4936000E+0
 -2.9498000E+0	 -1.4936000E+0
 -2.9498000E+0	 -1.4936000E+0
 -2.9497001E+0	 -1.4936000E+0
 -2.9497001E+0	 -1.4936000E+0
 -2.9497001E+0	 -1.4936000E+0
 -2.9497001E+0	 -1.4936000E+0
 -2.9496000E+0	 -1.4936000E+0
 -2.9497001E+0	 -1.4936000E+0
 -2.8899000E+0	 -1.4909000E+0
 -2.8829000E+0	 -1.4881001E+0
 -2.8241999E+0	 -1.4828000E+0
 -2.8162999E+0	 -1.4821000E+0
 -2.8081999E+0	 -1.4816999E+0
 -2.8062999E+0	 -1.4812000E+0
 -2.7722001E+0	 -1.4780999E+0
 -2.7318001E+0	 -1.4744000E+0
 -2.7212000E+0	 -1.4737999E+0
 -2.7188001E+0	 -1.4732000E+0
 -2.6993001E+0	 -1.4713000E+0
 -2.6791999E+0	 -1.4694000E+0
 -2.6738999E+0	 -1.4691000E+0
 -2.6723001E+0	 -1.4687999E+0
 -2.6421001E+0	 -1.4658000E+0
 -2.6135001E+0	 -1.4630001E+0
 -2.5836999E+0	 -1.4612000E+0
 -2.5760000E+0	 -1.4592000E+0
 -2.5660999E+0	 -1.4582000E+0
 -2.5574000E+0	 -1.4572999E+0
 -2.5551000E+0	 -1.4571000E+0
 -2.5546999E+0	 -1.4570000E+0
 -2.5527999E+0	 -1.4568000E+0
 -2.5437000E+0	 -1.4559000E+0
 -2.5202000E+0	 -1.4543000E+0
 -2.5141001E+0	 -1.4529999E+0
 -2.4693000E+0	 -1.4481000E+0
 -2.4331000E+0	 -1.4442000E+0
 -2.4099000E+0	 -1.4427000E+0
 -2.4049001E+0	 -1.4410000E+0
 -2.4035001E+0	 -1.4409000E+0
 -2.3854001E+0	 -1.4388000E+0
 -2.3794999E+0	 -1.4384000E+0
 -2.3778000E+0	 -1.4380000E+0
 -2.3631999E+0	 -1.4363000E+0
 -2.3104999E+0	 -1.4303000E+0
 -2.3089001E+0	 -1.4301000E+0
 -2.3085001E+0	 -1.4299999E+0
 -2.3034000E+0	 -1.4294000E+0
 -2.3011000E+0	 -1.4291000E+0
 -2.2958000E+0	 -1.4288000E+0
 -2.2944000E+0	 -1.4283000E+0
 -2.2853999E+0	 -1.4272000E+0
 -2.2630999E+0	 -1.4246000E+0
 -2.2534001E+0	 -1.4238000E+0
 -2.2504001E+0	 -1.4231000E+0
 -2.2342999E+0	 -1.4211000E+0
 -2.2176001E+0	 -1.4190000E+0
 -2.2161000E+0	 -1.4189000E+0
 -2.2156000E+0	 -1.4187000E+0
 -2.2004001E+0	 -1.4168000E+0
 -2.1919999E+0	 -1.4158000E+0
 -2.1677999E+0	 -1.4139000E+0
 -2.1592000E+0	 -1.4119999E+0
 -2.0918000E+0	 -1.4026999E+0
 -2.0493000E+0	 -1.3970000E+0
 -2.0355000E+0	 -1.3954999E+0
 -2.0309999E+0	 -1.3943000E+0
 -2.0191000E+0	 -1.3927000E+0
 -2.0028000E+0	 -1.3903000E+0
 -1.9603000E+0	 -1.3865000E+0
 -1.9474000E+0	 -1.3822000E+0
 -1.9254000E+0	 -1.3789001E+0
 -1.9172000E+0	 -1.3777000E+0
 -1.8828000E+0	 -1.3742000E+0
 -1.8698000E+0	 -1.3704000E+0
 -1.8440000E+0	 -1.3662000E+0
 -1.8041000E+0	 -1.3597000E+0
 -1.7912000E+0	 -1.3582000E+0
 -1.7859000E+0	 -1.3566999E+0
 -1.7701000E+0	 -1.3540000E+0
 -1.7380000E+0	 -1.3484000E+0
 -1.7368000E+0	 -1.3482000E+0
 -1.7368000E+0	 -1.3482000E+0
 -1.6971999E+0	 -1.3414000E+0
 -1.6830000E+0	 -1.3385000E+0
 -1.6766000E+0	 -1.3376000E+0
 -1.6539000E+0	 -1.3331000E+0
 -1.6380000E+0	 -1.3302000E+0
 -1.6164000E+0	 -1.3260000E+0
 -1.6069000E+0	 -1.3241000E+0
 -1.5987999E+0	 -1.3225000E+0
 -1.5889000E+0	 -1.3206000E+0
 -1.5668000E+0	 -1.3160000E+0
 -1.5547000E+0	 -1.3139000E+0
 -1.5283999E+0	 -1.3080000E+0
 -1.4996001E+0	 -1.3020999E+0
 -1.4798000E+0	 -1.2975000E+0
 -1.4699000E+0	 -1.2953000E+0
 -1.4564000E+0	 -1.2921000E+0
 -1.4440000E+0	 -1.2893000E+0
 -1.4333000E+0	 -1.2866000E+0
 -1.4261000E+0	 -1.2851000E+0
 -1.4101000E+0	 -1.2810000E+0
 -1.3996000E+0	 -1.2785000E+0
 -1.3873000E+0	 -1.2766000E+0
 -1.3798000E+0	 -1.2736000E+0
 -1.3654000E+0	 -1.2696000E+0
 -1.3525000E+0	 -1.2664000E+0
 -1.3444000E+0	 -1.2639000E+0
 -1.3385000E+0	 -1.2625999E+0
 -1.3283000E+0	 -1.2595000E+0
 -1.3167000E+0	 -1.2565000E+0
 -1.3102000E+0	 -1.2544000E+0
 -1.3054000E+0	 -1.2533000E+0
 -1.2861000E+0	 -1.2472000E+0
 -1.2665000E+0	 -1.2414000E+0
 -1.2588000E+0	 -1.2387000E+0
 -1.2545000E+0	 -1.2374001E+0
 -1.2458000E+0	 -1.2343000E+0
 -1.2321000E+0	 -1.2301000E+0
 -1.2151000E+0	 -1.2241000E+0
 -1.1979001E+0	 -1.2193000E+0
 -1.1552000E+0	 -1.2002000E+0
 -1.1250000E+0	 -1.1875000E+0
 -1.1125000E+0	 -1.1803000E+0
 -1.1058000E+0	 -1.1770999E+0
 -1.0942000E+0	 -1.1708000E+0
 -1.0808001E+0	 -1.1641001E+0
 -1.0597000E+0	 -1.1511000E+0
 -1.0333000E+0	 -1.1352000E+0
 -1.0233999E+0	 -1.1271000E+0
 -1.0189000E+0	 -1.1242000E+0
 -1.0157000E+0	 -1.1217000E+0
 -1.0121000E+0	 -1.1195000E+0
 -1.0043000E+0	 -1.1135000E+0
 -9.8670000E-1	 -1.1015000E+0
 -9.6899998E-1	 -1.0876000E+0
 -9.5270002E-1	 -1.0747000E+0
 -9.3730003E-1	 -1.0605000E+0
 -9.2000002E-1	 -1.0482000E+0
 -9.0009999E-1	 -1.0290999E+0
 -8.7239999E-1	 -1.0058000E+0
 -8.3480000E-1	 -9.6719998E-1
 -8.0369997E-1	 -9.4150001E-1
 -7.7819997E-1	 -9.1430002E-1
 -7.5550002E-1	 -8.9279997E-1
 -7.3439997E-1	 -8.6989999E-1
 -7.1840000E-1	 -8.5460001E-1
 -7.0639998E-1	 -8.4079999E-1
 -6.9669998E-1	 -8.3149999E-1
 -6.8870002E-1	 -8.2209998E-1
 -6.8099999E-1	 -8.1500000E-1
 -6.7360002E-1	 -8.0659997E-1
 -6.6490000E-1	 -7.9820001E-1
 -6.5020001E-1	 -7.8200001E-1
 -6.4109999E-1	 -7.7270001E-1
 -6.3190001E-1	 -7.6279998E-1
 -6.2029999E-1	 -7.5230002E-1
 -5.9140003E-1	 -7.1890002E-1
 -5.6750000E-1	 -6.9580001E-1
 -5.4960001E-1	 -6.7320001E-1
 -5.3210002E-1	 -6.5649998E-1
 -5.0680000E-1	 -6.2610000E-1
 -4.7360000E-1	 -5.9230000E-1
 -4.4769999E-1	 -5.5980003E-1
 -4.2800000E-1	 -5.3920001E-1
 -4.0220001E-1	 -5.0819999E-1
 -3.7599999E-1	 -4.8080000E-1
 -3.5749999E-1	 -4.5699999E-1
 -3.4450001E-1	 -4.4290000E-1
 -3.2879999E-1	 -4.2309999E-1
 -3.0530000E-1	 -3.9899999E-1
 -2.8070000E-1	 -3.6939999E-1
 -2.2797000E-1	 -3.3910000E-1
 -2.0198999E-1	 -2.8340000E-1
 -1.7603999E-1	 -2.3291001E-1
 -1.4757000E-1	 -2.1432000E-1
 -1.3084000E-1	 -1.9020000E-1
 -1.2081000E-1	 -1.7921001E-1
 -1.0798000E-1	 -1.6423000E-1
 -9.0870000E-2	 -1.4543000E-1
 -7.2020002E-2	 -1.2065000E-1
 -5.5050001E-2	 -1.0156000E-1
 -3.8830001E-2	 -8.1370004E-2
 -2.2480000E-2	 -6.1910000E-2
 -1.1990000E-2	 -4.8030000E-2
 -6.5700002E-3	 -4.1400000E-2
 -3.7100001E-3	 -3.7360001E-2
 -2.0900001E-3	 -3.5399999E-2
 -1.2300001E-3	 -3.4219999E-2
 -7.6999998E-4	 -3.3659998E-2
 -5.3000002E-4	 -3.3310000E-2
 -4.1000001E-4	 -3.3149999E-2
 -3.3000001E-4	 -3.3039998E-2
 -3.1999999E-4	 -3.3009999E-2
 -2.9000000E-4	 -3.2960001E-2
 -2.8000001E-4	 -3.2949999E-2
 -2.6000000E-4	 -3.2910001E-2
 -2.6000000E-4	 -3.2910001E-2
 -2.6000000E-4	 -3.2910001E-2
 -2.5000001E-4	 -3.2889999E-2
 -2.5000001E-4	 -3.2880001E-2
 -2.6000000E-4	 -3.2889999E-2
 -2.3999999E-4	 -3.2880001E-2
 -2.3999999E-4	 -3.2869998E-2
 -2.3999999E-4	 -3.2860000E-2
 -2.3999999E-4	 -3.2860000E-2
 -2.3999999E-4	 -3.2860000E-2
 -2.3999999E-4	 -3.2850001E-2
 -1.1000000E-4	 -3.2770000E-2
 1.9999999E-5	 -3.2590002E-2
 7.9999998E-5	 -3.2499999E-2
 1.1000000E-4	 -3.2460000E-2
 1.4000000E-4	 -3.2430001E-2
 1.5000001E-4	 -3.2410000E-2
 1.6000000E-4	 -3.2380000E-2
 1.8000000E-4	 -3.2370001E-2
 1.7000000E-4	 -3.2350000E-2
 1.7000000E-4	 -3.2350000E-2
 1.8000000E-4	 -3.2350000E-2
 -7.9999998E-5	 -3.2469999E-2
 -1.7000000E-4	 -3.2520000E-2
 -1.8000000E-4	 -3.2529999E-2
 -1.9000001E-4	 -3.2540001E-2
 -1.9000001E-4	 -3.2529999E-2
 -1.9000001E-4	 -3.2529999E-2
 -1.8000000E-4	 -3.2529999E-2
 -1.7000000E-4	 -3.2520000E-2
 -1.9000001E-4	 -3.2529999E-2
 -2.2000000E-4	 -3.2540001E-2
 4.9999999E-5	 -3.2410000E-2
 1.6000000E-4	 -3.2329999E-2
 1.4000000E-4	 -3.2299999E-2
 1.9000001E-4	 -3.2269999E-2
 1.9999999E-4	 -3.2260001E-2
 1.9999999E-4	 -3.2260001E-2
 1.9999999E-4	 -3.2249998E-2
 1.9000001E-4	 -3.2249998E-2
 1.9999999E-4	 -3.2240000E-2
 1.9999999E-4	 -3.2249998E-2
 1.9000001E-4	 -3.2249998E-2
 1.9000001E-4	 -3.2249998E-2
 1.8000000E-4	 -3.2249998E-2
 1.9999999E-4	 -3.2249998E-2
 1.9999999E-4	 -3.2249998E-2
 2.1000000E-4	 -3.2240000E-2
 2.1000000E-4	 -3.2230001E-2
 2.2000000E-4	 -3.2230001E-2
 1.9999999E-4	 -3.2230001E-2
 2.1000000E-4	 -3.2219999E-2
 2.1000000E-4	 -3.2230001E-2
 2.7000001E-3	 -2.9759999E-2
 6.6300002E-3	 -1.8285001E-2
 2.5100000E-2	 -1.0486000E-2
 3.6189999E-2	 8.2769999E-3
 5.2019998E-2	 2.6419001E-2
 7.0280001E-2	 6.6220000E-2
 1.0118000E-1	 8.4210001E-2
 1.2289000E-1	 1.1185000E-1
 1.5098999E-1	 1.4477000E-1
 1.7545000E-1	 1.7200001E-1
 2.0350000E-1	 2.0750000E-1
 2.2965001E-1	 2.3758000E-1
 2.5150999E-1	 2.6363000E-1
 2.6763001E-1	 2.8285000E-1
 2.8353000E-1	 3.0201000E-1
 2.9352999E-1	 3.1700000E-1
 3.2110000E-1	 3.3480000E-1
 3.3910000E-1	 3.6500001E-1
 3.5969999E-1	 3.8090000E-1
 3.7349999E-1	 4.0430000E-1
 3.8909999E-1	 4.2199999E-1
 4.0669999E-1	 4.4060001E-1
 4.2940000E-1	 4.6790001E-1
 4.5780000E-1	 4.9779999E-1
 4.8220000E-1	 5.2530003E-1
 5.0129998E-1	 5.4589999E-1
 5.1959997E-1	 5.6830001E-1
 5.3619999E-1	 5.8600003E-1
 5.4699999E-1	 5.9829998E-1
 5.5659997E-1	 6.0799998E-1
 5.6739998E-1	 6.2070000E-1
 5.8190000E-1	 6.3550001E-1
 5.9410000E-1	 6.4880002E-1
 6.0399997E-1	 6.5880001E-1
 6.1900002E-1	 6.7549998E-1
 6.3999999E-1	 6.9650000E-1
 6.5740001E-1	 7.1560001E-1
 6.7210001E-1	 7.2960001E-1
 6.9139999E-1	 7.5110000E-1
 7.1120000E-1	 7.7050000E-1
 7.2460002E-1	 7.8509998E-1
 7.3449999E-1	 7.9449999E-1
 7.5059998E-1	 8.1129998E-1
 7.7899998E-1	 8.3819997E-1
 7.9809999E-1	 8.5769999E-1
 8.0909997E-1	 8.6849999E-1
 8.1800002E-1	 8.7809998E-1
 8.2900000E-1	 8.8789999E-1
 8.3910000E-1	 8.9770001E-1
 8.4850001E-1	 9.0560001E-1
 8.6299998E-1	 9.2019999E-1
 8.8190001E-1	 9.3709999E-1
 8.9319998E-1	 9.4800001E-1
 8.9880002E-1	 9.5330000E-1
 9.0249997E-1	 9.5700002E-1
 9.0619999E-1	 9.6010000E-1
 9.0960002E-1	 9.6310002E-1
 9.1860002E-1	 9.6619999E-1
 9.5370001E-1	 1.0015000E+0
 9.8930001E-1	 1.0281000E+0
 1.0243000E+0	 1.0530000E+0
 1.0444000E+0	 1.0717000E+0
 1.0585999E+0	 1.0833000E+0
 1.0802000E+0	 1.0978000E+0
 1.0991000E+0	 1.1101000E+0
 1.1133000E+0	 1.1184000E+0
 1.1308000E+0	 1.1312000E+0
 1.1485000E+0	 1.1414000E+0
 1.1679000E+0	 1.1517000E+0
 1.1884000E+0	 1.1603000E+0
 1.2203000E+0	 1.1791000E+0
 1.2549000E+0	 1.1946000E+0
 1.2785000E+0	 1.2043000E+0
 1.2962000E+0	 1.2097000E+0
 1.3218000E+0	 1.2218000E+0
 1.3564000E+0	 1.2337000E+0
 1.3647000E+0	 1.2370000E+0
 1.3709000E+0	 1.2380000E+0
 1.3803000E+0	 1.2422000E+0
 1.3988000E+0	 1.2478000E+0
 1.4071000E+0	 1.2503999E+0
 1.4095000E+0	 1.2513000E+0
 1.4107000E+0	 1.2517999E+0
 1.4128000E+0	 1.2524000E+0
 1.4310000E+0	 1.2573000E+0
 1.4435000E+0	 1.2596999E+0
 1.4568000E+0	 1.2652000E+0
 1.4766999E+0	 1.2704999E+0
 1.4913000E+0	 1.2744000E+0
 1.4952000E+0	 1.2755001E+0
 1.4969000E+0	 1.2761000E+0
 1.4974000E+0	 1.2763000E+0
 1.4989001E+0	 1.2766000E+0
 1.5080000E+0	 1.2776000E+0
 1.5220000E+0	 1.2826000E+0
 1.5543000E+0	 1.2903000E+0
 1.5695000E+0	 1.2940000E+0
 1.5753000E+0	 1.2950000E+0
 1.5796000E+0	 1.2967000E+0
 1.5793999E+0	 1.2967000E+0
 1.5793999E+0	 1.2967000E+0
 1.5810000E+0	 1.2970001E+0
 1.5832000E+0	 1.2975000E+0
 1.6493000E+0	 1.3127000E+0
 1.6809000E+0	 1.3187000E+0
 1.6842000E+0	 1.3197000E+0
 1.6849999E+0	 1.3200001E+0
 1.6901000E+0	 1.3211000E+0
 1.6932000E+0	 1.3217000E+0
 1.7132000E+0	 1.3231000E+0
 1.7322000E+0	 1.3296000E+0
 1.7612000E+0	 1.3353000E+0
 1.7706000E+0	 1.3371000E+0
 1.7860000E+0	 1.3385000E+0
 1.8013999E+0	 1.3430001E+0
 1.8292000E+0	 1.3480999E+0
 1.8516999E+0	 1.3521000E+0
 1.8758000E+0	 1.3541000E+0
 1.8939000E+0	 1.3597000E+0
 1.9189000E+0	 1.3640000E+0
 1.9405000E+0	 1.3674999E+0
 1.9622000E+0	 1.3695000E+0
 1.9793000E+0	 1.3741000E+0
 2.0044000E+0	 1.3781000E+0
 2.0469000E+0	 1.3843000E+0
 2.0675001E+0	 1.3859000E+0
 2.0787001E+0	 1.3897001E+0
 2.0873001E+0	 1.3910000E+0
 2.1162000E+0	 1.3952000E+0
 2.1466999E+0	 1.3972000E+0
 2.1721001E+0	 1.4016000E+0
 2.1849999E+0	 1.4052000E+0
 2.2258000E+0	 1.4105999E+0
 2.2649000E+0	 1.4139000E+0
 2.2880001E+0	 1.4186000E+0
 2.2931001E+0	 1.4198999E+0
 2.3158000E+0	 1.4227999E+0
 2.3376000E+0	 1.4243000E+0
 2.3550000E+0	 1.4269000E+0
 2.3633001E+0	 1.4290000E+0
 2.3863001E+0	 1.4318000E+0
 2.4080999E+0	 1.4332000E+0
 2.4224999E+0	 1.4356000E+0
 2.4291000E+0	 1.4372000E+0
 2.4602001E+0	 1.4409000E+0
 2.4954000E+0	 1.4430000E+0
 2.5104001E+0	 1.4470000E+0
 2.5603001E+0	 1.4528000E+0
 2.5699999E+0	 1.4538000E+0
 2.6008000E+0	 1.4557000E+0
 2.6389999E+0	 1.4584000E+0
 2.6616001E+0	 1.4641000E+0
 2.6956999E+0	 1.4677000E+0
 2.7102001E+0	 1.4685000E+0
 2.7237000E+0	 1.4699000E+0
 2.7300999E+0	 1.4714000E+0
 2.7555001E+0	 1.4741000E+0
 2.7725999E+0	 1.4751000E+0
 2.7813001E+0	 1.4764000E+0
 2.7848001E+0	 1.4772000E+0
 2.7867000E+0	 1.4773999E+0
 2.8044000E+0	 1.4785000E+0
 2.8311999E+0	 1.4797000E+0
 2.8466001E+0	 1.4835000E+0
 2.8720000E+0	 1.4859999E+0
 2.8906000E+0	 1.4871000E+0
 2.9087999E+0	 1.4881999E+0
 2.9188001E+0	 1.4907000E+0
 2.9280000E+0	 1.4916000E+0
 2.9324000E+0	 1.4918000E+0
 2.9349000E+0	 1.4921000E+0
 2.9360001E+0	 1.4924001E+0
 2.9360001E+0	 1.4924001E+0
 2.9360001E+0	 1.4924001E+0
 2.9361000E+0	 1.4924001E+0
 2.9361000E+0	 1.4924001E+0
 2.9361999E+0	 1.4924001E+0
 2.9361999E+0	 1.4924001E+0
 2.9361999E+0	 1.4924001E+0
 2.9361999E+0	 1.4924001E+0
 2.9363000E+0	 1.4924001E+0
 2.8805001E+0	 1.4892000E+0
 2.8555000E+0	 1.4871000E+0
 2.8455999E+0	 1.4847000E+0
 2.8199999E+0	 1.4823999E+0
 2.8018999E+0	 1.4813000E+0
 2.7783000E+0	 1.4802001E+0
 2.7625999E+0	 1.4772000E+0
 2.7418001E+0	 1.4753000E+0
 2.7298999E+0	 1.4743000E+0
 2.7156999E+0	 1.4737999E+0
 2.7061000E+0	 1.4719000E+0
 2.6893001E+0	 1.4703000E+0
 2.6701000E+0	 1.4687999E+0
 2.6392000E+0	 1.4676000E+0
 2.6296999E+0	 1.4645000E+0
 2.6271000E+0	 1.4643000E+0
 2.6271000E+0	 1.4643000E+0
 2.6250999E+0	 1.4642000E+0
 2.6236000E+0	 1.4639000E+0
 2.6099999E+0	 1.4626000E+0
 2.5996001E+0	 1.4618000E+0
 2.5859001E+0	 1.4611000E+0
 2.5773001E+0	 1.4593000E+0
 2.5374999E+0	 1.4553000E+0
 2.5213001E+0	 1.4538000E+0
 2.4951999E+0	 1.4526000E+0
 2.4837999E+0	 1.4496000E+0
 2.4281001E+0	 1.4436001E+0
 2.4094999E+0	 1.4419000E+0
 2.3894000E+0	 1.4407001E+0
 2.3775001E+0	 1.4380000E+0
 2.3666999E+0	 1.4367000E+0
 2.3462000E+0	 1.4347000E+0
 2.3255000E+0	 1.4335001E+0
 2.3148999E+0	 1.4308000E+0
 2.3002000E+0	 1.4290000E+0
 2.2832000E+0	 1.4273000E+0
 2.2639999E+0	 1.4261000E+0
 2.2525001E+0	 1.4233000E+0
 2.2142999E+0	 1.4186000E+0
 2.2083001E+0	 1.4179000E+0
 2.1896000E+0	 1.4171000E+0
 2.1789999E+0	 1.4141999E+0
 2.1520000E+0	 1.4107000E+0
 2.1256001E+0	 1.4074000E+0
 2.1069000E+0	 1.4065000E+0
 2.0996001E+0	 1.4038000E+0
 2.0585999E+0	 1.3983001E+0
 2.0490000E+0	 1.3971000E+0
 2.0464001E+0	 1.3967000E+0
 2.0455999E+0	 1.3964000E+0
 2.0318000E+0	 1.3945000E+0
 2.0160999E+0	 1.3925000E+0
 1.9986000E+0	 1.3913000E+0
 1.9915000E+0	 1.3888000E+0
 1.9663000E+0	 1.3851000E+0
 1.9567000E+0	 1.3839000E+0
 1.9420000E+0	 1.3827000E+0
 1.9339000E+0	 1.3803000E+0
 1.9101000E+0	 1.3767000E+0
 1.8859000E+0	 1.3734000E+0
 1.8655000E+0	 1.3715000E+0
 1.8566000E+0	 1.3683000E+0
 1.8441000E+0	 1.3663000E+0
 1.8408999E+0	 1.3658000E+0
 1.8293999E+0	 1.3650000E+0
 1.8239000E+0	 1.3630000E+0
 1.8101000E+0	 1.3608000E+0
 1.8049001E+0	 1.3600000E+0
 1.7933000E+0	 1.3592000E+0
 1.7873000E+0	 1.3569000E+0
 1.7786000E+0	 1.3555000E+0
 1.7656000E+0	 1.3535000E+0
 1.7525001E+0	 1.3523000E+0
 1.7469000E+0	 1.3500000E+0
 1.7083000E+0	 1.3433000E+0
 1.6851000E+0	 1.3394001E+0
 1.6710000E+0	 1.3375000E+0
 1.6641999E+0	 1.3351001E+0
 1.6571000E+0	 1.3338000E+0
 1.6540000E+0	 1.3333000E+0
 1.6524000E+0	 1.3329999E+0
 1.6516000E+0	 1.3327000E+0
 1.6360000E+0	 1.3298000E+0
 1.6233000E+0	 1.3277000E+0
 1.6161000E+0	 1.3265001E+0
 1.6131999E+0	 1.3254000E+0
 1.5992000E+0	 1.3226000E+0
 1.5749000E+0	 1.3182000E+0
 1.5549001E+0	 1.3156000E+0
 1.5439000E+0	 1.3114001E+0
 1.5281000E+0	 1.3081000E+0
 1.5070000E+0	 1.3043000E+0
 1.4895999E+0	 1.3016000E+0
 1.4811000E+0	 1.2977999E+0
 1.4638000E+0	 1.2939000E+0
 1.4585000E+0	 1.2927999E+0
 1.4446000E+0	 1.2908000E+0
 1.4413000E+0	 1.2886000E+0
 1.4309000E+0	 1.2862000E+0
 1.4175000E+0	 1.2835000E+0
 1.4002000E+0	 1.2809000E+0
 1.3896000E+0	 1.2760000E+0
 1.3799000E+0	 1.2736000E+0
 1.3735000E+0	 1.2721000E+0
 1.3698000E+0	 1.2711000E+0
 1.3692000E+0	 1.2707000E+0
 1.3679000E+0	 1.2704000E+0
 1.3584000E+0	 1.2683001E+0
 1.3397000E+0	 1.2656000E+0
 1.3237000E+0	 1.2585000E+0
 1.3155000E+0	 1.2561001E+0
 1.3052000E+0	 1.2535000E+0
 1.2780000E+0	 1.2485000E+0
 1.2687000E+0	 1.2420000E+0
 1.2248000E+0	 1.2280999E+0
 1.2006000E+0	 1.2197000E+0
 1.1733000E+0	 1.2098000E+0
 1.1511000E+0	 1.1989000E+0
 1.1113000E+0	 1.1811000E+0
 1.0891000E+0	 1.1700000E+0
 1.0686001E+0	 1.1593000E+0
 1.0523000E+0	 1.1475000E+0
 1.0269001E+0	 1.1315000E+0
 1.0045000E+0	 1.1172000E+0
 9.7799999E-1	 1.0980999E+0
 9.6840000E-1	 1.0868000E+0
 9.5050001E-1	 1.0735000E+0
 9.4379997E-1	 1.0668000E+0
 9.3559998E-1	 1.0609000E+0
 9.2799997E-1	 1.0530000E+0
 8.9630002E-1	 1.0282000E+0
 8.7519997E-1	 1.0088000E+0
 8.5100001E-1	 9.8640001E-1
 8.3190000E-1	 9.6719998E-1
 8.0599999E-1	 9.4419998E-1
 7.8869998E-1	 9.2710000E-1
 7.6220000E-1	 8.9850003E-1
 7.3589998E-1	 8.7419999E-1
 7.0230001E-1	 8.3870000E-1
 6.7729998E-1	 8.1500000E-1
 6.4480001E-1	 7.8079998E-1
 6.0930002E-1	 7.4390000E-1
 5.7139999E-1	 7.0289999E-1
 5.5460000E-1	 6.8150002E-1
 5.3509998E-1	 6.6339999E-1
 5.2139997E-1	 6.4399999E-1
 5.0540000E-1	 6.2519997E-1
 4.8080000E-1	 6.0259998E-1
 4.3849999E-1	 5.5760002E-1
 3.9539999E-1	 5.0459999E-1
 3.4209999E-1	 4.4360000E-1
 3.0870000E-1	 4.0570000E-1
 2.4731000E-1	 3.6320001E-1
 2.2243001E-1	 3.0599999E-1
 2.0333000E-1	 2.8009999E-1
 1.8775000E-1	 2.5117001E-1
 1.6647001E-1	 2.3502000E-1
 1.5639000E-1	 2.2338000E-1
 1.2385000E-1	 1.8882000E-1
 8.8000000E-2	 1.4957000E-1
 3.9990000E-2	 9.0769999E-2
 2.4739999E-2	 6.6459998E-2
 1.1240000E-2	 4.9860001E-2
 7.1899998E-3	 4.3350000E-2
 3.4300000E-3	 3.8789999E-2
 2.2300000E-3	 3.6770001E-2
 1.1300000E-3	 3.5429999E-2
 7.6000002E-4	 3.4839999E-2
 4.4999999E-4	 3.4440000E-2
 3.6000001E-4	 3.4279998E-2
 2.6999999E-4	 3.4159999E-2
 2.5000001E-4	 3.4109998E-2
 2.2000000E-4	 3.4060001E-2
 1.9999999E-4	 3.4040000E-2
 1.8000000E-4	 3.4010001E-2
 1.7000000E-4	 3.3989999E-2
 1.8000000E-4	 3.3980001E-2
 9.9999997E-6	 3.3860002E-2
 -1.2000000E-4	 3.3679999E-2
 -1.9000001E-4	 3.3599999E-2
 -2.1000000E-4	 3.3550002E-2
 -2.1000000E-4	 3.3530001E-2
 -1.9999999E-4	 3.3519998E-2
 -2.1000000E-4	 3.3510000E-2
 -2.3000001E-4	 3.3480000E-2
 -2.5000001E-4	 3.3459999E-2
 -2.3999999E-4	 3.3459999E-2
 -2.5000001E-4	 3.3450000E-2
 -2.5000001E-4	 3.3429999E-2
 -2.5000001E-4	 3.3410002E-2
 -2.3999999E-4	 3.3410002E-2
 -2.3999999E-4	 3.3420000E-2
 -2.3000001E-4	 3.3420000E-2
 -2.2000000E-4	 3.3420000E-2
 -2.2000000E-4	 3.3420000E-2
 -2.1000000E-4	 3.3420000E-2
 -2.1000000E-4	 3.3420000E-2
 -2.2000000E-4	 3.3440001E-2
 -2.2000000E-4	 3.3420000E-2
 -2.2000000E-4	 3.3420000E-2
 -1.9999999E-4	 3.3420000E-2
 -1.9999999E-4	 3.3429999E-2
 -2.2000000E-4	 3.3420000E-2
 -1.9999999E-4	 3.3420000E-2
 -2.1000000E-4	 3.3420000E-2
 -2.1000000E-4	 3.3410002E-2
 -2.2000000E-4	 3.3410002E-2
 -1.9999999E-4	 3.3410002E-2
 -2.1000000E-4	 3.3399999E-2
 -2.3999999E-4	 3.3390000E-2
 -2.2000000E-4	 3.3399999E-2
 -1.9999999E-4	 3.3399999E-2
 -2.1000000E-4	 3.3390000E-2
 -2.2000000E-4	 3.3390000E-2
 -2.2000000E-4	 3.3390000E-2
 -2.2000000E-4	 3.3380002E-2
 -2.1000000E-4	 3.3380002E-2
 -2.3000001E-4	 3.3380002E-2
 -2.3000001E-4	 3.3369999E-2
 -2.3000001E-4	 3.3369999E-2
 -2.2000000E-4	 3.3380002E-2
 -2.2000000E-4	 3.3369999E-2
 -2.2000000E-4	 3.3369999E-2
 -2.1000000E-4	 3.3369999E-2
 -2.1000000E-4	 3.3369999E-2
 -2.3000001E-4	 3.3360001E-2
 -2.2000000E-4	 3.3369999E-2
 -2.2000000E-4	 3.3369999E-2
 -1.9999999E-4	 3.3380002E-2
 -1.9999999E-4	 3.3369999E-2
 -2.1000000E-4	 3.3369999E-2
 -2.3000001E-4	 3.3369999E-2
 -2.1000000E-4	 3.3369999E-2
 -2.2000000E-4	 3.3369999E-2
 -2.2000000E-4	 3.3369999E-2
 -2.3000001E-4	 3.3360001E-2
 -2.3000001E-4	 3.3349998E-2
 -2.2000000E-4	 3.3360001E-2
 -2.2000000E-4	 3.3349998E-2
 -2.3000001E-4	 3.3340000E-2
 -2.2000000E-4	 3.3340000E-2
 -2.2000000E-4	 3.3340000E-2
