12/12/200518:22I (A)          B (T)      1.6000000E-4	 -1.5888000E-1
 1.6000000E-4	 -1.5888999E-1
 1.4000000E-4	 -1.5888000E-1
 1.6000000E-4	 -1.5888000E-1
 1.5000001E-4	 -1.5888999E-1
 -2.1000000E-4	 -1.5893000E-1
 -2.5000001E-4	 -1.5894000E-1
 -2.5000001E-4	 -1.5895000E-1
 -2.2000000E-4	 -1.5894000E-1
 -1.9999999E-4	 -1.5894000E-1
 -1.9999999E-4	 -1.5894000E-1
 -2.2000000E-4	 -1.5894000E-1
 -2.3999999E-4	 -1.5894000E-1
 -2.3999999E-4	 -1.5895000E-1
 -2.3000001E-4	 -1.5894000E-1
 -1.9999999E-4	 -1.5894000E-1
 -2.2000000E-4	 -1.5894000E-1
 -2.1000000E-4	 -1.5894000E-1
 -1.9999999E-4	 -1.5894000E-1
 -1.8000000E-4	 -1.5893000E-1
 -1.9999999E-4	 -1.5894000E-1
 -1.9999999E-4	 -1.5894000E-1
 -1.9999999E-4	 -1.5894000E-1
 -1.9000001E-4	 -1.5894000E-1
 -2.1000000E-4	 -1.5894000E-1
 -1.7000000E-4	 -1.5894000E-1
 -1.9999999E-4	 -1.5894000E-1
 -1.9000001E-4	 -1.5895000E-1
 -1.7000000E-4	 -1.5893000E-1
 -1.7000000E-4	 -1.5893000E-1
 -1.7000000E-4	 -1.5893000E-1
 -1.7000000E-4	 -1.5893000E-1
 -1.0560000E-2	 -1.6018000E-1
 -2.2089999E-2	 -1.6103999E-1
 -5.1479999E-2	 -1.6757999E-1
 -9.8830000E-2	 -1.7648999E-1
 -1.2705000E-1	 -1.8230000E-1
 -1.4087000E-1	 -1.8643001E-1
 -1.6497999E-1	 -1.9340999E-1
 -1.9711000E-1	 -2.0162000E-1
 -2.1578000E-1	 -2.0740999E-1
 -2.2661000E-1	 -2.1119000E-1
 -2.4417999E-1	 -2.1759000E-1
 -2.5916001E-1	 -2.2237000E-1
 -2.7167001E-1	 -2.2644000E-1
 -2.8025001E-1	 -2.3002000E-1
 -2.9183000E-1	 -2.3463000E-1
 -3.2159999E-1	 -2.4176000E-1
 -3.4180000E-1	 -2.5207999E-1
 -3.5080001E-1	 -2.5521001E-1
 -3.6840001E-1	 -2.6227000E-1
 -3.8389999E-1	 -2.6747000E-1
 -3.9870000E-1	 -2.7217001E-1
 -4.0820000E-1	 -2.7616000E-1
 -4.1949999E-1	 -2.8053001E-1
 -4.3160000E-1	 -2.8446001E-1
 -4.4499999E-1	 -2.8828001E-1
 -4.5550001E-1	 -2.9192001E-1
 -4.7710001E-1	 -2.9975000E-1
 -4.9140000E-1	 -3.0610001E-1
 -5.0459999E-1	 -3.0930001E-1
 -5.1029998E-1	 -3.1079999E-1
 -5.2469999E-1	 -3.1590000E-1
 -5.4990000E-1	 -3.2310000E-1
 -5.5940002E-1	 -3.2670000E-1
 -5.6379998E-1	 -3.2830000E-1
 -5.7120001E-1	 -3.3080000E-1
 -5.8329999E-1	 -3.3419999E-1
 -6.0149997E-1	 -3.3860001E-1
 -6.1150002E-1	 -3.4250000E-1
 -6.2120003E-1	 -3.4590000E-1
 -6.2949997E-1	 -3.4819999E-1
 -6.4789999E-1	 -3.5249999E-1
 -6.6130000E-1	 -3.5630000E-1
 -6.8379998E-1	 -3.6359999E-1
 -6.9099998E-1	 -3.6600000E-1
 -7.0800000E-1	 -3.6950001E-1
 -7.1749997E-1	 -3.7279999E-1
 -7.2990000E-1	 -3.7670001E-1
 -7.5430000E-1	 -3.8260001E-1
 -7.6929998E-1	 -3.8650000E-1
 -7.7700001E-1	 -3.8880000E-1
 -7.8930002E-1	 -3.9240000E-1
 -8.1230003E-1	 -3.9780000E-1
 -8.2990003E-1	 -4.0189999E-1
 -8.3999997E-1	 -4.0450001E-1
 -8.5659999E-1	 -4.0939999E-1
 -8.7940001E-1	 -4.1460001E-1
 -8.8510001E-1	 -4.1650000E-1
 -8.8990003E-1	 -4.1700000E-1
 -9.0780002E-1	 -4.2190000E-1
 -9.4669998E-1	 -4.3009999E-1
 -9.8079997E-1	 -4.3730000E-1
 -9.9849999E-1	 -4.4130000E-1
 -1.0238000E+0	 -4.4830000E-1
 -1.0422000E+0	 -4.5230001E-1
 -1.0572000E+0	 -4.5510000E-1
 -1.0653000E+0	 -4.5680001E-1
 -1.0822001E+0	 -4.6100000E-1
 -1.1071000E+0	 -4.6590000E-1
 -1.1223000E+0	 -4.6890000E-1
 -1.1281000E+0	 -4.7040001E-1
 -1.1336000E+0	 -4.7189999E-1
 -1.1499000E+0	 -4.7490001E-1
 -1.1744000E+0	 -4.7889999E-1
 -1.1853000E+0	 -4.8140001E-1
 -1.2005000E+0	 -4.8510000E-1
 -1.2253000E+0	 -4.8960000E-1
 -1.2479000E+0	 -4.9340001E-1
 -1.2610000E+0	 -4.9540001E-1
 -1.2910000E+0	 -5.0230002E-1
 -1.3233000E+0	 -5.0790000E-1
 -1.3572000E+0	 -5.1340002E-1
 -1.3744000E+0	 -5.1599997E-1
 -1.3997999E+0	 -5.2190000E-1
 -1.4234999E+0	 -5.2590001E-1
 -1.4303000E+0	 -5.2719998E-1
 -1.4317000E+0	 -5.2770001E-1
 -1.4326000E+0	 -5.2789998E-1
 -1.4329000E+0	 -5.2800000E-1
 -1.4746000E+0	 -5.3350002E-1
 -1.4955000E+0	 -5.3659999E-1
 -1.5299000E+0	 -5.4390001E-1
 -1.5374000E+0	 -5.4519999E-1
 -1.5592000E+0	 -5.4799998E-1
 -1.5710000E+0	 -5.4939997E-1
 -1.5915999E+0	 -5.5379999E-1
 -1.6156000E+0	 -5.5739999E-1
 -1.6286000E+0	 -5.5930001E-1
 -1.6382000E+0	 -5.6010002E-1
 -1.6562999E+0	 -5.6389999E-1
 -1.6646000E+0	 -5.6519997E-1
 -1.7072999E+0	 -5.7040000E-1
 -1.7288001E+0	 -5.7270002E-1
 -1.7431999E+0	 -5.7690001E-1
 -1.7442000E+0	 -5.7720000E-1
 -1.7557000E+0	 -5.7849997E-1
 -1.7628000E+0	 -5.7910001E-1
 -1.7747999E+0	 -5.8149999E-1
 -1.7765000E+0	 -5.8179998E-1
 -1.7867000E+0	 -5.8300000E-1
 -1.7969000E+0	 -5.8359998E-1
 -1.8106000E+0	 -5.8660001E-1
 -1.8381000E+0	 -5.9030002E-1
 -1.8467000E+0	 -5.9160000E-1
 -1.8561000E+0	 -5.9249997E-1
 -1.8678000E+0	 -5.9469998E-1
 -1.8960000E+0	 -5.9840000E-1
 -1.9042000E+0	 -5.9950000E-1
 -1.9078000E+0	 -5.9990001E-1
 -1.9116000E+0	 -6.0070002E-1
 -1.9227000E+0	 -6.0219997E-1
 -1.9286000E+0	 -6.0290003E-1
 -1.9408000E+0	 -6.0339999E-1
 -1.9529001E+0	 -6.0619998E-1
 -1.9775000E+0	 -6.0939997E-1
 -1.9938999E+0	 -6.1140001E-1
 -2.0030000E+0	 -6.1210001E-1
 -2.0114000E+0	 -6.1400002E-1
 -2.0308001E+0	 -6.1640000E-1
 -2.0510001E+0	 -6.1870003E-1
 -2.0617001E+0	 -6.1949998E-1
 -2.0711000E+0	 -6.2159997E-1
 -2.0799999E+0	 -6.2269998E-1
 -2.0959001E+0	 -6.2449998E-1
 -2.1036999E+0	 -6.2510002E-1
 -2.1105001E+0	 -6.2660003E-1
 -2.1307001E+0	 -6.2900001E-1
 -2.1559999E+0	 -6.3180000E-1
 -2.1598001E+0	 -6.3249999E-1
 -2.1615000E+0	 -6.3290000E-1
 -2.1896000E+0	 -6.3620001E-1
 -2.1924000E+0	 -6.3669997E-1
 -2.1961000E+0	 -6.3679999E-1
 -2.1984999E+0	 -6.3739997E-1
 -2.2320001E+0	 -6.4139998E-1
 -2.2416000E+0	 -6.4240003E-1
 -2.2685001E+0	 -6.4340001E-1
 -2.2876999E+0	 -6.4800000E-1
 -2.3067999E+0	 -6.5020001E-1
 -2.3487999E+0	 -6.5460002E-1
 -2.3724000E+0	 -6.5579998E-1
 -2.3866999E+0	 -6.5939999E-1
 -2.3957000E+0	 -6.6039997E-1
 -2.4112999E+0	 -6.6200000E-1
 -2.4201000E+0	 -6.6250002E-1
 -2.4245999E+0	 -6.6360003E-1
 -2.4468999E+0	 -6.6600001E-1
 -2.4719999E+0	 -6.6869998E-1
 -2.4758999E+0	 -6.6909999E-1
 -2.4763999E+0	 -6.6939998E-1
 -2.5067999E+0	 -6.7259997E-1
 -2.5153000E+0	 -6.7350000E-1
 -2.5344999E+0	 -6.7409998E-1
 -2.5378001E+0	 -6.7600000E-1
 -2.5414000E+0	 -6.7640001E-1
 -2.5694001E+0	 -6.7909998E-1
 -2.5901000E+0	 -6.8010002E-1
 -2.5931001E+0	 -6.8190002E-1
 -2.6215000E+0	 -6.8480003E-1
 -2.6466000E+0	 -6.8730003E-1
 -2.6480999E+0	 -6.8760002E-1
 -2.6482000E+0	 -6.8769997E-1
 -2.6513000E+0	 -6.8800002E-1
 -2.6652999E+0	 -6.8930000E-1
 -2.6784999E+0	 -6.9000000E-1
 -2.6803000E+0	 -6.9090003E-1
 -2.6889000E+0	 -6.9180000E-1
 -2.6912000E+0	 -6.9199997E-1
 -2.7065001E+0	 -6.9250000E-1
 -2.7084000E+0	 -6.9379997E-1
 -2.7358000E+0	 -6.9650000E-1
 -2.7519000E+0	 -6.9809997E-1
 -2.7579999E+0	 -6.9849998E-1
 -2.7588000E+0	 -6.9889998E-1
 -2.7839999E+0	 -7.0139998E-1
 -2.8097999E+0	 -7.0380002E-1
 -2.8236001E+0	 -7.0459998E-1
 -2.8257000E+0	 -7.0560002E-1
 -2.8364999E+0	 -7.0660001E-1
 -2.8692000E+0	 -7.0969999E-1
 -2.8852999E+0	 -7.1050000E-1
 -2.8873999E+0	 -7.1160001E-1
 -2.8915999E+0	 -7.1200001E-1
 -2.9052999E+0	 -7.1329999E-1
 -2.9245999E+0	 -7.1420002E-1
 -2.9272001E+0	 -7.1539998E-1
 -2.9435999E+0	 -7.1700001E-1
 -2.9656000E+0	 -7.1899998E-1
 -2.9727001E+0	 -7.1950001E-1
 -2.9748001E+0	 -7.1990001E-1
 -2.9772000E+0	 -7.2020000E-1
 -2.9772999E+0	 -7.2030002E-1
 -2.9776001E+0	 -7.2030002E-1
 -2.9781001E+0	 -7.2030002E-1
 -2.9795001E+0	 -7.2049999E-1
 -2.9798000E+0	 -7.2049999E-1
 -2.9798999E+0	 -7.2049999E-1
 -2.9800000E+0	 -7.2060001E-1
 -2.9800999E+0	 -7.2060001E-1
 -2.9804001E+0	 -7.2060001E-1
 -2.9806001E+0	 -7.2060001E-1
 -2.9621000E+0	 -7.2060001E-1
 -2.9496000E+0	 -7.1869999E-1
 -2.8954000E+0	 -7.1520001E-1
 -2.8504000E+0	 -7.1329999E-1
 -2.8452001E+0	 -7.1200001E-1
 -2.8197000E+0	 -7.1010000E-1
 -2.8081999E+0	 -7.0929998E-1
 -2.7857001E+0	 -7.0840001E-1
 -2.7832000E+0	 -7.0760000E-1
 -2.7699001E+0	 -7.0660001E-1
 -2.7470000E+0	 -7.0499998E-1
 -2.7072001E+0	 -7.0340002E-1
 -2.7021000E+0	 -7.0190001E-1
 -2.6875999E+0	 -7.0080000E-1
 -2.6730001E+0	 -6.9970000E-1
 -2.6557000E+0	 -6.9889998E-1
 -2.6522999E+0	 -6.9830000E-1
 -2.6382000E+0	 -6.9709998E-1
 -2.6155000E+0	 -6.9540000E-1
 -2.6052999E+0	 -6.9489998E-1
 -2.6040001E+0	 -6.9450003E-1
 -2.6005001E+0	 -6.9430000E-1
 -2.5780001E+0	 -6.9260001E-1
 -2.5617001E+0	 -6.9169998E-1
 -2.5472000E+0	 -6.9110000E-1
 -2.5332999E+0	 -6.8910003E-1
 -2.5151999E+0	 -6.8769997E-1
 -2.5018001E+0	 -6.8699998E-1
 -2.4969001E+0	 -6.8650001E-1
 -2.4739001E+0	 -6.8440002E-1
 -2.4589000E+0	 -6.8320000E-1
 -2.4549999E+0	 -6.8290001E-1
 -2.4517000E+0	 -6.8279999E-1
 -2.4363000E+0	 -6.8129998E-1
 -2.4329000E+0	 -6.8099999E-1
 -2.4284000E+0	 -6.8070000E-1
 -2.4243000E+0	 -6.8059999E-1
 -2.4116001E+0	 -6.7930001E-1
 -2.3922000E+0	 -6.7769998E-1
 -2.3893001E+0	 -6.7750001E-1
 -2.3875999E+0	 -6.7739999E-1
 -2.3801000E+0	 -6.7659998E-1
 -2.3671999E+0	 -6.7559999E-1
 -2.3532000E+0	 -6.7470002E-1
 -2.3506000E+0	 -6.7430001E-1
 -2.3431001E+0	 -6.7350000E-1
 -2.3148000E+0	 -6.7110002E-1
 -2.2980001E+0	 -6.7009997E-1
 -2.2932000E+0	 -6.6949999E-1
 -2.2774000E+0	 -6.6780001E-1
 -2.2427001E+0	 -6.6479999E-1
 -2.2223001E+0	 -6.6350001E-1
 -2.2188001E+0	 -6.6270000E-1
 -2.2100000E+0	 -6.6180003E-1
 -2.1977000E+0	 -6.6070002E-1
 -2.1688001E+0	 -6.5880001E-1
 -2.1602001E+0	 -6.5770000E-1
 -2.1417000E+0	 -6.5549999E-1
 -2.1192000E+0	 -6.5350002E-1
 -2.0901000E+0	 -6.5160000E-1
 -2.0846000E+0	 -6.5030003E-1
 -2.0717001E+0	 -6.4889997E-1
 -2.0448999E+0	 -6.4639997E-1
 -2.0337000E+0	 -6.4550000E-1
 -2.0293000E+0	 -6.4499998E-1
 -2.0156000E+0	 -6.4340001E-1
 -2.0021999E+0	 -6.4209998E-1
 -1.9962000E+0	 -6.4160001E-1
 -1.9946001E+0	 -6.4130002E-1
 -1.9912000E+0	 -6.4090002E-1
 -1.9855000E+0	 -6.4039999E-1
 -1.9783000E+0	 -6.3980001E-1
 -1.9752001E+0	 -6.3950002E-1
 -1.9667000E+0	 -6.3840002E-1
 -1.9497000E+0	 -6.3679999E-1
 -1.9356000E+0	 -6.3559997E-1
 -1.9297000E+0	 -6.3510001E-1
 -1.9200000E+0	 -6.3360000E-1
 -1.9139000E+0	 -6.3300002E-1
 -1.8954000E+0	 -6.3169998E-1
 -1.8870000E+0	 -6.3080001E-1
 -1.8664000E+0	 -6.2800002E-1
 -1.8314000E+0	 -6.2440002E-1
 -1.8185000E+0	 -6.2320000E-1
 -1.8132000E+0	 -6.2260002E-1
 -1.8041000E+0	 -6.2120003E-1
 -1.7807000E+0	 -6.1870003E-1
 -1.7653000E+0	 -6.1739999E-1
 -1.7571000E+0	 -6.1659998E-1
 -1.7383000E+0	 -6.1390001E-1
 -1.7069000E+0	 -6.1040002E-1
 -1.6837000E+0	 -6.0829997E-1
 -1.6727999E+0	 -6.0710001E-1
 -1.6539000E+0	 -6.0399997E-1
 -1.6386000E+0	 -6.0229999E-1
 -1.6257000E+0	 -6.0110003E-1
 -1.6114000E+0	 -6.0030001E-1
 -1.5861000E+0	 -5.9579998E-1
 -1.5569000E+0	 -5.9230000E-1
 -1.5203000E+0	 -5.8910000E-1
 -1.5082000E+0	 -5.8660001E-1
 -1.4911000E+0	 -5.8380002E-1
 -1.4841000E+0	 -5.8289999E-1
 -1.4665000E+0	 -5.8120000E-1
 -1.4585000E+0	 -5.7999998E-1
 -1.4448000E+0	 -5.7760000E-1
 -1.4363000E+0	 -5.7650000E-1
 -1.4226000E+0	 -5.7520002E-1
 -1.4173000E+0	 -5.7419997E-1
 -1.4123000E+0	 -5.7319999E-1
 -1.3939000E+0	 -5.7080001E-1
 -1.3709000E+0	 -5.6849998E-1
 -1.3648000E+0	 -5.6680000E-1
 -1.3612000E+0	 -5.6610000E-1
 -1.3626000E+0	 -5.6620002E-1
 -1.3634000E+0	 -5.6620002E-1
 -1.3626000E+0	 -5.6620002E-1
 -1.3609999E+0	 -5.6599998E-1
 -1.3203000E+0	 -5.6070000E-1
 -1.2966000E+0	 -5.5790001E-1
 -1.2839000E+0	 -5.5570000E-1
 -1.2613000E+0	 -5.5170000E-1
 -1.2413000E+0	 -5.4879999E-1
 -1.2110000E+0	 -5.4530001E-1
 -1.1969000E+0	 -5.4290003E-1
 -1.1768000E+0	 -5.3869998E-1
 -1.1514000E+0	 -5.3490001E-1
 -1.1309000E+0	 -5.3240001E-1
 -1.1191000E+0	 -5.3039998E-1
 -1.0977000E+0	 -5.2590001E-1
 -1.0832000E+0	 -5.2359998E-1
 -1.0691000E+0	 -5.2170002E-1
 -1.0619000E+0	 -5.2029997E-1
 -1.0528001E+0	 -5.1830000E-1
 -1.0374000E+0	 -5.1580000E-1
 -1.0200000E+0	 -5.1340002E-1
 -1.0111001E+0	 -5.1160002E-1
 -1.0027000E+0	 -5.0950003E-1
 -9.8600000E-1	 -5.0660002E-1
 -9.7759998E-1	 -5.0540000E-1
 -9.7340000E-1	 -5.0440001E-1
 -9.6789998E-1	 -5.0309998E-1
 -9.5420003E-1	 -5.0080001E-1
 -9.3680000E-1	 -4.9829999E-1
 -9.2790002E-1	 -4.9640000E-1
 -9.1790003E-1	 -4.9380001E-1
 -9.0120000E-1	 -4.9090001E-1
 -8.9060003E-1	 -4.8910001E-1
 -8.8290000E-1	 -4.8780000E-1
 -8.7959999E-1	 -4.8640001E-1
 -8.6860001E-1	 -4.8440000E-1
 -8.5879999E-1	 -4.8289999E-1
 -8.5110003E-1	 -4.8159999E-1
 -8.4130001E-1	 -4.7880000E-1
 -8.1980002E-1	 -4.7470000E-1
 -8.0830002E-1	 -4.7250000E-1
 -8.0070001E-1	 -4.7110000E-1
 -7.9020000E-1	 -4.6820000E-1
 -7.8289998E-1	 -4.6660000E-1
 -7.7539998E-1	 -4.6540001E-1
 -7.6690000E-1	 -4.6419999E-1
 -7.4830002E-1	 -4.5919999E-1
 -7.3790002E-1	 -4.5690000E-1
 -7.2619998E-1	 -4.5460001E-1
 -7.1780002E-1	 -4.5300001E-1
 -7.0569998E-1	 -4.4949999E-1
 -6.9319999E-1	 -4.4670001E-1
 -6.6610003E-1	 -4.4220001E-1
 -6.5100002E-1	 -4.3740001E-1
 -6.4020002E-1	 -4.3390000E-1
 -6.3010001E-1	 -4.3149999E-1
 -6.2180001E-1	 -4.2980000E-1
 -6.1659998E-1	 -4.2840001E-1
 -6.1170000E-1	 -4.2670000E-1
 -6.0130000E-1	 -4.2429999E-1
 -5.9329998E-1	 -4.2230001E-1
 -5.8910000E-1	 -4.2140001E-1
 -5.8350003E-1	 -4.1940001E-1
 -5.7590002E-1	 -4.1749999E-1
 -5.6610000E-1	 -4.1560000E-1
 -5.5820000E-1	 -4.1350001E-1
 -5.4799998E-1	 -4.1010001E-1
 -5.2780002E-1	 -4.0500000E-1
 -5.2179998E-1	 -4.0300000E-1
 -5.2060002E-1	 -4.0200001E-1
 -5.2079999E-1	 -4.0210000E-1
 -5.1969999E-1	 -4.0189999E-1
 -5.1020002E-1	 -3.9980000E-1
 -5.0309998E-1	 -3.9840001E-1
 -4.9450001E-1	 -3.9500001E-1
 -4.6630001E-1	 -3.8749999E-1
 -4.4420001E-1	 -3.8119999E-1
 -4.3099999E-1	 -3.7819999E-1
 -4.0889999E-1	 -3.6930001E-1
 -3.8479999E-1	 -3.6149999E-1
 -3.5980001E-1	 -3.5400000E-1
 -3.4860000E-1	 -3.4979999E-1
 -3.3700001E-1	 -3.4419999E-1
 -3.1430000E-1	 -3.3649999E-1
 -2.9539999E-1	 -3.3039999E-1
 -2.7840000E-1	 -3.2420000E-1
 -2.4512000E-1	 -3.1279999E-1
 -2.4098000E-1	 -3.0590001E-1
 -2.2510999E-1	 -3.0000001E-1
 -2.1294001E-1	 -2.9609999E-1
 -1.9182999E-1	 -2.8500000E-1
 -1.7614999E-1	 -2.7730000E-1
 -1.5815000E-1	 -2.6341999E-1
 -1.2836000E-1	 -2.5604001E-1
 -1.1374000E-1	 -2.4519999E-1
 -8.5919999E-2	 -2.2837000E-1
 -6.6220000E-2	 -2.1408001E-1
 -5.6279998E-2	 -2.0721000E-1
 -4.7419999E-2	 -1.9957000E-1
 -2.1900000E-2	 -1.8476000E-1
 -8.9299995E-3	 -1.7263000E-1
 -5.1199999E-3	 -1.6833000E-1
 -2.5599999E-3	 -1.6541000E-1
 -1.5600000E-3	 -1.6429999E-1
 -9.2000002E-4	 -1.6350000E-1
 -6.3999998E-4	 -1.6316000E-1
 -4.7999999E-4	 -1.6288000E-1
 -3.9999999E-4	 -1.6275001E-1
 -3.4999999E-4	 -1.6264001E-1
 -3.0000001E-4	 -1.6259000E-1
 -2.8000001E-4	 -1.6253000E-1
 -2.6000000E-4	 -1.6249999E-1
 -2.5000001E-4	 -1.6245000E-1
 -2.3999999E-4	 -1.6242000E-1
 -2.5000001E-4	 -1.6238999E-1
 4.9999999E-5	 -1.6233000E-1
 1.1000000E-4	 -1.6224000E-1
 1.3000000E-4	 -1.6220000E-1
 1.6000000E-4	 -1.6215999E-1
 1.6000000E-4	 -1.6211000E-1
 1.6000000E-4	 -1.6210000E-1
 1.7000000E-4	 -1.6209000E-1
 1.9000001E-4	 -1.6205999E-1
 1.9000001E-4	 -1.6204999E-1
 1.9000001E-4	 -1.6204000E-1
 1.8000000E-4	 -1.6202000E-1
 1.9999999E-4	 -1.6200000E-1
 1.9999999E-4	 -1.6199000E-1
 1.9000001E-4	 -1.6198000E-1
 1.9999999E-4	 -1.6197000E-1
 1.9000001E-4	 -1.6196001E-1
 1.7000000E-4	 -1.6196001E-1
 9.9999997E-6	 -1.6197000E-1
 -1.6000000E-4	 -1.6200000E-1
 -1.9000001E-4	 -1.6200000E-1
 -2.1000000E-4	 -1.6200000E-1
 -1.9999999E-4	 -1.6200000E-1
 -1.9000001E-4	 -1.6199000E-1
 -1.7000000E-4	 -1.6198000E-1
 -1.8000000E-4	 -1.6199000E-1
 -1.9999999E-4	 -1.6198000E-1
 -2.2000000E-4	 -1.6199000E-1
 -2.1000000E-4	 -1.6199000E-1
 -2.1000000E-4	 -1.6198000E-1
 -1.9000001E-4	 -1.6198000E-1
 0.0000000E+0	 -1.6196001E-1
 1.9999999E-4	 -1.6190000E-1
 2.1000000E-4	 -1.6189000E-1
 1.9999999E-4	 -1.6189000E-1
 2.2000000E-4	 -1.6189000E-1
 2.1000000E-4	 -1.6187000E-1
 1.9999999E-4	 -1.6187000E-1
 2.1000000E-4	 -1.6186000E-1
 2.1000000E-4	 -1.6185001E-1
 2.1000000E-4	 -1.6185001E-1
 1.9999999E-4	 -1.6185001E-1
 1.9999999E-4	 -1.6185001E-1
 2.3000001E-4	 -1.6184001E-1
 2.3999999E-4	 -1.6184001E-1
 2.3000001E-4	 -1.6184001E-1
 2.3000001E-4	 -1.6182999E-1
 2.3999999E-4	 -1.6182999E-1
 2.2000000E-4	 -1.6181999E-1
 1.9999999E-4	 -1.6181999E-1
 1.9999999E-4	 -1.6181999E-1
 1.9999999E-4	 -1.6181999E-1
 2.1000000E-4	 -1.6181000E-1
 4.5900000E-3	 -1.6162001E-1
 9.8299999E-3	 -1.5676001E-1
 1.6799999E-2	 -1.5166999E-1
 3.4830000E-2	 -1.4016999E-1
 4.8710000E-2	 -1.3029000E-1
 6.5569997E-2	 -1.1511000E-1
 9.1140002E-2	 -9.5689997E-2
 1.1948000E-1	 -7.3220000E-2
 1.3733000E-1	 -5.7939999E-2
 1.5676001E-1	 -4.0350001E-2
 1.7679000E-1	 -1.4314000E-2
 1.9842000E-1	 -5.9469999E-3
 2.0645000E-1	 1.6100000E-3
 2.1345000E-1	 8.0859996E-3
 2.2723000E-1	 1.7937999E-2
 2.4099000E-1	 2.8659999E-2
 2.5127000E-1	 4.3660000E-2
 2.6914999E-1	 4.9219999E-2
 2.7801001E-1	 5.9459999E-2
 2.9194999E-1	 6.8209998E-2
 3.0112001E-1	 7.4790001E-2
 3.1799999E-1	 8.4449999E-2
 3.2290000E-1	 9.3440004E-2
 3.3090001E-1	 9.8729998E-2
 3.3649999E-1	 1.0284000E-1
 3.4220001E-1	 1.0822000E-1
 3.4580001E-1	 1.1115000E-1
 3.5409999E-1	 1.1601000E-1
 3.6100000E-1	 1.2016000E-1
 3.7050000E-1	 1.2775999E-1
 3.7770000E-1	 1.3287000E-1
 3.8420001E-1	 1.3755000E-1
 3.8789999E-1	 1.4019001E-1
 3.9140001E-1	 1.4314000E-1
 3.9820001E-1	 1.4719000E-1
 4.0390000E-1	 1.5119000E-1
 4.0810001E-1	 1.5357000E-1
 4.1190001E-1	 1.5676001E-1
 4.1679999E-1	 1.6042000E-1
 4.2379999E-1	 1.6408999E-1
 4.3000001E-1	 1.6706000E-1
 4.3830001E-1	 1.7308000E-1
 4.4920000E-1	 1.7976999E-1
 4.5590001E-1	 1.8479000E-1
 4.6169999E-1	 1.8716000E-1
 4.6750000E-1	 1.9178000E-1
 4.7510001E-1	 1.9707000E-1
 4.7839999E-1	 1.9931000E-1
 4.7960001E-1	 2.0052999E-1
 4.8109999E-1	 2.0110001E-1
 4.8640001E-1	 2.0377000E-1
 4.9360001E-1	 2.0761000E-1
 4.9939999E-1	 2.1040000E-1
 5.0599998E-1	 2.1506000E-1
 5.1069999E-1	 2.1809000E-1
 5.1899999E-1	 2.2225000E-1
 5.2730000E-1	 2.2564000E-1
 5.3839999E-1	 2.3319000E-1
 5.4509997E-1	 2.3769000E-1
 5.5299997E-1	 2.4129000E-1
 5.6029999E-1	 2.4534000E-1
 5.7050002E-1	 2.4980000E-1
 5.8260000E-1	 2.5666001E-1
 5.9340000E-1	 2.6231000E-1
 6.0000002E-1	 2.6624000E-1
 6.0619998E-1	 2.6921999E-1
 6.1470002E-1	 2.7399001E-1
 6.2459999E-1	 2.7799001E-1
 6.3120002E-1	 2.8075999E-1
 6.3950002E-1	 2.8510001E-1
 6.5179998E-1	 2.9099000E-1
 6.6399997E-1	 2.9640999E-1
 6.6869998E-1	 2.9916000E-1
 6.7170000E-1	 3.0109000E-1
 6.7510003E-1	 3.0283001E-1
 6.8250000E-1	 3.0640000E-1
 6.8879998E-1	 3.0820000E-1
 6.9129997E-1	 3.0930001E-1
 6.9709998E-1	 3.1200001E-1
 7.0510000E-1	 3.1500000E-1
 7.1210003E-1	 3.1810001E-1
 7.2399998E-1	 3.2139999E-1
 7.4680001E-1	 3.3239999E-1
 7.6719999E-1	 3.3950001E-1
 7.7640003E-1	 3.4419999E-1
 7.8299999E-1	 3.4689999E-1
 7.8799999E-1	 3.4920001E-1
 7.9519999E-1	 3.5150000E-1
 7.9939997E-1	 3.5339999E-1
 8.0339998E-1	 3.5479999E-1
 8.0809999E-1	 3.5690001E-1
 8.1599998E-1	 3.5929999E-1
 8.2050002E-1	 3.6120000E-1
 8.2440001E-1	 3.6260000E-1
 8.2830000E-1	 3.6430001E-1
 8.3149999E-1	 3.6539999E-1
 8.3359998E-1	 3.6620000E-1
 8.3569998E-1	 3.6680001E-1
 8.3829999E-1	 3.6800000E-1
 8.4530002E-1	 3.7000000E-1
 8.4960002E-1	 3.7160000E-1
 8.5490000E-1	 3.7290001E-1
 8.6430001E-1	 3.7680000E-1
 8.7089998E-1	 3.7880000E-1
 8.7769997E-1	 3.8100001E-1
 8.8739997E-1	 3.8330001E-1
 8.9529997E-1	 3.8720000E-1
 9.0460002E-1	 3.8990000E-1
 9.0850002E-1	 3.9150000E-1
 9.1100001E-1	 3.9250001E-1
 9.1189998E-1	 3.9300001E-1
 9.1399997E-1	 3.9359999E-1
 9.2049998E-1	 3.9510000E-1
 9.2780000E-1	 3.9739999E-1
 9.3540001E-1	 4.0020001E-1
 9.4040000E-1	 4.0160000E-1
 9.4620001E-1	 4.0329999E-1
 9.5240003E-1	 4.0509999E-1
 9.5910001E-1	 4.0759999E-1
 9.7049999E-1	 4.1060001E-1
 9.7570002E-1	 4.1240001E-1
 9.7960001E-1	 4.1360000E-1
 9.8210001E-1	 4.1460001E-1
 9.8769999E-1	 4.1600001E-1
 9.9210000E-1	 4.1720000E-1
 9.9650002E-1	 4.1839999E-1
 1.0029000E+0	 4.2060000E-1
 1.0074000E+0	 4.2179999E-1
 1.0112000E+0	 4.2280000E-1
 1.0154001E+0	 4.2390001E-1
 1.0202000E+0	 4.2559999E-1
 1.0322000E+0	 4.2840001E-1
 1.0384001E+0	 4.3040001E-1
 1.0437000E+0	 4.3180001E-1
 1.0494000E+0	 4.3370000E-1
 1.0580000E+0	 4.3570000E-1
 1.0622000E+0	 4.3709999E-1
 1.0661000E+0	 4.3799999E-1
 1.0714000E+0	 4.3970001E-1
 1.0885000E+0	 4.4350001E-1
 1.0982000E+0	 4.4630000E-1
 1.1078000E+0	 4.4839999E-1
 1.1171000E+0	 4.5159999E-1
 1.1287000E+0	 4.5420000E-1
 1.1374000E+0	 4.5629999E-1
 1.1467000E+0	 4.5800000E-1
 1.1618000E+0	 4.6259999E-1
 1.1766000E+0	 4.6599999E-1
 1.1816000E+0	 4.6750000E-1
 1.1835001E+0	 4.6820000E-1
 1.1827000E+0	 4.6820000E-1
 1.1821001E+0	 4.6820000E-1
 1.1833000E+0	 4.6820000E-1
 1.1845000E+0	 4.6840000E-1
 1.2018000E+0	 4.7229999E-1
 1.2395000E+0	 4.7979999E-1
 1.2466000E+0	 4.8249999E-1
 1.2486000E+0	 4.8310000E-1
 1.2575001E+0	 4.8519999E-1
 1.2711999E+0	 4.8780000E-1
 1.2927999E+0	 4.9210000E-1
 1.3067000E+0	 4.9570000E-1
 1.3132000E+0	 4.9739999E-1
 1.3171999E+0	 4.9820000E-1
 1.3183000E+0	 4.9849999E-1
 1.3189000E+0	 4.9860001E-1
 1.3221000E+0	 4.9930000E-1
 1.3272001E+0	 5.0019997E-1
 1.3399000E+0	 5.0239998E-1
 1.3482000E+0	 5.0440001E-1
 1.3569000E+0	 5.0650001E-1
 1.3720000E+0	 5.0919998E-1
 1.3803999E+0	 5.1090002E-1
 1.3851000E+0	 5.1200002E-1
 1.3980000E+0	 5.1470000E-1
 1.4090000E+0	 5.1670003E-1
 1.4281000E+0	 5.1999998E-1
 1.4390000E+0	 5.2260000E-1
 1.4517000E+0	 5.2520001E-1
 1.4665000E+0	 5.2770001E-1
 1.4787000E+0	 5.3020000E-1
 1.4858000E+0	 5.3140002E-1
 1.5124000E+0	 5.3640002E-1
 1.5364000E+0	 5.4049999E-1
 1.5487000E+0	 5.4259998E-1
 1.5530000E+0	 5.4390001E-1
 1.5543000E+0	 5.4420000E-1
 1.5601000E+0	 5.4509997E-1
 1.5628000E+0	 5.4560000E-1
 1.5652000E+0	 5.4579997E-1
 1.5774000E+0	 5.4809999E-1
 1.5884000E+0	 5.4990000E-1
 1.5941000E+0	 5.5089998E-1
 1.5978000E+0	 5.5140001E-1
 1.6164000E+0	 5.5479997E-1
 1.6391000E+0	 5.5830002E-1
 1.6434000E+0	 5.5940002E-1
 1.6444000E+0	 5.5970001E-1
 1.6446000E+0	 5.5980003E-1
 1.6452000E+0	 5.5989999E-1
 1.6459000E+0	 5.6000000E-1
 1.6487000E+0	 5.6000000E-1
 1.6626000E+0	 5.6260002E-1
 1.6689000E+0	 5.6360000E-1
 1.6729000E+0	 5.6430000E-1
 1.6781000E+0	 5.6459999E-1
 1.7029001E+0	 5.6910002E-1
 1.7095000E+0	 5.7020003E-1
 1.7143000E+0	 5.7090002E-1
 1.7175000E+0	 5.7130003E-1
 1.7252001E+0	 5.7279998E-1
 1.7340000E+0	 5.7400000E-1
 1.7366000E+0	 5.7450002E-1
 1.7373000E+0	 5.7470000E-1
 1.7378000E+0	 5.7489997E-1
 1.7388000E+0	 5.7499999E-1
 1.7395000E+0	 5.7510000E-1
 1.7406000E+0	 5.7520002E-1
 1.7443000E+0	 5.7580000E-1
 1.7487000E+0	 5.7639998E-1
 1.7723000E+0	 5.7940000E-1
 1.7814000E+0	 5.8130002E-1
 1.7891999E+0	 5.8270001E-1
 1.7895000E+0	 5.8289999E-1
 1.7901000E+0	 5.8300000E-1
 1.7927001E+0	 5.8300000E-1
 1.8053000E+0	 5.8520001E-1
 1.8186001E+0	 5.8700001E-1
 1.8351001E+0	 5.8910000E-1
 1.8429000E+0	 5.9039998E-1
 1.8542000E+0	 5.9249997E-1
 1.8710999E+0	 5.9480000E-1
 1.8735000E+0	 5.9539998E-1
 1.8750000E+0	 5.9549999E-1
 1.8803999E+0	 5.9640002E-1
 1.8952000E+0	 5.9829998E-1
 1.9006000E+0	 5.9909999E-1
 1.9046000E+0	 5.9950000E-1
 1.9172000E+0	 6.0159999E-1
 1.9355000E+0	 6.0399997E-1
 1.9390000E+0	 6.0470003E-1
 1.9402000E+0	 6.0490000E-1
 1.9420000E+0	 6.0519999E-1
 1.9421000E+0	 6.0530001E-1
 1.9423000E+0	 6.0530001E-1
 1.9426000E+0	 6.0530001E-1
 1.9433000E+0	 6.0549998E-1
 1.9446000E+0	 6.0560000E-1
 1.9546000E+0	 6.0659999E-1
 1.9596000E+0	 6.0729998E-1
 1.9660000E+0	 6.0850000E-1
 1.9780000E+0	 6.1009997E-1
 1.9942000E+0	 6.1189997E-1
 2.0005000E+0	 6.1290002E-1
 2.0104001E+0	 6.1460000E-1
 2.0167999E+0	 6.1549997E-1
 2.0230999E+0	 6.1619997E-1
 2.0286000E+0	 6.1659998E-1
 2.0432999E+0	 6.1909997E-1
 2.0639000E+0	 6.2159997E-1
 2.0704000E+0	 6.2250000E-1
 2.0718000E+0	 6.2290001E-1
 2.0725000E+0	 6.2300003E-1
 2.0773001E+0	 6.2360001E-1
 2.0861001E+0	 6.2449998E-1
 2.0899000E+0	 6.2500000E-1
 2.0946000E+0	 6.2589997E-1
 2.1208000E+0	 6.2910002E-1
 2.1300001E+0	 6.3020003E-1
 2.1328001E+0	 6.3069999E-1
 2.1348000E+0	 6.3110000E-1
 2.1364999E+0	 6.3129997E-1
 2.1454000E+0	 6.3220000E-1
 2.1531000E+0	 6.3270003E-1
 2.1710999E+0	 6.3559997E-1
 2.1751001E+0	 6.3620001E-1
 2.1854999E+0	 6.3720000E-1
 2.1910999E+0	 6.3770002E-1
 2.1998000E+0	 6.3929999E-1
 2.2114000E+0	 6.4060003E-1
 2.2260001E+0	 6.4209998E-1
 2.2327001E+0	 6.4279997E-1
 2.2449999E+0	 6.4480001E-1
 2.2653000E+0	 6.4719999E-1
 2.2730999E+0	 6.4800000E-1
 2.2774999E+0	 6.4840001E-1
 2.2842000E+0	 6.4960003E-1
 2.2890999E+0	 6.5009999E-1
 2.3095000E+0	 6.5210003E-1
 2.3202000E+0	 6.5300000E-1
 2.3329000E+0	 6.5530002E-1
 2.3364999E+0	 6.5579998E-1
 2.3438001E+0	 6.5640002E-1
 2.3494999E+0	 6.5679997E-1
 2.3613999E+0	 6.5869999E-1
 2.3821001E+0	 6.6090000E-1
 2.3908000E+0	 6.6180003E-1
 2.3931999E+0	 6.6219997E-1
 2.3951001E+0	 6.6259998E-1
 2.4056001E+0	 6.6369998E-1
 2.4164000E+0	 6.6469997E-1
 2.4224000E+0	 6.6520000E-1
 2.4319999E+0	 6.6680002E-1
 2.4528999E+0	 6.6900003E-1
 2.4626999E+0	 6.7000002E-1
 2.4672999E+0	 6.7040002E-1
 2.4734001E+0	 6.7140001E-1
 2.4926000E+0	 6.7350000E-1
 2.5053999E+0	 6.7460001E-1
 2.5109000E+0	 6.7510003E-1
 2.5160999E+0	 6.7610002E-1
 2.5309000E+0	 6.7769998E-1
 2.5386000E+0	 6.7839998E-1
 2.5443001E+0	 6.7869997E-1
 2.5524001E+0	 6.8010002E-1
 2.5592999E+0	 6.8080002E-1
 2.5604000E+0	 6.8089998E-1
 2.5678999E+0	 6.8099999E-1
 2.5785999E+0	 6.8290001E-1
 2.5934000E+0	 6.8440002E-1
 2.6027999E+0	 6.8519998E-1
 2.6112001E+0	 6.8559998E-1
 2.6305001E+0	 6.8760002E-1
 2.6443000E+0	 6.8970001E-1
 2.6531000E+0	 6.9059998E-1
 2.6663001E+0	 6.9090003E-1
 2.6788001E+0	 6.9340003E-1
 2.7049999E+0	 6.9599998E-1
 2.7211001E+0	 6.9739997E-1
 2.7297001E+0	 6.9800001E-1
 2.7386999E+0	 6.9950002E-1
 2.7555001E+0	 7.0120001E-1
 2.7809000E+0	 7.0330000E-1
 2.7981000E+0	 7.0420003E-1
 2.8095000E+0	 7.0660001E-1
 2.8260000E+0	 7.0819998E-1
 2.8374000E+0	 7.0910001E-1
 2.8504000E+0	 7.0969999E-1
 2.8592000E+0	 7.1139997E-1
 2.8759000E+0	 7.1300000E-1
 2.8958001E+0	 7.1460003E-1
 2.9013000E+0	 7.1520001E-1
 2.9050000E+0	 7.1579999E-1
 2.9077001E+0	 7.1609998E-1
 2.9164000E+0	 7.1679997E-1
 2.9252000E+0	 7.1710002E-1
 2.9331999E+0	 7.1840000E-1
 2.9377999E+0	 7.1899998E-1
 2.9493999E+0	 7.1990001E-1
 2.9558001E+0	 7.2030002E-1
 2.9584999E+0	 7.2090000E-1
 2.9593000E+0	 7.2100002E-1
 2.9623001E+0	 7.2119999E-1
 2.9639001E+0	 7.2140002E-1
 2.9638000E+0	 7.2149998E-1
 2.9642000E+0	 7.2149998E-1
 2.9642999E+0	 7.2149998E-1
 2.9642000E+0	 7.2149998E-1
 2.9642999E+0	 7.2149998E-1
 2.9644001E+0	 7.2160000E-1
 2.9647999E+0	 7.2160000E-1
 2.9646001E+0	 7.2160000E-1
 2.9646001E+0	 7.2160000E-1
 2.9646001E+0	 7.2160000E-1
 2.9645000E+0	 7.2160000E-1
 2.9645000E+0	 7.2160000E-1
 2.9610000E+0	 7.2160000E-1
 2.9263000E+0	 7.1920002E-1
 2.9119999E+0	 7.1829998E-1
 2.9079001E+0	 7.1810001E-1
 2.9007001E+0	 7.1799999E-1
 2.8761001E+0	 7.1590000E-1
 2.8731000E+0	 7.1569997E-1
 2.8717000E+0	 7.1569997E-1
 2.8664000E+0	 7.1560001E-1
 2.8631999E+0	 7.1509999E-1
 2.8578999E+0	 7.1469998E-1
 2.8559000E+0	 7.1460003E-1
 2.8527999E+0	 7.1450001E-1
 2.8526001E+0	 7.1439999E-1
 2.8519001E+0	 7.1429998E-1
 2.8476000E+0	 7.1420002E-1
 2.8459001E+0	 7.1399999E-1
 2.8408000E+0	 7.1359998E-1
 2.8399999E+0	 7.1350002E-1
 2.8390000E+0	 7.1350002E-1
 2.8378999E+0	 7.1340001E-1
 2.8362000E+0	 7.1329999E-1
 2.8355000E+0	 7.1319997E-1
 2.8199000E+0	 7.1240002E-1
 2.8190999E+0	 7.1210003E-1
 2.8173001E+0	 7.1200001E-1
 2.8176000E+0	 7.1200001E-1
 2.8166001E+0	 7.1200001E-1
 2.8176000E+0	 7.1200001E-1
 2.8176999E+0	 7.1200001E-1
 2.8164001E+0	 7.1190000E-1
 2.8164999E+0	 7.1190000E-1
 2.8166001E+0	 7.1190000E-1
 2.8159001E+0	 7.1190000E-1
 2.8153999E+0	 7.1190000E-1
 2.8130000E+0	 7.1179998E-1
 2.8132999E+0	 7.1170002E-1
 2.8127000E+0	 7.1170002E-1
 2.8125000E+0	 7.1160001E-1
 2.8125000E+0	 7.1170002E-1
 2.8122001E+0	 7.1160001E-1
 2.8111000E+0	 7.1160001E-1
 2.8117001E+0	 7.1160001E-1
 2.8130000E+0	 7.1170002E-1
 2.8151000E+0	 7.1170002E-1
 2.8201001E+0	 7.1210003E-1
 2.8206000E+0	 7.1210003E-1
 2.8171000E+0	 7.1200001E-1
 2.8141999E+0	 7.1190000E-1
 2.8067999E+0	 7.1130002E-1
 2.7827001E+0	 7.0959997E-1
 2.7721000E+0	 7.0920002E-1
 2.7579999E+0	 7.0850003E-1
 2.7565999E+0	 7.0779997E-1
 2.7558999E+0	 7.0770001E-1
 2.7557001E+0	 7.0770001E-1
 2.7546999E+0	 7.0770001E-1
 2.7521000E+0	 7.0740002E-1
 2.7485001E+0	 7.0719999E-1
 2.7446001E+0	 7.0700002E-1
 2.7413001E+0	 7.0690000E-1
 2.7372000E+0	 7.0639998E-1
 2.7233000E+0	 7.0539999E-1
 2.7112999E+0	 7.0480001E-1
 2.7107000E+0	 7.0450002E-1
 2.7105999E+0	 7.0450002E-1
 2.7104001E+0	 7.0440000E-1
 2.7068000E+0	 7.0429999E-1
 2.7059000E+0	 7.0420003E-1
 2.7049999E+0	 7.0410001E-1
 2.6956000E+0	 7.0340002E-1
 2.6791000E+0	 7.0270002E-1
 2.6766000E+0	 7.0200002E-1
 2.6766000E+0	 7.0200002E-1
 2.6730001E+0	 7.0169997E-1
 2.6630001E+0	 7.0130002E-1
 2.6612999E+0	 7.0090002E-1
 2.6609001E+0	 7.0090002E-1
 2.6603999E+0	 7.0080000E-1
 2.6485000E+0	 7.0020002E-1
 2.6405001E+0	 6.9970000E-1
 2.6317999E+0	 6.9870001E-1
 2.6227000E+0	 6.9800001E-1
 2.6148000E+0	 6.9760001E-1
 2.6138000E+0	 6.9730002E-1
 2.6138000E+0	 6.9730002E-1
 2.6126001E+0	 6.9720000E-1
 2.6073999E+0	 6.9700003E-1
 2.6025000E+0	 6.9669998E-1
 2.5973001E+0	 6.9610000E-1
 2.5841000E+0	 6.9510001E-1
 2.5771000E+0	 6.9480002E-1
 2.5692000E+0	 6.9440001E-1
 2.5595000E+0	 6.9319999E-1
 2.5534999E+0	 6.9270003E-1
 2.5509000E+0	 6.9260001E-1
 2.5476999E+0	 6.9250000E-1
 2.5441000E+0	 6.9199997E-1
 2.5322001E+0	 6.9110000E-1
 2.5311999E+0	 6.9099998E-1
 2.5297999E+0	 6.9090003E-1
 2.5286000E+0	 6.9080001E-1
 2.5211999E+0	 6.9019997E-1
 2.5162001E+0	 6.8989998E-1
 2.5114000E+0	 6.8970001E-1
 2.5058000E+0	 6.8900001E-1
 2.4935000E+0	 6.8800002E-1
 2.4746001E+0	 6.8699998E-1
 2.4714000E+0	 6.8629998E-1
 2.4709001E+0	 6.8620002E-1
 2.4697001E+0	 6.8610001E-1
 2.4667001E+0	 6.8589997E-1
 2.4654000E+0	 6.8580002E-1
 2.4642000E+0	 6.8559998E-1
 2.4619999E+0	 6.8550003E-1
 2.4612999E+0	 6.8540001E-1
 2.4582000E+0	 6.8540001E-1
 2.4547999E+0	 6.8489999E-1
 2.4495001E+0	 6.8449998E-1
 2.4437001E+0	 6.8409997E-1
 2.4328001E+0	 6.8379998E-1
 2.4251001E+0	 6.8250000E-1
 2.4186001E+0	 6.8190002E-1
 2.4138999E+0	 6.8159997E-1
 2.4093001E+0	 6.8140000E-1
 2.4064000E+0	 6.8089998E-1
 2.4031999E+0	 6.8059999E-1
 2.3987999E+0	 6.8030000E-1
 2.3903000E+0	 6.8010002E-1
 2.3843000E+0	 6.7909998E-1
 2.3826001E+0	 6.7890000E-1
 2.3827000E+0	 6.7890000E-1
 2.3827000E+0	 6.7890000E-1
 2.3828001E+0	 6.7890000E-1
 2.3822999E+0	 6.7890000E-1
 2.3766000E+0	 6.7850000E-1
 2.3662000E+0	 6.7820001E-1
 2.3591001E+0	 6.7690003E-1
 2.3584001E+0	 6.7690003E-1
 2.3555000E+0	 6.7670000E-1
 2.3508999E+0	 6.7640001E-1
 2.3485999E+0	 6.7600000E-1
 2.3482001E+0	 6.7600000E-1
 2.3480000E+0	 6.7600000E-1
 2.3477001E+0	 6.7600000E-1
 2.3473001E+0	 6.7589998E-1
 2.3367000E+0	 6.7500001E-1
 2.3334999E+0	 6.7479998E-1
 2.3329999E+0	 6.7470002E-1
 2.3327999E+0	 6.7470002E-1
 2.3320000E+0	 6.7460001E-1
 2.3292999E+0	 6.7449999E-1
 2.3190999E+0	 6.7430001E-1
 2.3118999E+0	 6.7290002E-1
 2.3118999E+0	 6.7290002E-1
 2.3120999E+0	 6.7290002E-1
 2.3122001E+0	 6.7290002E-1
 2.3123000E+0	 6.7290002E-1
 2.3122001E+0	 6.7290002E-1
 2.3111000E+0	 6.7280000E-1
 2.3104999E+0	 6.7280000E-1
 2.3103001E+0	 6.7269999E-1
 2.3048000E+0	 6.7229998E-1
 2.2953000E+0	 6.7170000E-1
 2.2744000E+0	 6.7110002E-1
 2.2607000E+0	 6.6839999E-1
 2.2555001E+0	 6.6799998E-1
 2.2507999E+0	 6.6759998E-1
 2.2282000E+0	 6.6720003E-1
 2.2138000E+0	 6.6420001E-1
 2.2035000E+0	 6.6329998E-1
 2.1884000E+0	 6.6229999E-1
 2.1726999E+0	 6.6149998E-1
 2.1636000E+0	 6.5960002E-1
 2.1524999E+0	 6.5859997E-1
 2.1406000E+0	 6.5770000E-1
 2.1362000E+0	 6.5730000E-1
 2.1357999E+0	 6.5700001E-1
 2.1336000E+0	 6.5679997E-1
 2.1257999E+0	 6.5619999E-1
 2.1170001E+0	 6.5590000E-1
 2.1157999E+0	 6.5509999E-1
 2.1101000E+0	 6.5460002E-1
 2.0994999E+0	 6.5380001E-1
 2.0820000E+0	 6.5319997E-1
 2.0727999E+0	 6.5100002E-1
 2.0727000E+0	 6.5100002E-1
 2.0708001E+0	 6.5079999E-1
 2.0706000E+0	 6.5079999E-1
 2.0706999E+0	 6.5069997E-1
 2.0337000E+0	 6.4780003E-1
 2.0302999E+0	 6.4709997E-1
 2.0249000E+0	 6.4630002E-1
 2.0253000E+0	 6.4630002E-1
 2.0195999E+0	 6.4590001E-1
 2.0139999E+0	 6.4569998E-1
 2.0030000E+0	 6.4410001E-1
 1.9917001E+0	 6.4310002E-1
 1.9816999E+0	 6.4219999E-1
 1.9807000E+0	 6.4190000E-1
 1.9801000E+0	 6.4179999E-1
 1.9714000E+0	 6.4099997E-1
 1.9663000E+0	 6.4050001E-1
 1.9615999E+0	 6.4039999E-1
 1.9543000E+0	 6.3919997E-1
 1.9333000E+0	 6.3709998E-1
 1.9241000E+0	 6.3630003E-1
 1.9237000E+0	 6.3599998E-1
 1.9233000E+0	 6.3599998E-1
 1.9054000E+0	 6.3419998E-1
 1.8522000E+0	 6.2949997E-1
 1.8383000E+0	 6.2819999E-1
 1.8191000E+0	 6.2489998E-1
 1.8193001E+0	 6.2480003E-1
 1.8169000E+0	 6.2459999E-1
 1.8161000E+0	 6.2449998E-1
 1.8150001E+0	 6.2430000E-1
 1.8045000E+0	 6.2330002E-1
 1.7895000E+0	 6.2190002E-1
 1.7852000E+0	 6.2140000E-1
 1.7795000E+0	 6.2050003E-1
 1.7581000E+0	 6.1820000E-1
 1.7342000E+0	 6.1589998E-1
 1.7293000E+0	 6.1519998E-1
 1.7229000E+0	 6.1400002E-1
 1.7121000E+0	 6.1290002E-1
 1.7041000E+0	 6.1199999E-1
 1.6970000E+0	 6.1170000E-1
 1.6863000E+0	 6.0979998E-1
 1.6782000E+0	 6.0890001E-1
 1.6710000E+0	 6.0810000E-1
 1.6673000E+0	 6.0790002E-1
 1.6616000E+0	 6.0689998E-1
 1.6590000E+0	 6.0659999E-1
 1.6554000E+0	 6.0619998E-1
 1.6475000E+0	 6.0600001E-1
 1.6360000E+0	 6.0380000E-1
 1.6253000E+0	 6.0259998E-1
 1.6119000E+0	 6.0119998E-1
 1.6087000E+0	 6.0079998E-1
 1.6047000E+0	 6.0000002E-1
 1.6014000E+0	 5.9960002E-1
 1.5883000E+0	 5.9829998E-1
 1.5784000E+0	 5.9780002E-1
 1.5638000E+0	 5.9500003E-1
 1.5611000E+0	 5.9460002E-1
 1.5549001E+0	 5.9399998E-1
 1.5482000E+0	 5.9369999E-1
 1.5380000E+0	 5.9170002E-1
 1.5239000E+0	 5.8999997E-1
 1.5157000E+0	 5.8899999E-1
 1.5112000E+0	 5.8870000E-1
 1.5055000E+0	 5.8749998E-1
 1.4959000E+0	 5.8630002E-1
 1.4870000E+0	 5.8530003E-1
 1.4843000E+0	 5.8499998E-1
 1.4798000E+0	 5.8429998E-1
 1.4703000E+0	 5.8300000E-1
 1.4657000E+0	 5.8240002E-1
 1.4574000E+0	 5.8219999E-1
 1.4526000E+0	 5.8060002E-1
 1.4441000E+0	 5.7950002E-1
 1.4327000E+0	 5.7810003E-1
 1.4168000E+0	 5.7749999E-1
 1.3980000E+0	 5.7330000E-1
 1.3583000E+0	 5.6800002E-1
 1.3407000E+0	 5.6569999E-1
 1.3335000E+0	 5.6480002E-1
 1.3254000E+0	 5.6290001E-1
 1.3029000E+0	 5.5989999E-1
 1.2606000E+0	 5.5430001E-1
 1.2456000E+0	 5.5280000E-1
 1.2254000E+0	 5.4809999E-1
 1.2147000E+0	 5.4650003E-1
 1.1874000E+0	 5.4320002E-1
 1.1769000E+0	 5.4159999E-1
 1.1609000E+0	 5.3799999E-1
 1.1530000E+0	 5.3680003E-1
 1.1464000E+0	 5.3579998E-1
 1.1355000E+0	 5.3530002E-1
 1.1160001E+0	 5.3070003E-1
 1.1034000E+0	 5.2869999E-1
 1.0845000E+0	 5.2590001E-1
 1.0765001E+0	 5.2490002E-1
 1.0678000E+0	 5.2260000E-1
 1.0563999E+0	 5.2069998E-1
 1.0472000E+0	 5.1940000E-1
 1.0446000E+0	 5.1870000E-1
 1.0413001E+0	 5.1800001E-1
 1.0214000E+0	 5.1480001E-1
 1.0001000E+0	 5.1130003E-1
 9.9199998E-1	 5.1020002E-1
 9.8110002E-1	 5.0749999E-1
 9.5679998E-1	 5.0330001E-1
 9.3110001E-1	 4.9890000E-1
 9.2150003E-1	 4.9720001E-1
 9.0869999E-1	 4.9380001E-1
 8.8429999E-1	 4.8930001E-1
 8.7230003E-1	 4.8690000E-1
 8.6580002E-1	 4.8609999E-1
 8.5720003E-1	 4.8359999E-1
 8.3679998E-1	 4.7979999E-1
 8.0830002E-1	 4.7459999E-1
 8.0199999E-1	 4.7260001E-1
 7.9780000E-1	 4.7119999E-1
 7.8390002E-1	 4.6849999E-1
 7.6179999E-1	 4.6489999E-1
 7.5099999E-1	 4.6250001E-1
 7.3519999E-1	 4.5800000E-1
 7.2600001E-1	 4.5570001E-1
 7.1569997E-1	 4.5350000E-1
 7.1090001E-1	 4.5260000E-1
 7.0560002E-1	 4.5080000E-1
 6.8949997E-1	 4.4740000E-1
 6.8199998E-1	 4.4549999E-1
 6.8030000E-1	 4.4490001E-1
 6.7930001E-1	 4.4450000E-1
 6.7360002E-1	 4.4330001E-1
 6.5960002E-1	 4.4060001E-1
 6.5530002E-1	 4.3920001E-1
 6.5140003E-1	 4.3790001E-1
 6.3440001E-1	 4.3419999E-1
 6.2889999E-1	 4.3239999E-1
 6.2639999E-1	 4.3189999E-1
 6.2379998E-1	 4.3099999E-1
 6.1890000E-1	 4.2980000E-1
 6.0680002E-1	 4.2710000E-1
 5.9840000E-1	 4.2590001E-1
 5.8700001E-1	 4.2170000E-1
 5.7950002E-1	 4.1970000E-1
 5.7459998E-1	 4.1839999E-1
 5.7040000E-1	 4.1780001E-1
 5.6440002E-1	 4.1569999E-1
 5.4390001E-1	 4.1080001E-1
 5.3020000E-1	 4.0689999E-1
 5.2050000E-1	 4.0509999E-1
 5.0720000E-1	 3.9980000E-1
 4.9990001E-1	 3.9770001E-1
 4.9869999E-1	 3.9690000E-1
 4.9750000E-1	 3.9669999E-1
 4.9579999E-1	 3.9620000E-1
 4.8249999E-1	 3.9280000E-1
 4.5590001E-1	 3.8620001E-1
 4.4430000E-1	 3.8240001E-1
 4.3279999E-1	 3.7760001E-1
 4.2600000E-1	 3.7509999E-1
 4.1209999E-1	 3.7140000E-1
 4.0619999E-1	 3.6899999E-1
 4.0009999E-1	 3.6669999E-1
 3.9440000E-1	 3.6460000E-1
 3.8280001E-1	 3.6140001E-1
 3.7790000E-1	 3.5940000E-1
 3.7259999E-1	 3.5749999E-1
 3.6539999E-1	 3.5470000E-1
 3.5490000E-1	 3.5159999E-1
 3.4860000E-1	 3.4950000E-1
 3.3860001E-1	 3.4560001E-1
 3.2980001E-1	 3.4200001E-1
 3.1799999E-1	 3.3809999E-1
 3.1150001E-1	 3.3579999E-1
 3.0260000E-1	 3.3160001E-1
 2.9210001E-1	 3.2769999E-1
 2.8240001E-1	 3.2400000E-1
 2.7900001E-1	 3.2200000E-1
 2.7660000E-1	 3.2069999E-1
 2.6534000E-1	 3.1770000E-1
 2.6222000E-1	 3.1500000E-1
 2.5860000E-1	 3.1369999E-1
 2.5518000E-1	 3.1230000E-1
 2.4902999E-1	 3.0960000E-1
 2.3930000E-1	 3.0599999E-1
 2.3494001E-1	 3.0360001E-1
 2.3145001E-1	 3.0160001E-1
 2.2943000E-1	 3.0050001E-1
 2.2441000E-1	 2.9879999E-1
 2.2172999E-1	 2.9730001E-1
 2.1864000E-1	 2.9589999E-1
 2.1548000E-1	 2.9429999E-1
 2.1061000E-1	 2.9240000E-1
 2.0826000E-1	 2.9110000E-1
 2.0593999E-1	 2.8979999E-1
 2.0405000E-1	 2.8880000E-1
 2.0017999E-1	 2.8729999E-1
 1.9306999E-1	 2.8580001E-1
 1.8308000E-1	 2.7939999E-1
 1.8054000E-1	 2.7750000E-1
 1.7657000E-1	 2.7579999E-1
 1.7328000E-1	 2.7440000E-1
 1.6847999E-1	 2.7180001E-1
 1.6371000E-1	 2.6844999E-1
 1.5377000E-1	 2.6470000E-1
 1.4722000E-1	 2.6199001E-1
 1.3892999E-1	 2.5676000E-1
 1.3359000E-1	 2.5330999E-1
 1.1480000E-1	 2.4551000E-1
 1.0353000E-1	 2.3748000E-1
 9.1779999E-2	 2.2919001E-1
 8.7490000E-2	 2.2533999E-1
 8.1040002E-2	 2.2177000E-1
 7.4199997E-2	 2.1872000E-1
 6.2390000E-2	 2.1048000E-1
 5.1369999E-2	 2.0220999E-1
 3.7039999E-2	 1.9333000E-1
 2.5459999E-2	 1.8592000E-1
 1.0490000E-2	 1.7273000E-1
 5.8400002E-3	 1.6738001E-1
 2.7900001E-3	 1.6425000E-1
 1.7400000E-3	 1.6283999E-1
 9.6999999E-4	 1.6200000E-1
 6.8000000E-4	 1.6159000E-1
 4.7000000E-4	 1.6130000E-1
 3.8000001E-4	 1.6113999E-1
 3.1999999E-4	 1.6101000E-1
 2.9000000E-4	 1.6094001E-1
 2.6000000E-4	 1.6088000E-1
 2.5000001E-4	 1.6084000E-1
 2.6000000E-4	 1.6080000E-1
 2.3000001E-4	 1.6077000E-1
 2.3999999E-4	 1.6074000E-1
 2.3000001E-4	 1.6073000E-1
 2.2000000E-4	 1.6071001E-1
 2.3999999E-4	 1.6068999E-1
 2.2000000E-4	 1.6067000E-1
 2.3000001E-4	 1.6065000E-1
 2.3000001E-4	 1.6065000E-1
 2.3000001E-4	 1.6064000E-1
 2.5000001E-4	 1.6064000E-1
 -9.0000001E-5	 1.6057999E-1
 -1.5000001E-4	 1.6051000E-1
 -1.5000001E-4	 1.6047999E-1
 -1.5000001E-4	 1.6045000E-1
 -1.6000000E-4	 1.6042000E-1
 -1.6000000E-4	 1.6040000E-1
 -1.5000001E-4	 1.6040000E-1
 -1.7000000E-4	 1.6037001E-1
 -1.7000000E-4	 1.6035999E-1
 -1.5000001E-4	 1.6034999E-1
 -1.6000000E-4	 1.6034999E-1
 -1.8000000E-4	 1.6033000E-1
 -2.9999999E-5	 1.6033000E-1
 1.4000000E-4	 1.6037001E-1
 1.7000000E-4	 1.6035999E-1
 1.7000000E-4	 1.6035999E-1
 1.5000001E-4	 1.6035999E-1
 1.6000000E-4	 1.6035999E-1
 1.7000000E-4	 1.6034999E-1
 1.9999999E-4	 1.6034000E-1
 1.8000000E-4	 1.6035999E-1
 1.8000000E-4	 1.6034000E-1
 -1.6000000E-4	 1.6030000E-1
 -2.2000000E-4	 1.6026001E-1
 -2.3999999E-4	 1.6026001E-1
 -2.2000000E-4	 1.6024999E-1
 -2.2000000E-4	 1.6023999E-1
 -2.6000000E-4	 1.6023999E-1
 -2.5000001E-4	 1.6022000E-1
 -2.3999999E-4	 1.6022000E-1
 -2.6000000E-4	 1.6020000E-1
 -2.5000001E-4	 1.6021000E-1
 -2.6000000E-4	 1.6019000E-1
 -2.3000001E-4	 1.6019000E-1
 -2.1000000E-4	 1.6019000E-1
 -2.2000000E-4	 1.6018000E-1
 -2.2000000E-4	 1.6019000E-1
 -2.3000001E-4	 1.6017000E-1
 -2.5000001E-4	 1.6016001E-1
 -2.3000001E-4	 1.6017000E-1
 -2.5000001E-4	 1.6016001E-1
 -2.5000001E-4	 1.6015001E-1
 -2.6000000E-4	 1.6016001E-1
 -2.3999999E-4	 1.6016001E-1
 -2.3999999E-4	 1.6015001E-1
 -2.6999999E-4	 1.6013999E-1
 -2.6999999E-4	 1.6013999E-1
 -2.5000001E-4	 1.6013999E-1
 -2.3999999E-4	 1.6012999E-1
 -2.3999999E-4	 1.6012999E-1
 -2.6000000E-4	 1.6012000E-1
 -2.3999999E-4	 1.6012000E-1
 -2.3000001E-4	 1.6012000E-1
 -2.2000000E-4	 1.6012000E-1
 -2.2000000E-4	 1.6011000E-1
 -2.3999999E-4	 1.6010000E-1
 -3.3199999E-3	 1.5967000E-1
 -8.0599999E-3	 1.5702000E-1
 -1.6090000E-2	 1.5040000E-1
 -2.9630000E-2	 1.4173000E-1
 -3.9390001E-2	 1.3348000E-1
 -5.0749999E-2	 1.2479000E-1
 -6.4329997E-2	 1.1295000E-1
 -7.9360001E-2	 1.0170000E-1
 -9.0420000E-2	 9.2790000E-2
 -1.0315000E-1	 8.1510000E-2
 -1.1433000E-1	 7.0840001E-2
 -1.2581000E-1	 6.2169999E-2
 -1.3534001E-1	 5.4800000E-2
 -1.4872000E-1	 4.4720002E-2
 -1.6620000E-1	 2.9859999E-2
 -1.8073000E-1	 1.2064000E-2
 -1.9444001E-1	 5.3190002E-3
 -2.0407000E-1	 -8.3199999E-4
 -2.2235000E-1	 -1.5980000E-2
 -2.3751000E-1	 -2.8267000E-2
 -2.4448000E-1	 -3.8279999E-2
 -2.4974000E-1	 -4.0470000E-2
 -2.5121000E-1	 -4.2539999E-2
 -2.5292999E-1	 -4.3990001E-2
 -2.5759000E-1	 -4.5800000E-2
 -2.6435000E-1	 -5.1109999E-2
 -2.6912001E-1	 -5.5410001E-2
 -2.7217999E-1	 -5.8320001E-2
 -2.7366000E-1	 -5.9880000E-2
 -2.7494001E-1	 -6.0970001E-2
 -2.7601001E-1	 -6.1969999E-2
 -2.8081000E-1	 -6.4350002E-2
 -2.8672999E-1	 -6.7850001E-2
 -2.9424000E-1	 -7.3799998E-2
 -2.9883999E-1	 -7.8249998E-2
 -3.0899999E-1	 -8.2750000E-2
 -3.1639999E-1	 -9.0800002E-2
 -3.2159999E-1	 -9.4839998E-2
 -3.2850000E-1	 -1.0049000E-1
 -3.3539999E-1	 -1.0530000E-1
 -3.4150001E-1	 -1.0930000E-1
 -3.4779999E-1	 -1.1434000E-1
 -3.5210001E-1	 -1.1816000E-1
 -3.6600000E-1	 -1.2543000E-1
 -3.7770000E-1	 -1.3327000E-1
 -3.9070001E-1	 -1.4191000E-1
 -4.0599999E-1	 -1.5336999E-1
 -4.1859999E-1	 -1.6187000E-1
 -4.2460001E-1	 -1.6689000E-1
 -4.2860001E-1	 -1.6988000E-1
 -4.3329999E-1	 -1.7332999E-1
 -4.4060001E-1	 -1.7716999E-1
 -4.4830000E-1	 -1.8138000E-1
 -4.6140000E-1	 -1.8729000E-1
 -4.7960001E-1	 -2.0017000E-1
 -5.1440001E-1	 -2.1664999E-1
 -5.3689998E-1	 -2.3140000E-1
 -5.5440003E-1	 -2.4277000E-1
 -5.6269997E-1	 -2.4886000E-1
 -5.7080001E-1	 -2.5299001E-1
 -5.7889998E-1	 -2.5659001E-1
 -5.9189999E-1	 -2.6144999E-1
 -6.1430001E-1	 -2.7426001E-1
 -6.3669997E-1	 -2.8397000E-1
 -6.4620000E-1	 -2.9071999E-1
 -6.5140003E-1	 -2.9354000E-1
 -6.5380001E-1	 -2.9523000E-1
 -6.6079998E-1	 -2.9758999E-1
 -6.7860001E-1	 -3.0226001E-1
 -6.9950002E-1	 -3.1750000E-1
 -7.1039999E-1	 -3.1999999E-1
 -8.0040002E-1	 -3.4720001E-1
 -8.4490001E-1	 -3.6739999E-1
 -8.6589998E-1	 -3.7830001E-1
 -8.6879998E-1	 -3.8060001E-1
 -8.6960000E-1	 -3.8130000E-1
 -8.6970001E-1	 -3.8150001E-1
 -8.6979997E-1	 -3.8159999E-1
 -8.6970001E-1	 -3.8170001E-1
 -8.5250002E-1	 -3.7990001E-1
 -8.2340002E-1	 -3.7750000E-1
 -8.1180000E-1	 -3.7500000E-1
 -8.0549997E-1	 -3.7380001E-1
 -8.0599999E-1	 -3.7380001E-1
 -8.0070001E-1	 -3.7349999E-1
 -7.9640001E-1	 -3.7290001E-1
 -7.9100001E-1	 -3.7189999E-1
 -8.0059999E-1	 -3.7290001E-1
 -8.4249997E-1	 -3.7650001E-1
 -8.8220000E-1	 -3.7970001E-1
 -9.5109999E-1	 -4.0390000E-1
 -9.8830003E-1	 -4.1530001E-1
 -9.9949998E-1	 -4.2039999E-1
 -1.0079000E+0	 -4.2250001E-1
 -1.0192000E+0	 -4.2649999E-1
 -1.0394000E+0	 -4.3110001E-1
 -1.0569000E+0	 -4.3509999E-1
 -1.0729001E+0	 -4.3950000E-1
 -1.0912000E+0	 -4.4569999E-1
 -1.1040000E+0	 -4.4880000E-1
 -1.1089000E+0	 -4.5039999E-1
 -1.1109999E+0	 -4.5140001E-1
 -1.1116000E+0	 -4.5170000E-1
 -1.1128000E+0	 -4.5199999E-1
 -1.1199000E+0	 -4.5289999E-1
 -1.1279000E+0	 -4.5449999E-1
 -1.1401000E+0	 -4.5829999E-1
 -1.1507000E+0	 -4.6070001E-1
 -1.1558000E+0	 -4.6210000E-1
 -1.1599000E+0	 -4.6309999E-1
 -1.1644000E+0	 -4.6450001E-1
 -1.1831000E+0	 -4.6810001E-1
 -1.1923000E+0	 -4.7049999E-1
 -1.1960000E+0	 -4.7209999E-1
 -1.1964000E+0	 -4.7229999E-1
 -1.2092000E+0	 -4.7459999E-1
 -1.2222000E+0	 -4.7690001E-1
 -1.2341000E+0	 -4.7940001E-1
 -1.2489001E+0	 -4.8390001E-1
 -1.2599000E+0	 -4.8609999E-1
 -1.2726001E+0	 -4.8830000E-1
 -1.2826999E+0	 -4.9039999E-1
 -1.2939000E+0	 -4.9380001E-1
 -1.2972000E+0	 -4.9460000E-1
 -1.3008000E+0	 -4.9520001E-1
 -1.3053000E+0	 -4.9579999E-1
 -1.3121001E+0	 -4.9770001E-1
 -1.3191000E+0	 -4.9910000E-1
 -1.3219000E+0	 -4.9970001E-1
 -1.3264000E+0	 -5.0010002E-1
 -1.3352000E+0	 -5.0250000E-1
 -1.3535000E+0	 -5.0569999E-1
 -1.3575000E+0	 -5.0700003E-1
 -1.3598000E+0	 -5.0749999E-1
 -1.3627000E+0	 -5.0830001E-1
 -1.3717000E+0	 -5.0980002E-1
 -1.3770000E+0	 -5.1080000E-1
 -1.3827000E+0	 -5.1160002E-1
 -1.3904999E+0	 -5.1370001E-1
 -1.4015000E+0	 -5.1569998E-1
 -1.4171000E+0	 -5.1789999E-1
 -1.4278001E+0	 -5.1999998E-1
 -1.4385000E+0	 -5.2300000E-1
 -1.4504000E+0	 -5.2499998E-1
 -1.4640000E+0	 -5.2740002E-1
 -1.4693000E+0	 -5.2829999E-1
 -1.4764000E+0	 -5.3020000E-1
 -1.4802999E+0	 -5.3090000E-1
 -1.4874001E+0	 -5.3179997E-1
 -1.4935000E+0	 -5.3270000E-1
 -1.5026000E+0	 -5.3500003E-1
 -1.5207000E+0	 -5.3789997E-1
 -1.5303000E+0	 -5.3960001E-1
 -1.5347000E+0	 -5.4060000E-1
 -1.5371000E+0	 -5.4130000E-1
 -1.5436000E+0	 -5.4229999E-1
 -1.5493000E+0	 -5.4329997E-1
 -1.5524000E+0	 -5.4369998E-1
 -1.5549999E+0	 -5.4449999E-1
 -1.5768000E+0	 -5.4780000E-1
 -1.5793999E+0	 -5.4869998E-1
 -1.5822001E+0	 -5.4879999E-1
 -1.5854000E+0	 -5.4970002E-1
 -1.5999000E+0	 -5.5190003E-1
 -1.6095001E+0	 -5.5320001E-1
 -1.6196001E+0	 -5.5419999E-1
 -1.6288000E+0	 -5.5699998E-1
 -1.6366000E+0	 -5.5820000E-1
 -1.6428000E+0	 -5.5909997E-1
 -1.6477000E+0	 -5.5970001E-1
 -1.6516000E+0	 -5.6080002E-1
 -1.6572000E+0	 -5.6169999E-1
 -1.6583000E+0	 -5.6199998E-1
 -1.6609000E+0	 -5.6209999E-1
 -1.6629000E+0	 -5.6269997E-1
 -1.6831000E+0	 -5.6569999E-1
 -1.7062000E+0	 -5.6879997E-1
 -1.7242000E+0	 -5.7069999E-1
 -1.7379000E+0	 -5.7459998E-1
 -1.7693000E+0	 -5.7920003E-1
 -1.7846000E+0	 -5.8130002E-1
 -1.7952000E+0	 -5.8240002E-1
 -1.8020999E+0	 -5.8450001E-1
 -1.8178000E+0	 -5.8670002E-1
 -1.8385000E+0	 -5.8929998E-1
 -1.8446000E+0	 -5.9060001E-1
 -1.8462000E+0	 -5.9109998E-1
 -1.8530999E+0	 -5.9200001E-1
 -1.8698000E+0	 -5.9399998E-1
 -1.8871000E+0	 -5.9549999E-1
 -1.8971000E+0	 -5.9840000E-1
 -1.9105000E+0	 -6.0020000E-1
 -1.9214000E+0	 -6.0159999E-1
 -1.9316000E+0	 -6.0240000E-1
 -1.9375000E+0	 -6.0420001E-1
 -1.9645000E+0	 -6.0769999E-1
 -1.9965000E+0	 -6.1150002E-1
 -2.0213001E+0	 -6.1360002E-1
 -2.0263000E+0	 -6.1629999E-1
 -2.0349000E+0	 -6.1739999E-1
 -2.0555999E+0	 -6.1970001E-1
 -2.0697999E+0	 -6.2089998E-1
 -2.0762000E+0	 -6.2290001E-1
 -2.1027999E+0	 -6.2620002E-1
 -2.1287999E+0	 -6.2919998E-1
 -2.1380999E+0	 -6.3029999E-1
 -2.1394000E+0	 -6.3110000E-1
 -2.1468999E+0	 -6.3200003E-1
 -2.1500001E+0	 -6.3239998E-1
 -2.1540999E+0	 -6.3270003E-1
 -2.1559000E+0	 -6.3319999E-1
 -2.1593001E+0	 -6.3360000E-1
 -2.1831000E+0	 -6.3609999E-1
 -2.2179999E+0	 -6.3800001E-1
 -2.2244000E+0	 -6.4160001E-1
 -2.2537999E+0	 -6.4499998E-1
 -2.2793000E+0	 -6.4780003E-1
 -2.2911999E+0	 -6.4889997E-1
 -2.2929001E+0	 -6.4990002E-1
 -2.2959001E+0	 -6.5030003E-1
 -2.3004000E+0	 -6.5069997E-1
 -2.3213000E+0	 -6.5149999E-1
 -2.3246000E+0	 -6.5369999E-1
 -2.3745000E+0	 -6.5920001E-1
 -2.3917000E+0	 -6.6109997E-1
 -2.3984001E+0	 -6.6170001E-1
 -2.3992000E+0	 -6.6229999E-1
 -2.4128001E+0	 -6.6380000E-1
 -2.4230001E+0	 -6.6479999E-1
 -2.4519000E+0	 -6.6610003E-1
 -2.4561000E+0	 -6.6869998E-1
 -2.5157001E+0	 -6.7500001E-1
 -2.5394001E+0	 -6.7750001E-1
 -2.5436001E+0	 -6.7809999E-1
 -2.5439000E+0	 -6.7839998E-1
 -2.5469999E+0	 -6.7869997E-1
 -2.5548000E+0	 -6.7940003E-1
 -2.5697000E+0	 -6.8010002E-1
 -2.5718000E+0	 -6.8129998E-1
 -2.6170001E+0	 -6.8589997E-1
 -2.6394999E+0	 -6.8809998E-1
 -2.6554999E+0	 -6.8940002E-1
 -2.6575000E+0	 -6.9029999E-1
 -2.6623001E+0	 -6.9080001E-1
 -2.6963999E+0	 -6.9400001E-1
 -2.7262001E+0	 -6.9550002E-1
 -2.7291000E+0	 -6.9770002E-1
 -2.7476001E+0	 -6.9950002E-1
 -2.7616999E+0	 -7.0080000E-1
 -2.7744000E+0	 -7.0150000E-1
 -2.7758000E+0	 -7.0240003E-1
 -2.7959001E+0	 -7.0429999E-1
 -2.8117001E+0	 -7.0569998E-1
 -2.8282001E+0	 -7.0649999E-1
 -2.8297999E+0	 -7.0770001E-1
 -2.8571000E+0	 -7.1030003E-1
 -2.8848000E+0	 -7.1270001E-1
 -2.8941000E+0	 -7.1340001E-1
 -2.8950000E+0	 -7.1399999E-1
 -2.9252000E+0	 -7.1679997E-1
 -2.9645000E+0	 -7.2020000E-1
 -2.9670000E+0	 -7.2079998E-1
 -2.9670000E+0	 -7.2090000E-1
 -2.9674001E+0	 -7.2090000E-1
 -2.9676001E+0	 -7.2100002E-1
 -2.9672999E+0	 -7.2100002E-1
 -2.9670999E+0	 -7.2100002E-1
 -2.9672999E+0	 -7.2100002E-1
 -2.9689000E+0	 -7.2109997E-1
 -2.9691000E+0	 -7.2109997E-1
 -2.9691000E+0	 -7.2109997E-1
 -2.9688001E+0	 -7.2109997E-1
 -2.9693000E+0	 -7.2119999E-1
 -2.9669001E+0	 -7.2100002E-1
 -2.9667001E+0	 -7.2100002E-1
 -2.9617000E+0	 -7.2070003E-1
 -2.9322000E+0	 -7.1890002E-1
 -2.9092000E+0	 -7.1789998E-1
 -2.9082999E+0	 -7.1730000E-1
 -2.8770001E+0	 -7.1530002E-1
 -2.8443000E+0	 -7.1319997E-1
 -2.8143001E+0	 -7.1210003E-1
 -2.8131001E+0	 -7.1100003E-1
 -2.7757001E+0	 -7.0840001E-1
 -2.7413001E+0	 -7.0599997E-1
 -2.7342000E+0	 -7.0569998E-1
 -2.7342000E+0	 -7.0550001E-1
 -2.7174001E+0	 -7.0429999E-1
 -2.7077999E+0	 -7.0359999E-1
 -2.6928999E+0	 -7.0289999E-1
 -2.6923001E+0	 -7.0240003E-1
 -2.6866000E+0	 -7.0200002E-1
 -2.6687000E+0	 -7.0080000E-1
 -2.6384001E+0	 -6.9950002E-1
 -2.6370001E+0	 -6.9830000E-1
 -2.6131999E+0	 -6.9660002E-1
 -2.6084001E+0	 -6.9620001E-1
 -2.5994999E+0	 -6.9580001E-1
 -2.5992000E+0	 -6.9550002E-1
 -2.5818999E+0	 -6.9419998E-1
 -2.5367999E+0	 -6.9090003E-1
 -2.4914999E+0	 -6.8879998E-1
 -2.4890001E+0	 -6.8690002E-1
 -2.4881001E+0	 -6.8680000E-1
 -2.4848001E+0	 -6.8660003E-1
 -2.4847000E+0	 -6.8660003E-1
 -2.4848001E+0	 -6.8660003E-1
 -2.4807000E+0	 -6.8629998E-1
 -2.4777000E+0	 -6.8610001E-1
 -2.4760001E+0	 -6.8599999E-1
 -2.4679999E+0	 -6.8519998E-1
 -2.4344001E+0	 -6.8269998E-1
 -2.4059000E+0	 -6.8099999E-1
 -2.4003000E+0	 -6.7979997E-1
 -2.3912001E+0	 -6.7900002E-1
 -2.3766000E+0	 -6.7780000E-1
 -2.3503001E+0	 -6.7629999E-1
 -2.3441999E+0	 -6.7510003E-1
 -2.3325000E+0	 -6.7400002E-1
 -2.3162999E+0	 -6.7269999E-1
 -2.3044000E+0	 -6.7199999E-1
 -2.2999001E+0	 -6.7140001E-1
 -2.2830999E+0	 -6.6970003E-1
 -2.2577000E+0	 -6.6759998E-1
 -2.2341001E+0	 -6.6610003E-1
 -2.2256000E+0	 -6.6490000E-1
 -2.2054999E+0	 -6.6280001E-1
 -2.1947000E+0	 -6.6189998E-1
 -2.1840999E+0	 -6.6119999E-1
 -2.1798999E+0	 -6.6070002E-1
 -2.1661999E+0	 -6.5920001E-1
 -2.1505001E+0	 -6.5780002E-1
 -2.1352000E+0	 -6.5670002E-1
 -2.1287000E+0	 -6.5600002E-1
 -2.1059999E+0	 -6.5359998E-1
 -2.0834999E+0	 -6.5149999E-1
 -2.0646999E+0	 -6.5020001E-1
 -2.0581999E+0	 -6.4920002E-1
 -2.0381000E+0	 -6.4700001E-1
 -2.0074999E+0	 -6.4420003E-1
 -2.0006001E+0	 -6.4349997E-1
 -1.9980000E+0	 -6.4310002E-1
 -1.9906000E+0	 -6.4219999E-1
 -1.9620000E+0	 -6.3959998E-1
 -1.9316000E+0	 -6.3720000E-1
 -1.9218000E+0	 -6.3550001E-1
 -1.9058000E+0	 -6.3360000E-1
 -1.8901000E+0	 -6.3200003E-1
 -1.8792000E+0	 -6.3110000E-1
 -1.8750000E+0	 -6.3050002E-1
 -1.8636000E+0	 -6.2910002E-1
 -1.8341000E+0	 -6.2620002E-1
 -1.8197000E+0	 -6.2489998E-1
 -1.8157001E+0	 -6.2400001E-1
 -1.8084000E+0	 -6.2309998E-1
 -1.8038000E+0	 -6.2260002E-1
 -1.8002000E+0	 -6.2230003E-1
 -1.7973000E+0	 -6.2210000E-1
 -1.7842000E+0	 -6.2040001E-1
 -1.7716000E+0	 -6.1909997E-1
 -1.7553999E+0	 -6.1790001E-1
 -1.7498000E+0	 -6.1680001E-1
 -1.7347000E+0	 -6.1479998E-1
 -1.7147000E+0	 -6.1280000E-1
 -1.7042000E+0	 -6.1170000E-1
 -1.6983000E+0	 -6.1100000E-1
 -1.6801000E+0	 -6.0850000E-1
 -1.6711000E+0	 -6.0750002E-1
 -1.6569999E+0	 -6.0630000E-1
 -1.6528000E+0	 -6.0540003E-1
 -1.6467000E+0	 -6.0450000E-1
 -1.6421000E+0	 -6.0399997E-1
 -1.6273000E+0	 -6.0280001E-1
 -1.6216000E+0	 -6.0170001E-1
 -1.6099000E+0	 -6.0009998E-1
 -1.6065000E+0	 -5.9969997E-1
 -1.6065000E+0	 -5.9960002E-1
 -1.6064000E+0	 -5.9960002E-1
 -1.6055000E+0	 -5.9950000E-1
 -1.6041000E+0	 -5.9930003E-1
 -1.5949000E+0	 -5.9859997E-1
 -1.5912000E+0	 -5.9799999E-1
 -1.5821000E+0	 -5.9670001E-1
 -1.5671000E+0	 -5.9500003E-1
 -1.5541000E+0	 -5.9369999E-1
 -1.5479000E+0	 -5.9280002E-1
 -1.5297000E+0	 -5.9009999E-1
 -1.5166000E+0	 -5.8859998E-1
 -1.4917001E+0	 -5.8620000E-1
 -1.4856000E+0	 -5.8459997E-1
 -1.4752001E+0	 -5.8300000E-1
 -1.4683000E+0	 -5.8219999E-1
 -1.4656000E+0	 -5.8179998E-1
 -1.4646000E+0	 -5.8160001E-1
 -1.4631000E+0	 -5.8139998E-1
 -1.4588000E+0	 -5.8090001E-1
 -1.4538000E+0	 -5.8039999E-1
 -1.4520000E+0	 -5.7999998E-1
 -1.4485000E+0	 -5.7940000E-1
 -1.4385000E+0	 -5.7819998E-1
 -1.4263000E+0	 -5.7700002E-1
 -1.4210000E+0	 -5.7609999E-1
 -1.4068000E+0	 -5.7389998E-1
 -1.3747000E+0	 -5.6989998E-1
 -1.3633000E+0	 -5.6830001E-1
 -1.3578000E+0	 -5.6739998E-1
 -1.3442000E+0	 -5.6510001E-1
 -1.3281000E+0	 -5.6300002E-1
 -1.3117000E+0	 -5.6110001E-1
 -1.3062000E+0	 -5.5980003E-1
 -1.2990000E+0	 -5.5860001E-1
 -1.2869999E+0	 -5.5699998E-1
 -1.2763000E+0	 -5.5570000E-1
 -1.2719001E+0	 -5.5479997E-1
 -1.2643000E+0	 -5.5350000E-1
 -1.2577000E+0	 -5.5260003E-1
 -1.2510999E+0	 -5.5180001E-1
 -1.2474000E+0	 -5.5119997E-1
 -1.2368000E+0	 -5.4939997E-1
 -1.2237000E+0	 -5.4750001E-1
 -1.2148000E+0	 -5.4640001E-1
 -1.2115000E+0	 -5.4560000E-1
 -1.2091000E+0	 -5.4500002E-1
 -1.2053000E+0	 -5.4449999E-1
 -1.1931000E+0	 -5.4310000E-1
 -1.1852000E+0	 -5.4200000E-1
 -1.1583000E+0	 -5.3719997E-1
 -1.1394000E+0	 -5.3439999E-1
 -1.1339000E+0	 -5.3340000E-1
 -1.1307000E+0	 -5.3289998E-1
 -1.1203001E+0	 -5.3100002E-1
 -1.1072000E+0	 -5.2899998E-1
 -1.1006000E+0	 -5.2789998E-1
 -1.0908999E+0	 -5.2730000E-1
 -1.0754000E+0	 -5.2350003E-1
 -1.0642999E+0	 -5.2170002E-1
 -1.0513999E+0	 -5.1999998E-1
 -1.0434999E+0	 -5.1859999E-1
 -1.0204999E+0	 -5.1410002E-1
 -9.9809998E-1	 -5.1040000E-1
 -9.9690002E-1	 -5.0959998E-1
 -9.9669999E-1	 -5.0950003E-1
 -9.9599999E-1	 -5.0940001E-1
 -9.9489999E-1	 -5.0919998E-1
 -9.6069998E-1	 -5.0489998E-1
 -9.4080001E-1	 -5.0080001E-1
 -8.9889997E-1	 -4.9190000E-1
 -8.6009997E-1	 -4.8480001E-1
 -8.3710003E-1	 -4.8050001E-1
 -8.2560003E-1	 -4.7749999E-1
 -8.0119997E-1	 -4.7189999E-1
 -7.7550000E-1	 -4.6689999E-1
 -7.5440001E-1	 -4.6290001E-1
 -7.4339998E-1	 -4.5980000E-1
 -7.2490001E-1	 -4.5519999E-1
 -7.0920002E-1	 -4.5179999E-1
 -7.0010000E-1	 -4.4990000E-1
 -6.9459999E-1	 -4.4839999E-1
 -6.8239999E-1	 -4.4530001E-1
 -6.6790003E-1	 -4.4209999E-1
 -6.5859997E-1	 -4.3979999E-1
 -6.5189999E-1	 -4.3849999E-1
 -6.3360000E-1	 -4.3349999E-1
 -6.2080002E-1	 -4.3050000E-1
 -6.0829997E-1	 -4.2780000E-1
 -6.0070002E-1	 -4.2550001E-1
 -5.8670002E-1	 -4.2150000E-1
 -5.7059997E-1	 -4.1749999E-1
 -5.5820000E-1	 -4.1460001E-1
 -5.5220002E-1	 -4.1229999E-1
 -5.4710001E-1	 -4.1060001E-1
 -5.4200000E-1	 -4.0930000E-1
 -5.3350002E-1	 -4.0750000E-1
 -5.2800000E-1	 -4.0570000E-1
 -5.2149999E-1	 -4.0349999E-1
 -5.1770002E-1	 -4.0239999E-1
 -5.1389998E-1	 -4.0160000E-1
 -5.1099998E-1	 -4.0079999E-1
 -5.0169998E-1	 -3.9789999E-1
 -4.9160001E-1	 -3.9520001E-1
 -4.8690000E-1	 -3.9379999E-1
 -4.8390001E-1	 -3.9289999E-1
 -4.7430000E-1	 -3.8990000E-1
 -4.6709999E-1	 -3.8780001E-1
 -4.5800000E-1	 -3.8550001E-1
 -4.5190001E-1	 -3.8339999E-1
 -4.4159999E-1	 -3.7990001E-1
 -4.3509999E-1	 -3.7779999E-1
 -4.2739999E-1	 -3.7590000E-1
 -4.2230001E-1	 -3.7390000E-1
 -4.1350001E-1	 -3.7090001E-1
 -4.0599999E-1	 -3.6849999E-1
 -3.9510000E-1	 -3.6559999E-1
 -3.8789999E-1	 -3.6269999E-1
 -3.7880000E-1	 -3.5920000E-1
 -3.7250000E-1	 -3.5710001E-1
 -3.6600000E-1	 -3.5519999E-1
 -3.6129999E-1	 -3.5330001E-1
 -3.5290000E-1	 -3.5010001E-1
 -3.3880001E-1	 -3.4570000E-1
 -3.2850000E-1	 -3.4209999E-1
 -3.2210001E-1	 -3.3919999E-1
 -3.1240001E-1	 -3.3520001E-1
 -3.0329999E-1	 -3.3180001E-1
 -2.9370001E-1	 -3.2870001E-1
 -2.8610000E-1	 -3.2550001E-1
 -2.7320001E-1	 -3.1999999E-1
 -2.6425999E-1	 -3.1680000E-1
 -2.6295000E-1	 -3.1500000E-1
 -2.6245001E-1	 -3.1470001E-1
 -2.6227000E-1	 -3.1450000E-1
 -2.5700000E-1	 -3.1290001E-1
 -2.4958000E-1	 -3.1029999E-1
 -2.4324000E-1	 -3.0739999E-1
 -2.3315001E-1	 -3.0270001E-1
 -2.2341999E-1	 -2.9859999E-1
 -2.1804000E-1	 -2.9600000E-1
 -2.1482000E-1	 -2.9420000E-1
 -2.1143000E-1	 -2.9240000E-1
 -2.0273000E-1	 -2.8900000E-1
 -1.9282000E-1	 -2.8500000E-1
 -1.8499000E-1	 -2.8090000E-1
 -1.8110999E-1	 -2.7800000E-1
 -1.7333999E-1	 -2.7460000E-1
 -1.6665000E-1	 -2.7140000E-1
 -1.6167000E-1	 -2.6549000E-1
 -1.5105000E-1	 -2.6328000E-1
 -1.3719000E-1	 -2.5643000E-1
 -1.2288000E-1	 -2.4891999E-1
 -1.1205000E-1	 -2.4180000E-1
 -9.8980002E-2	 -2.3329000E-1
 -9.2639998E-2	 -2.2857000E-1
 -8.7430000E-2	 -2.2530000E-1
 -8.3640002E-2	 -2.2247000E-1
 -8.0250002E-2	 -2.1991000E-1
 -7.4100003E-2	 -2.1645001E-1
 -6.5569997E-2	 -2.1197000E-1
 -5.8180001E-2	 -2.0637000E-1
 -4.9360000E-2	 -1.9982000E-1
 -4.0959999E-2	 -1.9392000E-1
 -3.3690002E-2	 -1.8882000E-1
 -2.8240001E-2	 -1.8435000E-1
 -2.1790000E-2	 -1.7916000E-1
 -1.7519999E-2	 -1.7570999E-1
 -1.2960000E-2	 -1.7261000E-1
 -9.1100000E-3	 -1.6944000E-1
 -4.3100002E-3	 -1.6556001E-1
 -2.2799999E-3	 -1.6343001E-1
 -1.3000000E-3	 -1.6233000E-1
 -8.3999999E-4	 -1.6174001E-1
 -6.0000003E-4	 -1.6143000E-1
 -4.9000001E-4	 -1.6122000E-1
 -4.2000000E-4	 -1.6109000E-1
 -3.8000001E-4	 -1.6102000E-1
 -3.4000000E-4	 -1.6094001E-1
 -3.6000001E-4	 -1.6090000E-1
 -3.3000001E-4	 -1.6087000E-1
 -3.4999999E-4	 -1.6084000E-1
 -3.4999999E-4	 -1.6080999E-1
 -3.6000001E-4	 -1.6079000E-1
 -3.4999999E-4	 -1.6077000E-1
 -3.4999999E-4	 -1.6075000E-1
 -3.3000001E-4	 -1.6074000E-1
 -3.4000000E-4	 -1.6073000E-1
 -3.4000000E-4	 -1.6072001E-1
 -3.1000000E-4	 -1.6069999E-1
 -3.1000000E-4	 -1.6068000E-1
 -2.9000000E-4	 -1.6068000E-1
 -3.1000000E-4	 -1.6067000E-1
 -3.1999999E-4	 -1.6066000E-1
 -2.9000000E-4	 -1.6065000E-1
 -2.9000000E-4	 -1.6064000E-1
 -3.0000001E-4	 -1.6063000E-1
 -3.1000000E-4	 -1.6063000E-1
 -2.9000000E-4	 -1.6063000E-1
 -4.9999999E-5	 -1.6060001E-1
 4.9999999E-5	 -1.6054000E-1
 5.9999998E-5	 -1.6050000E-1
 5.9999998E-5	 -1.6047999E-1
 9.0000001E-5	 -1.6046000E-1
 9.9999997E-5	 -1.6044000E-1
 4.9999999E-5	 -1.6041000E-1
 4.9999999E-5	 -1.6038001E-1
 9.0000001E-5	 -1.6034999E-1
 7.9999998E-5	 -1.6033000E-1
 1.1000000E-4	 -1.6031000E-1
 1.2000000E-4	 -1.6030000E-1
 1.5000001E-4	 -1.6029000E-1
 1.3000000E-4	 -1.6027001E-1
 1.2000000E-4	 -1.6026001E-1
 1.1000000E-4	 -1.6027001E-1
 1.2000000E-4	 -1.6024999E-1
 1.2000000E-4	 -1.6023999E-1
 1.3000000E-4	 -1.6023999E-1
 1.3000000E-4	 -1.6023000E-1
 1.2000000E-4	 -1.6023000E-1
 1.2000000E-4	 -1.6023000E-1
 1.1000000E-4	 -1.6022000E-1
 1.3000000E-4	 -1.6022000E-1
 1.4000000E-4	 -1.6021000E-1
 1.4000000E-4	 -1.6020000E-1
 1.4000000E-4	 -1.6020000E-1
 1.2000000E-4	 -1.6019000E-1
 1.4000000E-4	 -1.6019000E-1
 1.5000001E-4	 -1.6019000E-1
 1.4000000E-4	 -1.6019000E-1
 1.2000000E-4	 -1.6019000E-1
 1.3000000E-4	 -1.6017000E-1
 1.4000000E-4	 -1.6017000E-1
 1.2000000E-4	 -1.6017000E-1
 9.9999997E-5	 -1.6017000E-1
 1.2000000E-4	 -1.6016001E-1
 1.1000000E-4	 -1.6016001E-1
 1.3000000E-4	 -1.6017000E-1
 1.2000000E-4	 -1.6016001E-1
 1.4000000E-4	 -1.6016001E-1
 1.3000000E-4	 -1.6015001E-1
 1.2000000E-4	 -1.6016001E-1
 1.4000000E-4	 -1.6013999E-1
 1.6000000E-4	 -1.6013999E-1
 1.5000001E-4	 -1.6015001E-1
 1.5000001E-4	 -1.6013999E-1
 1.5000001E-4	 -1.6013999E-1
 1.5000001E-4	 -1.6012999E-1
 1.3000000E-4	 -1.6012999E-1
 1.3000000E-4	 -1.6012999E-1
 1.1000000E-4	 -1.6012999E-1
 1.2000000E-4	 -1.6012999E-1
 1.4000000E-4	 -1.6012000E-1
 9.9999997E-5	 -1.6011000E-1
 1.1000000E-4	 -1.6012000E-1
 1.1000000E-4	 -1.6011000E-1
 1.2000000E-4	 -1.6011000E-1
 1.3000000E-4	 -1.6010000E-1
 1.3000000E-4	 -1.6012000E-1
 1.3000000E-4	 -1.6010000E-1
 1.1000000E-4	 -1.6011000E-1
 7.9999998E-5	 -1.6010000E-1
 1.2000000E-4	 -1.6010000E-1
 1.2000000E-4	 -1.6010000E-1
 1.2000000E-4	 -1.6010000E-1
 1.3000000E-4	 -1.6009000E-1
 1.1000000E-4	 -1.6009000E-1
 1.1000000E-4	 -1.6009000E-1
 1.2000000E-4	 -1.6009000E-1
 9.9999997E-5	 -1.6008000E-1
 1.3000000E-4	 -1.6007000E-1
 1.3000000E-4	 -1.6009000E-1
 1.2000000E-4	 -1.6008000E-1
 1.4000000E-4	 -1.6008000E-1
 1.4000000E-4	 -1.6008000E-1
 1.5000001E-4	 -1.6008000E-1
 1.8000000E-4	 -1.6007000E-1
 1.5000001E-4	 -1.6007000E-1
 1.4000000E-4	 -1.6007000E-1
 9.9999997E-5	 -1.6007000E-1
 1.3000000E-4	 -1.6007000E-1
 1.4000000E-4	 -1.6007000E-1
 1.2000000E-4	 -1.6007000E-1
 1.6000000E-4	 -1.6006000E-1
 1.5000001E-4	 -1.6007000E-1
