12/12/200519:10I (A)          B (T)      2.3000001E-4	 3.3489998E-2
 2.3000001E-4	 3.3489998E-2
 2.1000000E-4	 3.3480000E-2
 2.3000001E-4	 3.3480000E-2
 2.3000001E-4	 3.3480000E-2
 2.3999999E-4	 3.3480000E-2
 2.6000000E-4	 3.3500001E-2
 2.6000000E-4	 3.3500001E-2
 2.3999999E-4	 3.3480000E-2
 2.3000001E-4	 3.3459999E-2
 2.2000000E-4	 3.3470001E-2
 1.1000000E-4	 3.3459999E-2
 -1.1000000E-4	 3.3289999E-2
 -1.7000000E-4	 3.3270001E-2
 -1.8000000E-4	 3.3250000E-2
 -1.9000001E-4	 3.3240002E-2
 -1.9000001E-4	 3.3240002E-2
 -1.9000001E-4	 3.3229999E-2
 -1.9999999E-4	 3.3240002E-2
 -1.9000001E-4	 3.3229999E-2
 -1.9000001E-4	 3.3240002E-2
 -1.7000000E-4	 3.3250000E-2
 -1.7000000E-4	 3.3240002E-2
 -1.7000000E-4	 3.3240002E-2
 -1.8000000E-4	 3.3240002E-2
 -1.8000000E-4	 3.3229999E-2
 -1.7000000E-4	 3.3240002E-2
 -1.9000001E-4	 3.3229999E-2
 -1.9000001E-4	 3.3229999E-2
 -1.9000001E-4	 3.3240002E-2
 -1.9000001E-4	 3.3240002E-2
 -1.7000000E-4	 3.3240002E-2
 -1.8000000E-4	 3.3240002E-2
 -1.8000000E-4	 3.3240002E-2
 -1.7000000E-4	 3.3250000E-2
 -5.8599999E-3	 2.8950000E-2
 -1.5540000E-2	 2.6650000E-3
 -4.1460000E-2	 -1.0094000E-2
 -5.9680000E-2	 -4.8250001E-2
 -8.9589998E-2	 -6.9270000E-2
 -1.0757000E-1	 -8.8430002E-2
 -1.2971000E-1	 -1.1796000E-1
 -1.6012000E-1	 -1.5477000E-1
 -1.8517999E-1	 -1.8287000E-1
 -2.0265000E-1	 -2.0448001E-1
 -2.2243001E-1	 -2.2865000E-1
 -2.4402000E-1	 -2.5376001E-1
 -2.6431000E-1	 -2.7585000E-1
 -2.8126001E-1	 -2.9602000E-1
 -2.9857999E-1	 -3.2609999E-1
 -3.1369999E-1	 -3.3300000E-1
 -3.1610000E-1	 -3.4029999E-1
 -3.1869999E-1	 -3.4320000E-1
 -3.2100001E-1	 -3.4580001E-1
 -3.3430001E-1	 -3.5980001E-1
 -3.5130000E-1	 -3.7700000E-1
 -3.6849999E-1	 -3.9620000E-1
 -3.8679999E-1	 -4.1900000E-1
 -4.0380001E-1	 -4.3869999E-1
 -4.1940001E-1	 -4.5519999E-1
 -4.3520001E-1	 -4.7029999E-1
 -4.6129999E-1	 -5.0150001E-1
 -4.9129999E-1	 -5.3500003E-1
 -5.2200001E-1	 -5.6569999E-1
 -5.4860002E-1	 -5.9600002E-1
 -5.7889998E-1	 -6.3080001E-1
 -6.0509998E-1	 -6.5880001E-1
 -6.2970001E-1	 -6.8339998E-1
 -6.4980000E-1	 -7.0620000E-1
 -6.6689998E-1	 -7.2530001E-1
 -6.8150002E-1	 -7.4059999E-1
 -6.9999999E-1	 -7.5720000E-1
 -7.1960002E-1	 -7.7649999E-1
 -7.4550003E-1	 -8.0460000E-1
 -7.6760000E-1	 -8.2730001E-1
 -7.8659999E-1	 -8.4490001E-1
 -8.0269998E-1	 -8.5990000E-1
 -8.1930000E-1	 -8.7809998E-1
 -8.3389997E-1	 -8.9219999E-1
 -8.5589999E-1	 -9.0979999E-1
 -8.7900001E-1	 -9.3120003E-1
 -9.0340000E-1	 -9.5529997E-1
 -9.4069999E-1	 -9.8720002E-1
 -9.8740000E-1	 -1.0219001E+0
 -1.0283999E+0	 -1.0560000E+0
 -1.0563999E+0	 -1.0801001E+0
 -1.0842000E+0	 -1.0999000E+0
 -1.1042000E+0	 -1.1127000E+0
 -1.1202000E+0	 -1.1220000E+0
 -1.1366000E+0	 -1.1344000E+0
 -1.1890000E+0	 -1.1616000E+0
 -1.2246000E+0	 -1.1792001E+0
 -1.2553000E+0	 -1.1920000E+0
 -1.2790000E+0	 -1.2048000E+0
 -1.2889000E+0	 -1.2092000E+0
 -1.2903000E+0	 -1.2100000E+0
 -1.2916000E+0	 -1.2102000E+0
 -1.2933000E+0	 -1.2112000E+0
 -1.3576000E+0	 -1.2333000E+0
 -1.3990000E+0	 -1.2460001E+0
 -1.4231000E+0	 -1.2524000E+0
 -1.4392000E+0	 -1.2596999E+0
 -1.4890000E+0	 -1.2732000E+0
 -1.5177000E+0	 -1.2800000E+0
 -1.5301000E+0	 -1.2833000E+0
 -1.5386000E+0	 -1.2862999E+0
 -1.5584000E+0	 -1.2910000E+0
 -1.5712000E+0	 -1.2938000E+0
 -1.5819000E+0	 -1.2955000E+0
 -1.5911000E+0	 -1.2988000E+0
 -1.6303000E+0	 -1.3076000E+0
 -1.6513000E+0	 -1.3118000E+0
 -1.6719000E+0	 -1.3146000E+0
 -1.6884000E+0	 -1.3202000E+0
 -1.6999000E+0	 -1.3226000E+0
 -1.7264000E+0	 -1.3274000E+0
 -1.7315000E+0	 -1.3288000E+0
 -1.7330000E+0	 -1.3293999E+0
 -1.7467000E+0	 -1.3320000E+0
 -1.8186001E+0	 -1.3443000E+0
 -1.8530000E+0	 -1.3489000E+0
 -1.8671000E+0	 -1.3545001E+0
 -1.8858000E+0	 -1.3578000E+0
 -1.9131000E+0	 -1.3621000E+0
 -1.9166000E+0	 -1.3630000E+0
 -1.9173000E+0	 -1.3633000E+0
 -1.9263000E+0	 -1.3648000E+0
 -2.0227001E+0	 -1.3794000E+0
 -2.0527000E+0	 -1.3831000E+0
 -2.0648999E+0	 -1.3870000E+0
 -2.1087999E+0	 -1.3936000E+0
 -2.1545999E+0	 -1.3999000E+0
 -2.1705999E+0	 -1.4016000E+0
 -2.1760001E+0	 -1.4033999E+0
 -2.1831999E+0	 -1.4044000E+0
 -2.1973000E+0	 -1.4064000E+0
 -2.2284000E+0	 -1.4084001E+0
 -2.2355001E+0	 -1.4116000E+0
 -2.2702000E+0	 -1.4164000E+0
 -2.2980001E+0	 -1.4198999E+0
 -2.3123000E+0	 -1.4212000E+0
 -2.3162000E+0	 -1.4225000E+0
 -2.3273001E+0	 -1.4239000E+0
 -2.3387001E+0	 -1.4253000E+0
 -2.3518000E+0	 -1.4263999E+0
 -2.3563001E+0	 -1.4276000E+0
 -2.3826001E+0	 -1.4310000E+0
 -2.4029000E+0	 -1.4334000E+0
 -2.4115000E+0	 -1.4341000E+0
 -2.4138999E+0	 -1.4349000E+0
 -2.4189000E+0	 -1.4355000E+0
 -2.4380000E+0	 -1.4377000E+0
 -2.4549000E+0	 -1.4391000E+0
 -2.4598999E+0	 -1.4404000E+0
 -2.4814000E+0	 -1.4431000E+0
 -2.5007000E+0	 -1.4453000E+0
 -2.5172000E+0	 -1.4464999E+0
 -2.5218000E+0	 -1.4477000E+0
 -2.5495000E+0	 -1.4510000E+0
 -2.5820999E+0	 -1.4547000E+0
 -2.6008999E+0	 -1.4561000E+0
 -2.6055000E+0	 -1.4572999E+0
 -2.6338999E+0	 -1.4605000E+0
 -2.6530001E+0	 -1.4626000E+0
 -2.6642001E+0	 -1.4635000E+0
 -2.6821001E+0	 -1.4643000E+0
 -2.6903000E+0	 -1.4667000E+0
 -2.7093999E+0	 -1.4687001E+0
 -2.7237000E+0	 -1.4698000E+0
 -2.7486000E+0	 -1.4713000E+0
 -2.7574999E+0	 -1.4737999E+0
 -2.7718999E+0	 -1.4753000E+0
 -2.8106000E+0	 -1.4784000E+0
 -2.8399000E+0	 -1.4802999E+0
 -2.8808999E+0	 -1.4864000E+0
 -2.9342999E+0	 -1.4916000E+0
 -2.9407001E+0	 -1.4921000E+0
 -2.9414001E+0	 -1.4923000E+0
 -2.9416001E+0	 -1.4923000E+0
 -2.9421000E+0	 -1.4924001E+0
 -2.9440000E+0	 -1.4924999E+0
 -2.9442999E+0	 -1.4926000E+0
 -2.9446001E+0	 -1.4926000E+0
 -2.9447999E+0	 -1.4926000E+0
 -2.9465001E+0	 -1.4928000E+0
 -2.9468000E+0	 -1.4928000E+0
 -2.9470000E+0	 -1.4929000E+0
 -2.9470000E+0	 -1.4929000E+0
 -2.9470000E+0	 -1.4929000E+0
 -2.9470000E+0	 -1.4929000E+0
 -2.9468999E+0	 -1.4929000E+0
 -2.9468999E+0	 -1.4929000E+0
 -2.9468999E+0	 -1.4929000E+0
 -2.9468999E+0	 -1.4929000E+0
 -2.9468999E+0	 -1.4929000E+0
 -2.9468000E+0	 -1.4929000E+0
 -2.9468000E+0	 -1.4929000E+0
 -2.9468000E+0	 -1.4929000E+0
 -2.9468000E+0	 -1.4929000E+0
 -2.9468000E+0	 -1.4929000E+0
 -2.9467001E+0	 -1.4929000E+0
 -2.9467001E+0	 -1.4929000E+0
 -2.9467001E+0	 -1.4929000E+0
 -2.9467001E+0	 -1.4929000E+0
 -2.9440999E+0	 -1.4927000E+0
 -2.9340999E+0	 -1.4924999E+0
 -2.9282999E+0	 -1.4914000E+0
 -2.9042001E+0	 -1.4893000E+0
 -2.8770001E+0	 -1.4872000E+0
 -2.8390000E+0	 -1.4862000E+0
 -2.8267000E+0	 -1.4826000E+0
 -2.8127999E+0	 -1.4813000E+0
 -2.8002000E+0	 -1.4802999E+0
 -2.7960999E+0	 -1.4800000E+0
 -2.7902999E+0	 -1.4793000E+0
 -2.7895000E+0	 -1.4792000E+0
 -2.7869000E+0	 -1.4790000E+0
 -2.7852001E+0	 -1.4789000E+0
 -2.7820001E+0	 -1.4785000E+0
 -2.7233000E+0	 -1.4730999E+0
 -2.7052000E+0	 -1.4716001E+0
 -2.7031000E+0	 -1.4713000E+0
 -2.7023001E+0	 -1.4711000E+0
 -2.7003000E+0	 -1.4709001E+0
 -2.6977000E+0	 -1.4707000E+0
 -2.6935999E+0	 -1.4705000E+0
 -2.6884999E+0	 -1.4698000E+0
 -2.6657000E+0	 -1.4676000E+0
 -2.6540999E+0	 -1.4665999E+0
 -2.6510000E+0	 -1.4664000E+0
 -2.6470001E+0	 -1.4658000E+0
 -2.6255000E+0	 -1.4637001E+0
 -2.6148000E+0	 -1.4627000E+0
 -2.6101000E+0	 -1.4624000E+0
 -2.6050000E+0	 -1.4615999E+0
 -2.6013000E+0	 -1.4613000E+0
 -2.5867000E+0	 -1.4600000E+0
 -2.5703001E+0	 -1.4592000E+0
 -2.5467000E+0	 -1.4557000E+0
 -2.5160999E+0	 -1.4526000E+0
 -2.5151000E+0	 -1.4525000E+0
 -2.5060999E+0	 -1.4521000E+0
 -2.4946001E+0	 -1.4503000E+0
 -2.4748001E+0	 -1.4482000E+0
 -2.4656000E+0	 -1.4473000E+0
 -2.4628999E+0	 -1.4471000E+0
 -2.4607999E+0	 -1.4467000E+0
 -2.4546001E+0	 -1.4460000E+0
 -2.4410999E+0	 -1.4447000E+0
 -2.4337001E+0	 -1.4442000E+0
 -2.4251001E+0	 -1.4428000E+0
 -2.4186001E+0	 -1.4421000E+0
 -2.4124000E+0	 -1.4414001E+0
 -2.4115000E+0	 -1.4413000E+0
 -2.4105999E+0	 -1.4412000E+0
 -2.4105999E+0	 -1.4412000E+0
 -2.4096999E+0	 -1.4411000E+0
 -2.4077001E+0	 -1.4410000E+0
 -2.4058001E+0	 -1.4407001E+0
 -2.3977001E+0	 -1.4398000E+0
 -2.3820000E+0	 -1.4382000E+0
 -2.3666000E+0	 -1.4374000E+0
 -2.3504000E+0	 -1.4344000E+0
 -2.3220999E+0	 -1.4311000E+0
 -2.3202000E+0	 -1.4309000E+0
 -2.3196001E+0	 -1.4308000E+0
 -2.3195000E+0	 -1.4308000E+0
 -2.3195000E+0	 -1.4308000E+0
 -2.3190000E+0	 -1.4306999E+0
 -2.3178000E+0	 -1.4306999E+0
 -2.3167000E+0	 -1.4305000E+0
 -2.3092999E+0	 -1.4296000E+0
 -2.3000000E+0	 -1.4286000E+0
 -2.2980001E+0	 -1.4284000E+0
 -2.2966001E+0	 -1.4281000E+0
 -2.2890999E+0	 -1.4272000E+0
 -2.2432001E+0	 -1.4224000E+0
 -2.2342999E+0	 -1.4212000E+0
 -2.2277999E+0	 -1.4198000E+0
 -2.2277999E+0	 -1.4198000E+0
 -2.2275000E+0	 -1.4197000E+0
 -2.2269001E+0	 -1.4197000E+0
 -2.2263000E+0	 -1.4196000E+0
 -2.2202001E+0	 -1.4188000E+0
 -2.2177999E+0	 -1.4184999E+0
 -2.2167001E+0	 -1.4184999E+0
 -2.2161000E+0	 -1.4183000E+0
 -2.2118001E+0	 -1.4177999E+0
 -2.2046001E+0	 -1.4170001E+0
 -2.2021999E+0	 -1.4168000E+0
 -2.2005000E+0	 -1.4164000E+0
 -2.1998000E+0	 -1.4163001E+0
 -2.2009001E+0	 -1.4164000E+0
 -2.2007000E+0	 -1.4164000E+0
 -2.2005000E+0	 -1.4164000E+0
 -2.2003000E+0	 -1.4163001E+0
 -2.2000000E+0	 -1.4163001E+0
 -2.1998000E+0	 -1.4163001E+0
 -2.1996000E+0	 -1.4163001E+0
 -2.1989999E+0	 -1.4162000E+0
 -2.1947999E+0	 -1.4157000E+0
 -2.1763000E+0	 -1.4150000E+0
 -2.1594999E+0	 -1.4112000E+0
 -2.1377001E+0	 -1.4084001E+0
 -2.1347001E+0	 -1.4080000E+0
 -2.1301000E+0	 -1.4078000E+0
 -2.1270001E+0	 -1.4069000E+0
 -2.0888000E+0	 -1.4019001E+0
 -2.0822001E+0	 -1.4011000E+0
 -2.0820999E+0	 -1.4009000E+0
 -2.0820999E+0	 -1.4009000E+0
 -2.0813000E+0	 -1.4008000E+0
 -2.0802000E+0	 -1.4007000E+0
 -2.0794001E+0	 -1.4006000E+0
 -2.0789001E+0	 -1.4005001E+0
 -2.0755000E+0	 -1.4000000E+0
 -2.0662000E+0	 -1.3989000E+0
 -2.0639999E+0	 -1.3986000E+0
 -2.0625999E+0	 -1.3983001E+0
 -2.0585999E+0	 -1.3977000E+0
 -2.0509000E+0	 -1.3967000E+0
 -2.0267999E+0	 -1.3954000E+0
 -2.0107999E+0	 -1.3910000E+0
 -1.9928000E+0	 -1.3885000E+0
 -1.9867001E+0	 -1.3875999E+0
 -1.9835000E+0	 -1.3873000E+0
 -1.9816999E+0	 -1.3868001E+0
 -1.9698000E+0	 -1.3851000E+0
 -1.9547000E+0	 -1.3831000E+0
 -1.9524000E+0	 -1.3825999E+0
 -1.9516000E+0	 -1.3824000E+0
 -1.9500000E+0	 -1.3822000E+0
 -1.9403000E+0	 -1.3809000E+0
 -1.9340000E+0	 -1.3803999E+0
 -1.9303000E+0	 -1.3792000E+0
 -1.9295000E+0	 -1.3791000E+0
 -1.9289000E+0	 -1.3789999E+0
 -1.9233000E+0	 -1.3787000E+0
 -1.9191000E+0	 -1.3775001E+0
 -1.8928000E+0	 -1.3736000E+0
 -1.8925000E+0	 -1.3734000E+0
 -1.8925000E+0	 -1.3734000E+0
 -1.8759000E+0	 -1.3709000E+0
 -1.8617001E+0	 -1.3688000E+0
 -1.8444999E+0	 -1.3674001E+0
 -1.8300000E+0	 -1.3635000E+0
 -1.7946000E+0	 -1.3578000E+0
 -1.7726001E+0	 -1.3543000E+0
 -1.7635000E+0	 -1.3532000E+0
 -1.7582000E+0	 -1.3515000E+0
 -1.7302999E+0	 -1.3467000E+0
 -1.7253000E+0	 -1.3458000E+0
 -1.7228000E+0	 -1.3455000E+0
 -1.7211000E+0	 -1.3450000E+0
 -1.7194000E+0	 -1.3447000E+0
 -1.7149000E+0	 -1.3440000E+0
 -1.7086999E+0	 -1.3435000E+0
 -1.7042000E+0	 -1.3420000E+0
 -1.6981000E+0	 -1.3408999E+0
 -1.6854000E+0	 -1.3387001E+0
 -1.6671000E+0	 -1.3370000E+0
 -1.6546000E+0	 -1.3328000E+0
 -1.6445000E+0	 -1.3310000E+0
 -1.6439000E+0	 -1.3308001E+0
 -1.6404999E+0	 -1.3305000E+0
 -1.6371000E+0	 -1.3295000E+0
 -1.6307000E+0	 -1.3283000E+0
 -1.6129000E+0	 -1.3252000E+0
 -1.6023000E+0	 -1.3238000E+0
 -1.5953000E+0	 -1.3214000E+0
 -1.5618000E+0	 -1.3148000E+0
 -1.5520999E+0	 -1.3128999E+0
 -1.5489000E+0	 -1.3121001E+0
 -1.5472000E+0	 -1.3116000E+0
 -1.5410000E+0	 -1.3103000E+0
 -1.5296000E+0	 -1.3081000E+0
 -1.5242000E+0	 -1.3072000E+0
 -1.5208000E+0	 -1.3060000E+0
 -1.5122000E+0	 -1.3042001E+0
 -1.4720000E+0	 -1.2963001E+0
 -1.4597000E+0	 -1.2931000E+0
 -1.4551001E+0	 -1.2914000E+0
 -1.4486001E+0	 -1.2898999E+0
 -1.4482000E+0	 -1.2897000E+0
 -1.4479001E+0	 -1.2897000E+0
 -1.4478000E+0	 -1.2896000E+0
 -1.4477000E+0	 -1.2896000E+0
 -1.4332000E+0	 -1.2866000E+0
 -1.4098001E+0	 -1.2834001E+0
 -1.3882000E+0	 -1.2752000E+0
 -1.3757000E+0	 -1.2721000E+0
 -1.3558000E+0	 -1.2674000E+0
 -1.3408000E+0	 -1.2641000E+0
 -1.3268000E+0	 -1.2589000E+0
 -1.2947000E+0	 -1.2498000E+0
 -1.2800000E+0	 -1.2455000E+0
 -1.2691000E+0	 -1.2429000E+0
 -1.2573000E+0	 -1.2379000E+0
 -1.2417001E+0	 -1.2329000E+0
 -1.2272000E+0	 -1.2283000E+0
 -1.2055000E+0	 -1.2230999E+0
 -1.1914001E+0	 -1.2148000E+0
 -1.1767000E+0	 -1.2091000E+0
 -1.1542000E+0	 -1.2012000E+0
 -1.1408000E+0	 -1.1944000E+0
 -1.1318001E+0	 -1.1894000E+0
 -1.1216000E+0	 -1.1848000E+0
 -1.1079000E+0	 -1.1787000E+0
 -1.0980999E+0	 -1.1734999E+0
 -1.0917000E+0	 -1.1691999E+0
 -1.0752000E+0	 -1.1607000E+0
 -1.0663000E+0	 -1.1552000E+0
 -1.0599000E+0	 -1.1517000E+0
 -1.0531000E+0	 -1.1468000E+0
 -1.0459000E+0	 -1.1422000E+0
 -1.0405000E+0	 -1.1389000E+0
 -1.0360000E+0	 -1.1362000E+0
 -1.0318000E+0	 -1.1327000E+0
 -1.0245000E+0	 -1.1281000E+0
 -1.0109000E+0	 -1.1197000E+0
 -9.9550003E-1	 -1.1095001E+0
 -9.7950000E-1	 -1.0954000E+0
 -9.6990001E-1	 -1.0875000E+0
 -9.6249998E-1	 -1.0817000E+0
 -9.5580000E-1	 -1.0766000E+0
 -9.4849998E-1	 -1.0700001E+0
 -9.4450003E-1	 -1.0664001E+0
 -9.4209999E-1	 -1.0642999E+0
 -9.4029999E-1	 -1.0630000E+0
 -9.3820000E-1	 -1.0609000E+0
 -9.3370003E-1	 -1.0574000E+0
 -9.2549998E-1	 -1.0513999E+0
 -9.1780001E-1	 -1.0441999E+0
 -9.1140002E-1	 -1.0383000E+0
 -9.0249997E-1	 -1.0307000E+0
 -8.9260000E-1	 -1.0218000E+0
 -8.8270003E-1	 -1.0148000E+0
 -8.7480003E-1	 -1.0056000E+0
 -8.6089998E-1	 -9.9349999E-1
 -8.5089999E-1	 -9.8400003E-1
 -8.4329998E-1	 -9.7750002E-1
 -8.3560002E-1	 -9.6920002E-1
 -8.2900000E-1	 -9.6289998E-1
 -8.2349998E-1	 -9.5770001E-1
 -8.1840003E-1	 -9.5300001E-1
 -8.1199998E-1	 -9.4660002E-1
 -8.0669999E-1	 -9.4150001E-1
 -8.0280000E-1	 -9.3750000E-1
 -7.9619998E-1	 -9.3339998E-1
 -7.8289998E-1	 -9.1850001E-1
 -7.6920003E-1	 -9.0539998E-1
 -7.5849998E-1	 -8.9469999E-1
 -7.5029999E-1	 -8.8620001E-1
 -7.4320000E-1	 -8.7860000E-1
 -7.3420000E-1	 -8.6970001E-1
 -7.2240001E-1	 -8.5860002E-1
 -7.1109998E-1	 -8.4710002E-1
 -6.9970000E-1	 -8.3429998E-1
 -6.9069999E-1	 -8.2489997E-1
 -6.8169999E-1	 -8.1669998E-1
 -6.7420000E-1	 -8.0879998E-1
 -6.6490000E-1	 -7.9809999E-1
 -6.4880002E-1	 -7.8179997E-1
 -6.3260001E-1	 -7.6539999E-1
 -6.1860001E-1	 -7.5000000E-1
 -6.0560000E-1	 -7.3490000E-1
 -5.9539998E-1	 -7.2369999E-1
 -5.8800000E-1	 -7.1560001E-1
 -5.8329999E-1	 -7.1010000E-1
 -5.8039999E-1	 -7.0649999E-1
 -5.7880002E-1	 -7.0459998E-1
 -5.7789999E-1	 -7.0359999E-1
 -5.7709998E-1	 -7.0279998E-1
 -5.7569999E-1	 -7.0120001E-1
 -5.7400000E-1	 -6.9940001E-1
 -5.7010001E-1	 -6.9580001E-1
 -5.6500000E-1	 -6.9069999E-1
 -5.5890000E-1	 -6.8330002E-1
 -5.5280000E-1	 -6.7570001E-1
 -5.4229999E-1	 -6.6619998E-1
 -5.3049999E-1	 -6.5390003E-1
 -5.2109998E-1	 -6.4209998E-1
 -5.0629997E-1	 -6.2620002E-1
 -4.9489999E-1	 -6.1339998E-1
 -4.8699999E-1	 -6.0399997E-1
 -4.8120001E-1	 -5.9710002E-1
 -4.7499999E-1	 -5.9039998E-1
 -4.6720001E-1	 -5.8190000E-1
 -4.5640001E-1	 -5.7209998E-1
 -4.4200000E-1	 -5.5360001E-1
 -4.1249999E-1	 -5.2260000E-1
 -3.9350000E-1	 -4.9970001E-1
 -3.8060001E-1	 -4.8460001E-1
 -3.7020001E-1	 -4.7160000E-1
 -3.5940000E-1	 -4.5910001E-1
 -3.4930000E-1	 -4.4800001E-1
 -3.3640000E-1	 -4.3619999E-1
 -3.1680000E-1	 -4.1080001E-1
 -2.9730001E-1	 -3.8909999E-1
 -2.8340000E-1	 -3.7169999E-1
 -2.7340001E-1	 -3.5980001E-1
 -2.6458001E-1	 -3.5190001E-1
 -2.6108000E-1	 -3.4520000E-1
 -2.5409001E-1	 -3.3730000E-1
 -2.4845999E-1	 -3.3030000E-1
 -2.4009000E-1	 -3.2030001E-1
 -2.3284000E-1	 -3.1180000E-1
 -2.2277001E-1	 -3.0070001E-1
 -2.1063000E-1	 -2.8810000E-1
 -1.9740000E-1	 -2.7050000E-1
 -1.8550000E-1	 -2.4969999E-1
 -1.6696000E-1	 -2.3588000E-1
 -1.5185000E-1	 -2.1641000E-1
 -1.3534001E-1	 -1.9780999E-1
 -1.1923000E-1	 -1.7788000E-1
 -1.0034000E-1	 -1.5718000E-1
 -8.4210001E-2	 -1.3743000E-1
 -7.2880000E-2	 -1.2196000E-1
 -6.1900001E-2	 -1.0918000E-1
 -5.0570000E-2	 -9.5629998E-2
 -3.9659999E-2	 -8.3269998E-2
 -3.3349998E-2	 -7.4120000E-2
 -2.7419999E-2	 -6.6830002E-2
 -2.1199999E-2	 -5.9769999E-2
 -1.4700000E-2	 -5.2010000E-2
 -7.8400001E-3	 -4.3329999E-2
 -4.4499999E-3	 -3.8679998E-2
 -2.4600001E-3	 -3.6060002E-2
 -1.4299999E-3	 -3.4710001E-2
 -8.6999999E-4	 -3.3960000E-2
 -5.6999997E-4	 -3.3569999E-2
 -4.1000001E-4	 -3.3340000E-2
 -3.1000000E-4	 -3.3190001E-2
 -2.5000001E-4	 -3.3130001E-2
 -2.2000000E-4	 -3.3059999E-2
 -2.1000000E-4	 -3.3039998E-2
 -2.1000000E-4	 -3.3030000E-2
 -1.9999999E-4	 -3.3020001E-2
 -1.9999999E-4	 -3.3020001E-2
 -1.9999999E-4	 -3.3009999E-2
 -2.2000000E-4	 -3.3020001E-2
 -2.3000001E-4	 -3.3009999E-2
 -2.2000000E-4	 -3.3009999E-2
 -3.9999999E-5	 -3.2880001E-2
 7.0000002E-5	 -3.2729998E-2
 1.1000000E-4	 -3.2680001E-2
 1.3000000E-4	 -3.2630000E-2
 1.5000001E-4	 -3.2600001E-2
 1.7000000E-4	 -3.2570001E-2
 1.8000000E-4	 -3.2550000E-2
 1.9000001E-4	 -3.2540001E-2
 1.9999999E-5	 -3.2529999E-2
 -1.3000000E-4	 -3.2690000E-2
 -1.8000000E-4	 -3.2720000E-2
 -1.9000001E-4	 -3.2729998E-2
 -1.8000000E-4	 -3.2729998E-2
 -1.8000000E-4	 -3.2720000E-2
 -1.8000000E-4	 -3.2720000E-2
 -1.8000000E-4	 -3.2720000E-2
 -1.8000000E-4	 -3.2720000E-2
 -1.8000000E-4	 -3.2720000E-2
 3.9999999E-5	 -3.2609999E-2
 1.7000000E-4	 -3.2520000E-2
 1.9000001E-4	 -3.2499999E-2
 1.9000001E-4	 -3.2490000E-2
 1.9999999E-4	 -3.2490000E-2
 2.1000000E-4	 -3.2480001E-2
 2.1000000E-4	 -3.2469999E-2
 2.2000000E-4	 -3.2460000E-2
 2.1000000E-4	 -3.2450002E-2
 2.2000000E-4	 -3.2450002E-2
 2.3000001E-4	 -3.2450002E-2
 2.3000001E-4	 -3.2430001E-2
 2.3000001E-4	 -3.2430001E-2
 2.3999999E-4	 -3.2430001E-2
 2.3999999E-4	 -3.2430001E-2
 2.5000001E-4	 -3.2430001E-2
 2.5000001E-4	 -3.2430001E-2
 2.6000000E-4	 -3.2419998E-2
 2.3999999E-4	 -3.2430001E-2
 2.3000001E-4	 -3.2419998E-2
 2.3999999E-4	 -3.2410000E-2
 2.3999999E-4	 -3.2400001E-2
 2.3999999E-4	 -3.2419998E-2
 2.3999999E-4	 -3.2410000E-2
 2.3999999E-4	 -3.2419998E-2
 2.0800000E-3	 -3.0579999E-2
 1.7550001E-2	 -4.9850000E-3
 4.1850001E-2	 1.4307000E-2
 5.2250002E-2	 2.7415000E-2
 7.6980002E-2	 6.9380000E-2
 1.0474000E-1	 9.0750001E-2
 1.2256000E-1	 1.0943000E-1
 1.4207000E-1	 1.3477001E-1
 1.6749001E-1	 1.6808000E-1
 1.8813001E-1	 1.8904001E-1
 2.0603000E-1	 2.0906000E-1
 2.2276001E-1	 2.3152000E-1
 2.4336000E-1	 2.5411001E-1
 2.6078999E-1	 2.7495000E-1
 2.7570999E-1	 2.9448000E-1
 2.8773001E-1	 3.2069999E-1
 3.2690001E-1	 3.3730000E-1
 3.3780000E-1	 3.6280000E-1
 3.7810001E-1	 4.0840000E-1
 3.9989999E-1	 4.3380001E-1
 4.2500001E-1	 4.6110001E-1
 4.5190001E-1	 4.9520001E-1
 4.7799999E-1	 5.2160001E-1
 5.0250000E-1	 5.5049998E-1
 5.2270001E-1	 5.7020003E-1
 5.4170001E-1	 5.9399998E-1
 5.5930001E-1	 6.1089998E-1
 5.8579999E-1	 6.4130002E-1
 6.1799997E-1	 6.7070001E-1
 6.4649999E-1	 7.0469999E-1
 6.6750002E-1	 7.2560000E-1
 6.8989998E-1	 7.5089997E-1
 7.0670003E-1	 7.6630002E-1
 7.2109997E-1	 7.8250003E-1
 7.3320001E-1	 7.9390001E-1
 7.5770003E-1	 8.1959999E-1
 7.8399998E-1	 8.4219998E-1
 8.0589998E-1	 8.6640000E-1
 8.2260001E-1	 8.8139999E-1
 8.3789998E-1	 8.9730000E-1
 8.5180002E-1	 9.0899998E-1
 8.6430001E-1	 9.2180002E-1
 8.7430000E-1	 9.3070000E-1
 8.8999999E-1	 9.4529998E-1
 9.0310001E-1	 9.5580000E-1
 9.1540003E-1	 9.6820003E-1
 9.2659998E-1	 9.7710001E-1
 9.4940001E-1	 9.9760002E-1
 9.6929997E-1	 1.0125000E+0
 9.8600000E-1	 1.0280000E+0
 1.0010999E+0	 1.0383000E+0
 1.0192000E+0	 1.0543000E+0
 1.0369999E+0	 1.0666000E+0
 1.0488000E+0	 1.0765001E+0
 1.0548000E+0	 1.0806000E+0
 1.0616000E+0	 1.0858999E+0
 1.0651000E+0	 1.0882000E+0
 1.0689000E+0	 1.0911000E+0
 1.0730000E+0	 1.0937001E+0
 1.0818000E+0	 1.1000000E+0
 1.1097000E+0	 1.1166000E+0
 1.1439000E+0	 1.1409000E+0
 1.1714000E+0	 1.1538000E+0
 1.2002000E+0	 1.1696000E+0
 1.2162000E+0	 1.1768000E+0
 1.2279000E+0	 1.1832000E+0
 1.2359000E+0	 1.1865000E+0
 1.2492000E+0	 1.1925000E+0
 1.2675000E+0	 1.1998000E+0
 1.2869000E+0	 1.2082000E+0
 1.2987000E+0	 1.2128000E+0
 1.3242000E+0	 1.2226000E+0
 1.3530000E+0	 1.2320000E+0
 1.3764000E+0	 1.2403001E+0
 1.3870000E+0	 1.2437000E+0
 1.4129000E+0	 1.2520000E+0
 1.4367000E+0	 1.2586000E+0
 1.4526000E+0	 1.2634000E+0
 1.4593000E+0	 1.2652000E+0
 1.4713000E+0	 1.2688000E+0
 1.4798000E+0	 1.2710000E+0
 1.4883000E+0	 1.2733001E+0
 1.4921000E+0	 1.2742000E+0
 1.5056000E+0	 1.2780000E+0
 1.5350000E+0	 1.2850000E+0
 1.5560000E+0	 1.2904000E+0
 1.5634000E+0	 1.2922000E+0
 1.5740000E+0	 1.2948999E+0
 1.5998000E+0	 1.3006001E+0
 1.6208000E+0	 1.3055000E+0
 1.6358000E+0	 1.3069000E+0
 1.6525000E+0	 1.3126000E+0
 1.6919000E+0	 1.3206000E+0
 1.7137001E+0	 1.3253000E+0
 1.7214000E+0	 1.3264000E+0
 1.7634000E+0	 1.3353000E+0
 1.7888000E+0	 1.3400000E+0
 1.8103000E+0	 1.3437999E+0
 1.8159000E+0	 1.3447000E+0
 1.8430001E+0	 1.3502001E+0
 1.8652000E+0	 1.3541000E+0
 1.8806000E+0	 1.3568000E+0
 1.8843000E+0	 1.3573999E+0
 1.9018000E+0	 1.3606000E+0
 1.9364001E+0	 1.3663000E+0
 1.9606000E+0	 1.3702000E+0
 1.9644001E+0	 1.3709000E+0
 1.9794000E+0	 1.3736000E+0
 2.0014999E+0	 1.3771000E+0
 2.0292001E+0	 1.3814000E+0
 2.0332000E+0	 1.3821000E+0
 2.0390000E+0	 1.3831000E+0
 2.0476000E+0	 1.3844000E+0
 2.0764000E+0	 1.3887000E+0
 2.0824001E+0	 1.3893000E+0
 2.1122999E+0	 1.3942000E+0
 2.1277001E+0	 1.3964000E+0
 2.1329999E+0	 1.3972000E+0
 2.1370001E+0	 1.3974000E+0
 2.1563001E+0	 1.4006000E+0
 2.1671000E+0	 1.4022000E+0
 2.1747000E+0	 1.4032000E+0
 2.1782999E+0	 1.4033999E+0
 2.2037001E+0	 1.4074000E+0
 2.2272999E+0	 1.4105999E+0
 2.2365000E+0	 1.4118000E+0
 2.2400999E+0	 1.4119999E+0
 2.2600999E+0	 1.4151000E+0
 2.2730999E+0	 1.4168000E+0
 2.2753999E+0	 1.4171000E+0
 2.2774999E+0	 1.4172000E+0
 2.2915001E+0	 1.4193000E+0
 2.3008001E+0	 1.4205000E+0
 2.3120999E+0	 1.4219000E+0
 2.3150001E+0	 1.4220999E+0
 2.3350999E+0	 1.4250000E+0
 2.3606999E+0	 1.4282000E+0
 2.3712001E+0	 1.4296000E+0
 2.3754001E+0	 1.4297000E+0
 2.3919001E+0	 1.4322000E+0
 2.4219999E+0	 1.4359000E+0
 2.4289999E+0	 1.4367000E+0
 2.4330001E+0	 1.4370000E+0
 2.4377000E+0	 1.4378000E+0
 2.4475000E+0	 1.4390000E+0
 2.4675000E+0	 1.4414001E+0
 2.4813001E+0	 1.4418000E+0
 2.4951999E+0	 1.4447000E+0
 2.5211000E+0	 1.4477000E+0
 2.5638001E+0	 1.4525000E+0
 2.5850000E+0	 1.4534000E+0
 2.6101000E+0	 1.4579999E+0
 2.6442001E+0	 1.4617000E+0
 2.6675999E+0	 1.4642000E+0
 2.6724999E+0	 1.4644001E+0
 2.6963000E+0	 1.4674000E+0
 2.7040999E+0	 1.4682000E+0
 2.7456999E+0	 1.4726000E+0
 2.7565000E+0	 1.4730000E+0
 2.7646999E+0	 1.4746000E+0
 2.8268001E+0	 1.4809999E+0
 2.8355999E+0	 1.4819000E+0
 2.8474000E+0	 1.4821000E+0
 2.8601999E+0	 1.4844000E+0
 2.8689001E+0	 1.4852000E+0
 2.8699000E+0	 1.4852999E+0
 2.8720000E+0	 1.4854000E+0
 2.8735001E+0	 1.4857000E+0
 2.8903000E+0	 1.4874001E+0
 2.8966000E+0	 1.4880000E+0
 2.9091001E+0	 1.4883000E+0
 2.9198999E+0	 1.4903001E+0
 2.9268999E+0	 1.4910001E+0
 2.9300001E+0	 1.4912000E+0
 2.9310000E+0	 1.4913000E+0
 2.9317999E+0	 1.4914000E+0
 2.9317000E+0	 1.4914000E+0
 2.9317000E+0	 1.4914000E+0
 2.9316001E+0	 1.4914000E+0
 2.9317000E+0	 1.4914000E+0
 2.9317000E+0	 1.4914000E+0
 2.9317000E+0	 1.4914000E+0
 2.9316001E+0	 1.4914000E+0
 2.9316001E+0	 1.4914000E+0
 2.9317000E+0	 1.4915000E+0
 2.8594999E+0	 1.4854000E+0
 2.8206999E+0	 1.4847000E+0
 2.7997000E+0	 1.4800000E+0
 2.7635000E+0	 1.4766999E+0
 2.7307000E+0	 1.4737000E+0
 2.7190001E+0	 1.4733000E+0
 2.7109001E+0	 1.4718000E+0
 2.6770999E+0	 1.4686000E+0
 2.6417000E+0	 1.4653000E+0
 2.6112001E+0	 1.4646000E+0
 2.6012001E+0	 1.4612000E+0
 2.5829000E+0	 1.4594001E+0
 2.5743999E+0	 1.4585000E+0
 2.5555999E+0	 1.4579000E+0
 2.5441999E+0	 1.4554000E+0
 2.5185001E+0	 1.4527000E+0
 2.4921000E+0	 1.4500000E+0
 2.4725001E+0	 1.4492000E+0
 2.4568000E+0	 1.4462000E+0
 2.4403999E+0	 1.4444000E+0
 2.4316001E+0	 1.4434000E+0
 2.4226999E+0	 1.4432000E+0
 2.4170001E+0	 1.4418000E+0
 2.4038000E+0	 1.4404000E+0
 2.4001000E+0	 1.4400001E+0
 2.3905001E+0	 1.4397000E+0
 2.3822999E+0	 1.4380000E+0
 2.3657999E+0	 1.4361000E+0
 2.3576000E+0	 1.4352000E+0
 2.3506000E+0	 1.4349999E+0
 2.3477001E+0	 1.4340000E+0
 2.3315001E+0	 1.4322000E+0
 2.3111000E+0	 1.4298000E+0
 2.2944000E+0	 1.4290000E+0
 2.2846999E+0	 1.4266000E+0
 2.2751999E+0	 1.4255000E+0
 2.2599001E+0	 1.4238000E+0
 2.2476001E+0	 1.4227999E+0
 2.2406001E+0	 1.4213001E+0
 2.2274001E+0	 1.4197000E+0
 2.2119999E+0	 1.4179000E+0
 2.2033000E+0	 1.4173000E+0
 2.1998999E+0	 1.4163001E+0
 2.1928999E+0	 1.4154000E+0
 2.1777999E+0	 1.4136000E+0
 2.1738000E+0	 1.4132000E+0
 2.1721001E+0	 1.4128000E+0
 2.1584001E+0	 1.4110000E+0
 2.1405001E+0	 1.4088000E+0
 2.1273000E+0	 1.4078000E+0
 2.1208999E+0	 1.4061000E+0
 2.1097000E+0	 1.4046000E+0
 2.1015999E+0	 1.4036000E+0
 2.0964000E+0	 1.4031000E+0
 2.0955999E+0	 1.4026999E+0
 2.0792000E+0	 1.4005001E+0
 2.0441000E+0	 1.3960000E+0
 2.0211999E+0	 1.3939000E+0
 2.0100000E+0	 1.3909000E+0
 1.9950000E+0	 1.3888000E+0
 1.9892000E+0	 1.3879000E+0
 1.9834000E+0	 1.3875000E+0
 1.9806000E+0	 1.3867000E+0
 1.9651999E+0	 1.3844000E+0
 1.9593000E+0	 1.3836000E+0
 1.9335999E+0	 1.3803999E+0
 1.9311000E+0	 1.3793000E+0
 1.9032000E+0	 1.3751000E+0
 1.8922000E+0	 1.3735000E+0
 1.8762000E+0	 1.3721000E+0
 1.8699000E+0	 1.3699000E+0
 1.8446000E+0	 1.3659000E+0
 1.8422000E+0	 1.3655000E+0
 1.8408000E+0	 1.3653001E+0
 1.8404000E+0	 1.3652000E+0
 1.8115000E+0	 1.3605000E+0
 1.7880000E+0	 1.3568000E+0
 1.7755001E+0	 1.3552001E+0
 1.7683001E+0	 1.3536000E+0
 1.7618999E+0	 1.3521000E+0
 1.7383000E+0	 1.3482000E+0
 1.7144001E+0	 1.3454000E+0
 1.7043999E+0	 1.3420000E+0
 1.6723000E+0	 1.3362000E+0
 1.6533000E+0	 1.3329000E+0
 1.6460000E+0	 1.3318000E+0
 1.6432000E+0	 1.3311000E+0
 1.6372000E+0	 1.3295000E+0
 1.6233000E+0	 1.3271000E+0
 1.5933000E+0	 1.3229001E+0
 1.5707000E+0	 1.3183000E+0
 1.5447000E+0	 1.3112000E+0
 1.5147001E+0	 1.3054000E+0
 1.5009000E+0	 1.3029000E+0
 1.4918000E+0	 1.3004000E+0
 1.4814000E+0	 1.2974000E+0
 1.4651000E+0	 1.2940000E+0
 1.4481000E+0	 1.2908000E+0
 1.4328001E+0	 1.2876000E+0
 1.4100000E+0	 1.2808000E+0
 1.3730000E+0	 1.2727000E+0
 1.3214000E+0	 1.2621000E+0
 1.2766000E+0	 1.2480000E+0
 1.2268000E+0	 1.2286000E+0
 1.1522000E+0	 1.2051001E+0
 1.1071000E+0	 1.1835001E+0
 1.0605000E+0	 1.1533000E+0
 1.0441999E+0	 1.1417000E+0
 1.0364000E+0	 1.1360000E+0
 1.0280000E+0	 1.1316000E+0
 1.0131000E+0	 1.1220000E+0
 1.0009000E+0	 1.1118000E+0
 9.7509998E-1	 1.0930001E+0
 9.3970001E-1	 1.0706000E+0
 8.9289999E-1	 1.0311000E+0
 8.5200000E-1	 9.8760003E-1
 8.1770003E-1	 9.5510000E-1
 8.0309999E-1	 9.3949997E-1
 7.8850001E-1	 9.2720002E-1
 7.7280003E-1	 9.0960002E-1
 7.3329997E-1	 8.7330002E-1
 7.0569998E-1	 8.4560001E-1
 6.7159998E-1	 8.1059998E-1
 6.5020001E-1	 7.8439999E-1
 6.1229998E-1	 7.4640000E-1
 5.8289999E-1	 7.1600002E-1
 5.4350001E-1	 6.7110002E-1
 5.2780002E-1	 6.5079999E-1
 5.1630002E-1	 6.3730001E-1
 5.1230001E-1	 6.3220000E-1
 5.0840002E-1	 6.2819999E-1
 5.0430000E-1	 6.2300003E-1
 4.9730000E-1	 6.1580002E-1
 4.9230000E-1	 6.1049998E-1
 4.8570001E-1	 6.0280001E-1
 4.7960001E-1	 5.9560001E-1
 4.6980000E-1	 5.8550000E-1
 4.6129999E-1	 5.7650000E-1
 4.4830000E-1	 5.6300002E-1
 4.3650001E-1	 5.4799998E-1
 4.1650000E-1	 5.2710003E-1
 4.0400001E-1	 5.1220000E-1
 3.8810000E-1	 4.9540001E-1
 3.7419999E-1	 4.7909999E-1
 3.2490000E-1	 4.2800000E-1
 2.8160000E-1	 3.7900001E-1
 1.9439000E-1	 3.1000000E-1
 1.5917000E-1	 1.8697999E-1
 8.5620001E-2	 1.4451000E-1
 3.3459999E-2	 7.8950003E-2
 2.0169999E-2	 6.0309999E-2
 9.4400002E-3	 4.6820000E-2
 5.8700000E-3	 4.1520000E-2
 2.9200001E-3	 3.7760001E-2
 1.8300000E-3	 3.6200002E-2
 9.6999999E-4	 3.5100002E-2
 6.8000000E-4	 3.4650002E-2
 4.4999999E-4	 3.4370001E-2
 3.8000001E-4	 3.4240000E-2
 3.1000000E-4	 3.4139998E-2
 2.8000001E-4	 3.4100000E-2
 2.3999999E-4	 3.4049999E-2
 2.3000001E-4	 3.4030002E-2
 2.2000000E-4	 3.4000002E-2
 2.2000000E-4	 3.3980001E-2
 1.9999999E-5	 3.3790000E-2
 -7.9999998E-5	 3.3670001E-2
 -1.4000000E-4	 3.3580001E-2
 -1.6000000E-4	 3.3550002E-2
 -1.6000000E-4	 3.3530001E-2
 -1.7000000E-4	 3.3510000E-2
 -1.9000001E-4	 3.3489998E-2
 -1.8000000E-4	 3.3480000E-2
 -1.7000000E-4	 3.3489998E-2
 -1.6000000E-4	 3.3480000E-2
 -1.9000001E-4	 3.3470001E-2
 -1.9000001E-4	 3.3459999E-2
 -1.9999999E-4	 3.3450000E-2
 -1.9999999E-4	 3.3440001E-2
 -1.9999999E-4	 3.3429999E-2
 -2.1000000E-4	 3.3420000E-2
 -2.1000000E-4	 3.3410002E-2
 -1.9999999E-5	 3.3510000E-2
 9.0000001E-5	 3.3569999E-2
 1.4000000E-4	 3.3590000E-2
 1.8000000E-4	 3.3599999E-2
 1.8000000E-4	 3.3620000E-2
 1.8000000E-4	 3.3610001E-2
 1.8000000E-4	 3.3620000E-2
 1.8000000E-4	 3.3610001E-2
 1.8000000E-4	 3.3629999E-2
 1.8000000E-4	 3.3610001E-2
 -9.9999997E-5	 3.3470001E-2
 -1.9000001E-4	 3.3410002E-2
 -2.1000000E-4	 3.3380002E-2
 -2.1000000E-4	 3.3390000E-2
 -1.9000001E-4	 3.3390000E-2
 -2.1000000E-4	 3.3369999E-2
 -1.9999999E-4	 3.3369999E-2
 -1.9999999E-4	 3.3380002E-2
 -1.9999999E-4	 3.3360001E-2
 -2.1000000E-4	 3.3349998E-2
 -2.2000000E-4	 3.3349998E-2
 -2.1000000E-4	 3.3369999E-2
 -2.1000000E-4	 3.3360001E-2
 -2.3000001E-4	 3.3349998E-2
 -2.2000000E-4	 3.3340000E-2
 -2.2000000E-4	 3.3340000E-2
 -2.1000000E-4	 3.3349998E-2
 -2.2000000E-4	 3.3340000E-2
 -2.1000000E-4	 3.3340000E-2
 -2.3000001E-4	 3.3340000E-2
 -2.3999999E-4	 3.3330001E-2
 -2.3000001E-4	 3.3330001E-2
 -2.3000001E-4	 3.3319999E-2
 -1.0800000E-3	 3.2609999E-2
 -2.5800001E-3	 3.1470001E-2
 -2.3680000E-2	 -7.5730002E-3
 -5.1580001E-2	 -2.5611000E-2
 -7.3670000E-2	 -6.9959998E-2
 -1.1257000E-1	 -9.4910003E-2
 -1.3519000E-1	 -1.2526000E-1
 -1.7264000E-1	 -1.6654000E-1
 -2.1049000E-1	 -2.1252000E-1
 -2.3411000E-1	 -2.4180000E-1
 -2.5799000E-1	 -2.7067000E-1
 -2.7228001E-1	 -2.8794000E-1
 -2.8911999E-1	 -3.1729999E-1
 -3.1490001E-1	 -3.2800001E-1
 -3.2449999E-1	 -3.4869999E-1
 -3.3370000E-1	 -3.5949999E-1
 -3.4750000E-1	 -3.7349999E-1
 -3.6030000E-1	 -3.8870001E-1
 -3.8090000E-1	 -4.1240001E-1
 -3.9370000E-1	 -4.2739999E-1
 -4.0300000E-1	 -4.3869999E-1
 -4.0779999E-1	 -4.4389999E-1
 -4.1290000E-1	 -4.5019999E-1
 -4.3070000E-1	 -4.6790001E-1
 -4.6270001E-1	 -4.9980000E-1
 -4.8640001E-1	 -5.2859998E-1
 -5.0999999E-1	 -5.5650002E-1
 -5.2090001E-1	 -5.6940001E-1
 -5.3439999E-1	 -5.8319998E-1
 -5.4479998E-1	 -5.9520000E-1
 -5.6309998E-1	 -6.1479998E-1
 -5.7609999E-1	 -6.2910002E-1
 -5.8829999E-1	 -6.4219999E-1
 -5.9530002E-1	 -6.5030003E-1
 -6.0450000E-1	 -6.6020000E-1
 -6.0829997E-1	 -6.6490000E-1
 -6.1290002E-1	 -6.6949999E-1
 -6.1650002E-1	 -6.7320001E-1
 -6.2480003E-1	 -6.8199998E-1
 -6.3120002E-1	 -6.8879998E-1
 -6.3660002E-1	 -6.9470000E-1
 -6.3970000E-1	 -6.9809997E-1
 -6.4630002E-1	 -7.0490003E-1
 -6.5530002E-1	 -7.1350002E-1
 -6.7119998E-1	 -7.2820002E-1
 -6.8260002E-1	 -7.4190003E-1
 -6.9190001E-1	 -7.5190002E-1
 -7.0179999E-1	 -7.6150000E-1
 -7.1259999E-1	 -7.7260000E-1
 -7.2009999E-1	 -7.8020000E-1
 -7.3869997E-1	 -7.9890001E-1
 -7.5779998E-1	 -8.1750000E-1
 -7.7880001E-1	 -8.3730000E-1
 -7.9229999E-1	 -8.5100001E-1
 -8.1870002E-1	 -8.7669998E-1
 -8.3810002E-1	 -8.9529997E-1
 -8.6479998E-1	 -9.1850001E-1
 -8.8440001E-1	 -9.3730003E-1
 -9.0979999E-1	 -9.6100003E-1
 -9.3629998E-1	 -9.8369998E-1
 -9.6649998E-1	 -1.0080000E+0
 -9.8460001E-1	 -1.0242000E+0
 -1.0161000E+0	 -1.0498000E+0
 -1.0433000E+0	 -1.0699000E+0
 -1.0740000E+0	 -1.0911000E+0
 -1.0925000E+0	 -1.1040000E+0
 -1.1286000E+0	 -1.1284000E+0
 -1.1676000E+0	 -1.1501000E+0
 -1.2100000E+0	 -1.1711000E+0
 -1.2308000E+0	 -1.1824000E+0
 -1.2618001E+0	 -1.1973000E+0
 -1.2930000E+0	 -1.2099000E+0
 -1.3138000E+0	 -1.2175000E+0
 -1.3219000E+0	 -1.2204000E+0
 -1.3440000E+0	 -1.2291000E+0
 -1.3780000E+0	 -1.2400000E+0
 -1.4090000E+0	 -1.2492000E+0
 -1.4202000E+0	 -1.2525001E+0
 -1.4421999E+0	 -1.2602000E+0
 -1.4763000E+0	 -1.2693000E+0
 -1.5064000E+0	 -1.2769001E+0
 -1.5166000E+0	 -1.2792000E+0
 -1.5431000E+0	 -1.2869999E+0
 -1.5769000E+0	 -1.2948000E+0
 -1.6048000E+0	 -1.3010000E+0
 -1.6138000E+0	 -1.3025000E+0
 -1.6433001E+0	 -1.3102000E+0
 -1.6894000E+0	 -1.3197000E+0
 -1.7424999E+0	 -1.3298000E+0
 -1.7552000E+0	 -1.3320000E+0
 -1.7823000E+0	 -1.3385000E+0
 -1.8259000E+0	 -1.3465000E+0
 -1.8375000E+0	 -1.3487000E+0
 -1.8473001E+0	 -1.3490000E+0
 -1.8735000E+0	 -1.3552999E+0
 -1.9165000E+0	 -1.3626000E+0
 -1.9450001E+0	 -1.3672000E+0
 -1.9560000E+0	 -1.3679000E+0
 -1.9794000E+0	 -1.3732001E+0
 -2.0160999E+0	 -1.3789999E+0
 -2.0523000E+0	 -1.3843000E+0
 -2.0627999E+0	 -1.3851000E+0
 -2.0897999E+0	 -1.3904001E+0
 -2.1235001E+0	 -1.3954000E+0
 -2.1677999E+0	 -1.4017000E+0
 -2.1839001E+0	 -1.4022000E+0
 -2.2172000E+0	 -1.4088000E+0
 -2.2641001E+0	 -1.4151000E+0
 -2.3004000E+0	 -1.4197000E+0
 -2.3023000E+0	 -1.4201000E+0
 -2.3052001E+0	 -1.4206001E+0
 -2.3218000E+0	 -1.4227000E+0
 -2.3253000E+0	 -1.4232000E+0
 -2.3527000E+0	 -1.4236000E+0
 -2.3959999E+0	 -1.4322000E+0
 -2.4504001E+0	 -1.4388000E+0
 -2.4616001E+0	 -1.4402000E+0
 -2.4663000E+0	 -1.4403000E+0
 -2.4712999E+0	 -1.4414001E+0
 -2.4967999E+0	 -1.4444000E+0
 -2.5097001E+0	 -1.4459000E+0
 -2.5150001E+0	 -1.4460000E+0
 -2.5232000E+0	 -1.4476000E+0
 -2.5248001E+0	 -1.4477000E+0
 -2.5423999E+0	 -1.4497000E+0
 -2.5559001E+0	 -1.4500000E+0
 -2.5711000E+0	 -1.4531000E+0
 -2.6027000E+0	 -1.4566000E+0
 -2.6254001E+0	 -1.4591000E+0
 -2.6310999E+0	 -1.4593000E+0
 -2.6387000E+0	 -1.4606000E+0
 -2.6675999E+0	 -1.4638000E+0
 -2.6724000E+0	 -1.4643000E+0
 -2.6798000E+0	 -1.4644001E+0
 -2.7000000E+0	 -1.4661000E+0
 -2.7158999E+0	 -1.4690000E+0
 -2.7553999E+0	 -1.4730999E+0
 -2.7779000E+0	 -1.4735000E+0
 -2.7983999E+0	 -1.4776000E+0
 -2.8224001E+0	 -1.4801000E+0
 -2.8348000E+0	 -1.4813000E+0
 -2.8361001E+0	 -1.4814000E+0
 -2.8371999E+0	 -1.4816000E+0
 -2.8399999E+0	 -1.4819000E+0
 -2.9092000E+0	 -1.4886000E+0
 -2.9268000E+0	 -1.4890000E+0
 -2.9435000E+0	 -1.4921000E+0
 -2.9433999E+0	 -1.4920000E+0
 -2.9437001E+0	 -1.4921000E+0
 -2.9440999E+0	 -1.4921000E+0
 -2.9440999E+0	 -1.4922000E+0
 -2.9440999E+0	 -1.4922000E+0
 -2.9442000E+0	 -1.4922000E+0
 -2.9442000E+0	 -1.4922000E+0
 -2.9442000E+0	 -1.4922000E+0
 -2.9442000E+0	 -1.4922000E+0
 -2.9442000E+0	 -1.4922000E+0
 -2.9442000E+0	 -1.4922000E+0
 -2.9442000E+0	 -1.4922000E+0
 -2.9442000E+0	 -1.4922000E+0
 -2.9442000E+0	 -1.4922000E+0
 -2.9442000E+0	 -1.4922000E+0
 -2.9442000E+0	 -1.4922000E+0
 -2.9442000E+0	 -1.4922000E+0
 -2.9442000E+0	 -1.4922000E+0
 -2.9221001E+0	 -1.4918000E+0
 -2.8690000E+0	 -1.4891000E+0
 -2.8308001E+0	 -1.4825000E+0
 -2.7442999E+0	 -1.4747000E+0
 -2.7093999E+0	 -1.4732000E+0
 -2.6691000E+0	 -1.4690000E+0
 -2.6498001E+0	 -1.4656000E+0
 -2.6257999E+0	 -1.4633000E+0
 -2.6133001E+0	 -1.4630001E+0
 -2.5962000E+0	 -1.4608999E+0
 -2.5853000E+0	 -1.4592000E+0
 -2.5466001E+0	 -1.4553000E+0
 -2.5142000E+0	 -1.4548000E+0
 -2.4935000E+0	 -1.4506000E+0
 -2.4781001E+0	 -1.4481000E+0
 -2.4563000E+0	 -1.4457999E+0
 -2.4426999E+0	 -1.4453000E+0
 -2.4258001E+0	 -1.4432000E+0
 -2.4117000E+0	 -1.4409000E+0
 -2.3998001E+0	 -1.4396000E+0
 -2.3894999E+0	 -1.4390000E+0
 -2.3743999E+0	 -1.4376000E+0
 -2.3638999E+0	 -1.4355000E+0
 -2.3304999E+0	 -1.4317000E+0
 -2.3006001E+0	 -1.4306999E+0
 -2.2539999E+0	 -1.4250000E+0
 -2.2119000E+0	 -1.4174000E+0
 -2.1414001E+0	 -1.4086000E+0
 -2.1041999E+0	 -1.4074000E+0
 -2.0467000E+0	 -1.3990000E+0
 -2.0049000E+0	 -1.3898000E+0
 -1.9351000E+0	 -1.3799000E+0
 -1.8978000E+0	 -1.3784000E+0
 -1.8464000E+0	 -1.3688999E+0
 -1.7977000E+0	 -1.3579000E+0
 -1.7026000E+0	 -1.3421000E+0
 -1.6683000E+0	 -1.3393000E+0
 -1.6058000E+0	 -1.3274000E+0
 -1.5387000E+0	 -1.3099000E+0
 -1.4818000E+0	 -1.2980000E+0
 -1.4515001E+0	 -1.2948999E+0
 -1.3889000E+0	 -1.2789000E+0
 -1.3279999E+0	 -1.2595000E+0
 -1.2750000E+0	 -1.2448000E+0
 -1.2520000E+0	 -1.2402000E+0
 -1.1862000E+0	 -1.2211000E+0
 -1.0977000E+0	 -1.1762000E+0
 -9.7049999E-1	 -1.1059999E+0
 -9.0549999E-1	 -1.0526000E+0
 -7.5070000E-1	 -9.1500002E-1
 -6.6000003E-1	 -8.0269998E-1
 -5.2689999E-1	 -6.7610002E-1
 -4.4670001E-1	 -5.8829999E-1
 -2.7020001E-1	 -3.9140001E-1
 -1.1254000E-1	 -1.8153000E-1
 -6.3910000E-2	 -1.1817000E-1
 -4.1000001E-2	 -8.5220002E-2
 -2.1090001E-2	 -6.2859997E-2
 -1.3140000E-2	 -5.0319999E-2
 -6.1699999E-3	 -4.1560002E-2
 -3.9200000E-3	 -3.7889998E-2
 -1.9400000E-3	 -3.5429999E-2
 -1.2900000E-3	 -3.4359999E-2
 -7.2000001E-4	 -3.3650000E-2
 -5.5000000E-4	 -3.3340000E-2
 -3.9000000E-4	 -3.3140000E-2
 -3.3000001E-4	 -3.3039998E-2
 -2.8000001E-4	 -3.2960001E-2
 -2.6000000E-4	 -3.2919999E-2
 -1.6000000E-4	 -3.2900002E-2
 -3.9999999E-5	 -3.2680001E-2
 7.9999998E-5	 -3.2540001E-2
 1.1000000E-4	 -3.2480001E-2
 1.3000000E-4	 -3.2430001E-2
 1.5000001E-4	 -3.2419998E-2
 1.5000001E-4	 -3.2400001E-2
 1.6000000E-4	 -3.2370001E-2
 1.6000000E-4	 -3.2350000E-2
 1.7000000E-4	 -3.2350000E-2
 1.6000000E-4	 -3.2340001E-2
 1.6000000E-4	 -3.2340001E-2
 1.8000000E-4	 -3.2320000E-2
 1.9000001E-4	 -3.2320000E-2
 1.7000000E-4	 -3.2320000E-2
 1.7000000E-4	 -3.2320000E-2
 1.7000000E-4	 -3.2310002E-2
 1.7000000E-4	 -3.2299999E-2
 1.8000000E-4	 -3.2299999E-2
 1.6000000E-4	 -3.2310002E-2
 1.6000000E-4	 -3.2320000E-2
 1.7000000E-4	 -3.2299999E-2
 1.7000000E-4	 -3.2310002E-2
 1.6000000E-4	 -3.2310002E-2
 1.6000000E-4	 -3.2310002E-2
 1.6000000E-4	 -3.2310002E-2
 1.5000001E-4	 -3.2299999E-2
 1.7000000E-4	 -3.2299999E-2
 1.7000000E-4	 -3.2290000E-2
 1.8000000E-4	 -3.2290000E-2
 1.6000000E-4	 -3.2290000E-2
 1.8000000E-4	 -3.2290000E-2
 1.7000000E-4	 -3.2290000E-2
 1.7000000E-4	 -3.2290000E-2
 1.8000000E-4	 -3.2280002E-2
 1.8000000E-4	 -3.2260001E-2
 1.8000000E-4	 -3.2260001E-2
 1.8000000E-4	 -3.2249998E-2
 1.9999999E-4	 -3.2219999E-2
 1.8000000E-4	 -3.2230001E-2
 1.7000000E-4	 -3.2230001E-2
 1.7000000E-4	 -3.2230001E-2
 1.8000000E-4	 -3.2219999E-2
 1.9000001E-4	 -3.2230001E-2
 1.8000000E-4	 -3.2230001E-2
 1.8000000E-4	 -3.2230001E-2
 1.9000001E-4	 -3.2219999E-2
 1.8000000E-4	 -3.2219999E-2
 1.6000000E-4	 -3.2230001E-2
 1.6000000E-4	 -3.2219999E-2
 1.8000000E-4	 -3.2210000E-2
 1.8000000E-4	 -3.2210000E-2
