12/12/200518:30I (A)          B (T)      -1.9999999E-4	 -1.6176000E-1
 -1.7000000E-4	 -1.6176000E-1
 -1.9999999E-4	 -1.6176000E-1
 -1.9999999E-4	 -1.6176000E-1
 -2.1000000E-4	 -1.6176000E-1
 -1.9999999E-4	 -1.6175000E-1
 -1.9999999E-4	 -1.6175000E-1
 -2.1000000E-4	 -1.6176000E-1
 -2.3000001E-4	 -1.6177000E-1
 -1.9999999E-4	 -1.6176000E-1
 -1.8000000E-4	 -1.6175000E-1
 -1.9000001E-4	 -1.6176000E-1
 -1.8000000E-4	 -1.6175000E-1
 1.2000000E-4	 -1.6171999E-1
 2.1000000E-4	 -1.6170000E-1
 2.3999999E-4	 -1.6169000E-1
 2.3000001E-4	 -1.6169000E-1
 2.2000000E-4	 -1.6169000E-1
 1.9999999E-4	 -1.6169000E-1
 2.2000000E-4	 -1.6170000E-1
 2.2000000E-4	 -1.6169000E-1
 2.3000001E-4	 -1.6169000E-1
 2.1000000E-4	 -1.6169000E-1
 1.9999999E-4	 -1.6168000E-1
 2.1000000E-4	 -1.6168000E-1
 2.3000001E-4	 -1.6167000E-1
 2.5000001E-4	 -1.6167000E-1
 1.9999999E-4	 -1.6167000E-1
 2.2000000E-4	 -1.6167000E-1
 2.1000000E-4	 -1.6167000E-1
 2.1000000E-4	 -1.6167000E-1
 2.2000000E-4	 -1.6167000E-1
 1.9999999E-4	 -1.6167000E-1
 1.9999999E-4	 -1.6167000E-1
 1.9999999E-4	 -1.6167000E-1
 1.9999999E-4	 -1.6167000E-1
 1.9999999E-4	 -1.6167000E-1
 1.9999999E-4	 -1.6167000E-1
 1.9999999E-4	 -1.6167000E-1
 2.1000000E-4	 -1.6166000E-1
 2.2000000E-4	 -1.6166000E-1
 2.1000000E-4	 -1.6167000E-1
 2.1000000E-4	 -1.6167000E-1
 2.1000000E-4	 -1.6166000E-1
 1.9999999E-4	 -1.6166000E-1
 2.1000000E-4	 -1.6167000E-1
 1.9999999E-4	 -1.6166000E-1
 2.3000001E-4	 -1.6166000E-1
 2.3000001E-4	 -1.6166000E-1
 1.9999999E-4	 -1.6167000E-1
 2.3999999E-4	 -1.6165000E-1
 2.2499999E-3	 -1.6107000E-1
 7.3799998E-3	 -1.5961000E-1
 1.7069999E-2	 -1.5233000E-1
 2.9549999E-2	 -1.4271000E-1
 4.3770000E-2	 -1.3157000E-1
 5.5229999E-2	 -1.2392000E-1
 6.9030002E-2	 -1.1119000E-1
 8.2300000E-2	 -1.0020000E-1
 9.4839998E-2	 -8.9400001E-2
 1.0249000E-1	 -8.3020002E-2
 1.0844000E-1	 -7.6660000E-2
 1.1284000E-1	 -7.2789997E-2
 1.1856000E-1	 -6.8310000E-2
 1.2415000E-1	 -6.4839996E-2
 1.3167000E-1	 -5.8079999E-2
 1.3862000E-1	 -5.2170001E-2
 1.4745000E-1	 -4.5079999E-2
 1.5636000E-1	 -3.9620001E-2
 1.6791999E-1	 -2.9100001E-2
 1.7994000E-1	 -1.5506000E-2
 1.9111000E-1	 -9.9950004E-3
 1.9622000E-1	 -5.7709999E-3
 2.0068000E-1	 -1.0070000E-3
 2.0540000E-1	 2.8110000E-3
 2.1037000E-1	 6.8600001E-3
 2.1444000E-1	 9.5969997E-3
 2.2011000E-1	 1.3938000E-2
 2.3005000E-1	 2.1330999E-2
 2.3961000E-1	 2.8436000E-2
 2.4661000E-1	 3.8789999E-2
 2.6298001E-1	 4.4089999E-2
 2.7325001E-1	 5.4380000E-2
 2.8511000E-1	 6.4089999E-2
 2.9177999E-1	 6.9229998E-2
 2.9771999E-1	 7.4490003E-2
 3.0281001E-1	 7.8709997E-2
 3.1420001E-1	 8.3679996E-2
 3.2100001E-1	 9.1899998E-2
 3.3460000E-1	 1.0177000E-1
 3.4760001E-1	 1.1067000E-1
 3.5630000E-1	 1.1678000E-1
 3.6469999E-1	 1.2362000E-1
 3.7149999E-1	 1.2875000E-1
 3.8130000E-1	 1.3507000E-1
 3.9140001E-1	 1.3995001E-1
 4.0320000E-1	 1.4960000E-1
 4.1310000E-1	 1.5643001E-1
 4.2170000E-1	 1.6247000E-1
 4.2760000E-1	 1.6593000E-1
 4.3279999E-1	 1.7028999E-1
 4.3590000E-1	 1.7264000E-1
 4.4470000E-1	 1.7727999E-1
 4.5260000E-1	 1.8143000E-1
 4.6039999E-1	 1.8746001E-1
 4.6410000E-1	 1.9025999E-1
 4.6830001E-1	 1.9289000E-1
 4.7279999E-1	 1.9483000E-1
 4.7860000E-1	 1.9859999E-1
 4.8510000E-1	 2.0269001E-1
 4.9590001E-1	 2.0851000E-1
 5.0440001E-1	 2.1283001E-1
 5.1670003E-1	 2.1855000E-1
 5.2350003E-1	 2.2469001E-1
 5.3230000E-1	 2.2984999E-1
 5.4189998E-1	 2.3343000E-1
 5.5330002E-1	 2.4085000E-1
 5.6080002E-1	 2.4552000E-1
 5.7130003E-1	 2.5084999E-1
 5.7990003E-1	 2.5446001E-1
 5.8840001E-1	 2.5975999E-1
 5.9500003E-1	 2.6365000E-1
 6.0500002E-1	 2.6833999E-1
 6.1430001E-1	 2.7246001E-1
 6.2279999E-1	 2.7742001E-1
 6.2620002E-1	 2.7958000E-1
 6.2870002E-1	 2.8103000E-1
 6.3180000E-1	 2.8193000E-1
 6.3650000E-1	 2.8386000E-1
 6.4450002E-1	 2.8771999E-1
 6.5270001E-1	 2.9163000E-1
 6.5899998E-1	 2.9420999E-1
 6.6500002E-1	 2.9730999E-1
 6.6979998E-1	 2.9993999E-1
 6.7600000E-1	 3.0258000E-1
 6.8320000E-1	 3.0730000E-1
 6.9559997E-1	 3.0950001E-1
 7.0160002E-1	 3.1340000E-1
 7.1010000E-1	 3.1690001E-1
 7.1429998E-1	 3.1880000E-1
 7.1820003E-1	 3.2049999E-1
 7.2130001E-1	 3.2240000E-1
 7.2659999E-1	 3.2429999E-1
 7.3210001E-1	 3.2600001E-1
 7.3879999E-1	 3.2870001E-1
 7.4680001E-1	 3.3239999E-1
 7.6239997E-1	 3.3800000E-1
 7.7689999E-1	 3.4230000E-1
 7.9030001E-1	 3.4900001E-1
 7.9540002E-1	 3.5170001E-1
 8.0059999E-1	 3.5360000E-1
 8.0489999E-1	 3.5490000E-1
 8.0930001E-1	 3.5659999E-1
 8.1300002E-1	 3.5839999E-1
 8.1819999E-1	 3.6000001E-1
 8.2230002E-1	 3.6129999E-1
 8.2810003E-1	 3.6300001E-1
 8.3080000E-1	 3.6489999E-1
 8.3579999E-1	 3.6649999E-1
 8.3890003E-1	 3.6750001E-1
 8.4160000E-1	 3.6860001E-1
 8.4429997E-1	 3.6980000E-1
 8.4869999E-1	 3.7110001E-1
 8.5200000E-1	 3.7210000E-1
 8.5820001E-1	 3.7329999E-1
 8.6199999E-1	 3.7570000E-1
 8.6960000E-1	 3.7799999E-1
 8.7279999E-1	 3.7930000E-1
 8.7589997E-1	 3.8029999E-1
 8.7910002E-1	 3.8170001E-1
 8.8239998E-1	 3.8280001E-1
 8.8609999E-1	 3.8370001E-1
 8.9050001E-1	 3.8499999E-1
 8.9469999E-1	 3.8690001E-1
 9.0069997E-1	 3.8859999E-1
 9.0429997E-1	 3.8960001E-1
 9.1000003E-1	 3.9089999E-1
 9.1280001E-1	 3.9280000E-1
 9.1939998E-1	 3.9469999E-1
 9.2650002E-1	 3.9629999E-1
 9.3239999E-1	 3.9850000E-1
 9.3390000E-1	 3.9960000E-1
 9.3620002E-1	 4.0030000E-1
 9.3849999E-1	 4.0090001E-1
 9.4239998E-1	 4.0160000E-1
 9.4440001E-1	 4.0279999E-1
 9.4880003E-1	 4.0400001E-1
 9.5410001E-1	 4.0529999E-1
 9.5749998E-1	 4.0680000E-1
 9.5779997E-1	 4.0709999E-1
 9.6780002E-1	 4.0740001E-1
 9.7579998E-1	 4.1200000E-1
 9.7990000E-1	 4.1350001E-1
 9.8449999E-1	 4.1450000E-1
 9.9089998E-1	 4.1580001E-1
 9.9400002E-1	 4.1760001E-1
 1.0036000E+0	 4.1999999E-1
 1.0096000E+0	 4.2170000E-1
 1.0189000E+0	 4.2340001E-1
 1.0238000E+0	 4.2609999E-1
 1.0360000E+0	 4.2910001E-1
 1.0416000E+0	 4.3079999E-1
 1.0482000E+0	 4.3210000E-1
 1.0511000E+0	 4.3380001E-1
 1.0603000E+0	 4.3599999E-1
 1.0649000E+0	 4.3720001E-1
 1.0699000E+0	 4.3840000E-1
 1.0719000E+0	 4.3950000E-1
 1.0818000E+0	 4.4170001E-1
 1.0874000E+0	 4.4310001E-1
 1.0941000E+0	 4.4440001E-1
 1.0971000E+0	 4.4610000E-1
 1.1070000E+0	 4.4830000E-1
 1.1137000E+0	 4.4990000E-1
 1.1220000E+0	 4.5140001E-1
 1.1256000E+0	 4.5339999E-1
 1.1319000E+0	 4.5490000E-1
 1.1394000E+0	 4.5620000E-1
 1.1497000E+0	 4.5809999E-1
 1.1540999E+0	 4.6050000E-1
 1.1625000E+0	 4.6239999E-1
 1.1666000E+0	 4.6340001E-1
 1.1720999E+0	 4.6419999E-1
 1.1745000E+0	 4.6560001E-1
 1.1870000E+0	 4.6810001E-1
 1.1944000E+0	 4.6970001E-1
 1.2007000E+0	 4.7130001E-1
 1.2025000E+0	 4.7229999E-1
 1.2076000E+0	 4.7330001E-1
 1.2144001E+0	 4.7450000E-1
 1.2198000E+0	 4.7580001E-1
 1.2213000E+0	 4.7659999E-1
 1.2259001E+0	 4.7760001E-1
 1.2305000E+0	 4.7839999E-1
 1.2323000E+0	 4.7920001E-1
 1.2323999E+0	 4.7929999E-1
 1.2325000E+0	 4.7940001E-1
 1.2325000E+0	 4.7940001E-1
 1.2348000E+0	 4.7950000E-1
 1.2357000E+0	 4.7999999E-1
 1.2404000E+0	 4.8089999E-1
 1.2446001E+0	 4.8159999E-1
 1.2524000E+0	 4.8240000E-1
 1.2563000E+0	 4.8449999E-1
 1.2618001E+0	 4.8570001E-1
 1.2650000E+0	 4.8629999E-1
 1.2696000E+0	 4.8699999E-1
 1.2716000E+0	 4.8800001E-1
 1.2858000E+0	 4.9070001E-1
 1.2962000E+0	 4.9250001E-1
 1.3035001E+0	 4.9419999E-1
 1.3056999E+0	 4.9540001E-1
 1.3089000E+0	 4.9599999E-1
 1.3133000E+0	 4.9669999E-1
 1.3171999E+0	 4.9739999E-1
 1.3185000E+0	 4.9810001E-1
 1.3242000E+0	 4.9919999E-1
 1.3297000E+0	 5.0010002E-1
 1.3369000E+0	 5.0099999E-1
 1.3398000E+0	 5.0250000E-1
 1.3455000E+0	 5.0360000E-1
 1.3502001E+0	 5.0449997E-1
 1.3566000E+0	 5.0520003E-1
 1.3591000E+0	 5.0650001E-1
 1.3635000E+0	 5.0739998E-1
 1.3669000E+0	 5.0790000E-1
 1.3796999E+0	 5.0870001E-1
 1.3864000E+0	 5.1190001E-1
 1.3907000E+0	 5.1289999E-1
 1.3924000E+0	 5.1330000E-1
 1.3936000E+0	 5.1349998E-1
 1.3940001E+0	 5.1370001E-1
 1.3959000E+0	 5.1400000E-1
 1.3976001E+0	 5.1429999E-1
 1.4054000E+0	 5.1470000E-1
 1.4092000E+0	 5.1660001E-1
 1.4225000E+0	 5.1889998E-1
 1.4270999E+0	 5.1980001E-1
 1.4293000E+0	 5.2039999E-1
 1.4296000E+0	 5.2069998E-1
 1.4377000E+0	 5.2200001E-1
 1.4450001E+0	 5.2319998E-1
 1.4511000E+0	 5.2410001E-1
 1.4529999E+0	 5.2509999E-1
 1.4591000E+0	 5.2620000E-1
 1.4663000E+0	 5.2719998E-1
 1.4708000E+0	 5.2819997E-1
 1.4720000E+0	 5.2869999E-1
 1.4790000E+0	 5.2990001E-1
 1.4861000E+0	 5.3090000E-1
 1.4960999E+0	 5.3219998E-1
 1.4998000E+0	 5.3380001E-1
 1.5091000E+0	 5.3530002E-1
 1.5127000E+0	 5.3600001E-1
 1.5146000E+0	 5.3649998E-1
 1.5150000E+0	 5.3670001E-1
 1.5167000E+0	 5.3700000E-1
 1.5208000E+0	 5.3750002E-1
 1.5240999E+0	 5.3799999E-1
 1.5247999E+0	 5.3839999E-1
 1.5265000E+0	 5.3880000E-1
 1.5283999E+0	 5.3899997E-1
 1.5305001E+0	 5.3930002E-1
 1.5310000E+0	 5.3960001E-1
 1.5383000E+0	 5.4079998E-1
 1.5520000E+0	 5.4259998E-1
 1.5602000E+0	 5.4420000E-1
 1.5623000E+0	 5.4509997E-1
 1.5666000E+0	 5.4579997E-1
 1.5790000E+0	 5.4740000E-1
 1.5895000E+0	 5.4900002E-1
 1.5928000E+0	 5.5040002E-1
 1.5979000E+0	 5.5129999E-1
 1.5997000E+0	 5.5159998E-1
 1.6007000E+0	 5.5180001E-1
 1.6010000E+0	 5.5190003E-1
 1.5994999E+0	 5.5180001E-1
 1.5989000E+0	 5.5180001E-1
 1.5991000E+0	 5.5180001E-1
 1.5990000E+0	 5.5180001E-1
 1.5996000E+0	 5.5190003E-1
 1.6075000E+0	 5.5269998E-1
 1.6316000E+0	 5.5460000E-1
 1.6413000E+0	 5.5849999E-1
 1.6529000E+0	 5.6050003E-1
 1.6909000E+0	 5.6510001E-1
 1.7082000E+0	 5.6860000E-1
 1.7119000E+0	 5.7020003E-1
 1.7234000E+0	 5.7190001E-1
 1.7329000E+0	 5.7309997E-1
 1.7392000E+0	 5.7400000E-1
 1.7408000E+0	 5.7480001E-1
 1.7615000E+0	 5.7779998E-1
 1.7754000E+0	 5.7969999E-1
 1.7818000E+0	 5.8080000E-1
 1.7830000E+0	 5.8139998E-1
 1.7895000E+0	 5.8230001E-1
 1.7910000E+0	 5.8260000E-1
 1.8038000E+0	 5.8329999E-1
 1.8083000E+0	 5.8520001E-1
 1.8214000E+0	 5.8710003E-1
 1.8344001E+0	 5.8870000E-1
 1.8482000E+0	 5.9009999E-1
 1.8523000E+0	 5.9170002E-1
 1.8726000E+0	 5.9450001E-1
 1.8921000E+0	 5.9689999E-1
 1.9016000E+0	 5.9850001E-1
 1.9037000E+0	 5.9920001E-1
 1.9127001E+0	 6.0049999E-1
 1.9302000E+0	 6.0240000E-1
 1.9505000E+0	 6.0450000E-1
 1.9559000E+0	 6.0659999E-1
 1.9797000E+0	 6.0979998E-1
 2.0041001E+0	 6.1250001E-1
 2.0129001E+0	 6.1409998E-1
 2.0144000E+0	 6.1470002E-1
 2.0167999E+0	 6.1510003E-1
 2.0206001E+0	 6.1549997E-1
 2.0325000E+0	 6.1619997E-1
 2.0357001E+0	 6.1760002E-1
 2.0597999E+0	 6.2059999E-1
 2.0662999E+0	 6.2140000E-1
 2.0724001E+0	 6.2210000E-1
 2.0739999E+0	 6.2269998E-1
 2.0859001E+0	 6.2419999E-1
 2.0892999E+0	 6.2459999E-1
 2.0925000E+0	 6.2489998E-1
 2.0932000E+0	 6.2519997E-1
 2.0955999E+0	 6.2550002E-1
 2.0991001E+0	 6.2580001E-1
 2.1034000E+0	 6.2620002E-1
 2.1043999E+0	 6.2669998E-1
 2.1154001E+0	 6.2800002E-1
 2.1261001E+0	 6.2919998E-1
 2.1293001E+0	 6.2970001E-1
 2.1296999E+0	 6.2989998E-1
 2.1345000E+0	 6.3050002E-1
 2.1434000E+0	 6.3139999E-1
 2.1501000E+0	 6.3209999E-1
 2.1514001E+0	 6.3270003E-1
 2.1568000E+0	 6.3330001E-1
 2.1622000E+0	 6.3389999E-1
 2.1731000E+0	 6.3480002E-1
 2.1759000E+0	 6.3569999E-1
 2.1833999E+0	 6.3669997E-1
 2.1903999E+0	 6.3739997E-1
 2.1997001E+0	 6.3819999E-1
 2.2019000E+0	 6.3900000E-1
 2.2091999E+0	 6.3990003E-1
 2.2177999E+0	 6.4069998E-1
 2.2298999E+0	 6.4170003E-1
 2.2327001E+0	 6.4279997E-1
 2.2381001E+0	 6.4349997E-1
 2.2409999E+0	 6.4380002E-1
 2.2448001E+0	 6.4410001E-1
 2.2456000E+0	 6.4440000E-1
 2.2528000E+0	 6.4520001E-1
 2.2595000E+0	 6.4590001E-1
 2.2681999E+0	 6.4660001E-1
 2.2704000E+0	 6.4740002E-1
 2.2908001E+0	 6.4969999E-1
 2.2997000E+0	 6.5069997E-1
 2.3020000E+0	 6.5109998E-1
 2.3023000E+0	 6.5120000E-1
 2.3076000E+0	 6.5179998E-1
 2.3137000E+0	 6.5240002E-1
 2.3208001E+0	 6.5300000E-1
 2.3222001E+0	 6.5359998E-1
 2.3313000E+0	 6.5460002E-1
 2.3512001E+0	 6.5649998E-1
 2.3647001E+0	 6.5770000E-1
 2.3664999E+0	 6.5869999E-1
 2.3712001E+0	 6.5930003E-1
 2.3741000E+0	 6.5960002E-1
 2.3792000E+0	 6.5990001E-1
 2.3803000E+0	 6.6030002E-1
 2.3882000E+0	 6.6119999E-1
 2.3987999E+0	 6.6219997E-1
 2.4089000E+0	 6.6299999E-1
 2.4110000E+0	 6.6380000E-1
 2.4212999E+0	 6.6500002E-1
 2.4401000E+0	 6.6680002E-1
 2.4484999E+0	 6.6769999E-1
 2.4498000E+0	 6.6820002E-1
 2.4547000E+0	 6.6880000E-1
 2.4616001E+0	 6.6939998E-1
 2.4690001E+0	 6.6990000E-1
 2.4703000E+0	 6.7049998E-1
 2.4756999E+0	 6.7110002E-1
 2.4814000E+0	 6.7159998E-1
 2.4877999E+0	 6.7210001E-1
 2.4888999E+0	 6.7259997E-1
 2.4919000E+0	 6.7290002E-1
 2.5009000E+0	 6.7379999E-1
 2.5114999E+0	 6.7449999E-1
 2.5127001E+0	 6.7519999E-1
 2.5146999E+0	 6.7540002E-1
 2.5176001E+0	 6.7570001E-1
 2.5211999E+0	 6.7589998E-1
 2.5216999E+0	 6.7619997E-1
 2.5323000E+0	 6.7729998E-1
 2.5388000E+0	 6.7790002E-1
 2.5490999E+0	 6.7860001E-1
 2.5508001E+0	 6.7930001E-1
 2.5594001E+0	 6.8019998E-1
 2.5671000E+0	 6.8099999E-1
 2.5732000E+0	 6.8140000E-1
 2.5739999E+0	 6.8180001E-1
 2.5813000E+0	 6.8260002E-1
 2.5827999E+0	 6.8279999E-1
 2.5820999E+0	 6.8279999E-1
 2.5820999E+0	 6.8279999E-1
 2.5820999E+0	 6.8279999E-1
 2.5820000E+0	 6.8279999E-1
 2.5825000E+0	 6.8279999E-1
 2.5827000E+0	 6.8279999E-1
 2.5855999E+0	 6.8309999E-1
 2.6001000E+0	 6.8440002E-1
 2.6465001E+0	 6.8720001E-1
 2.6549001E+0	 6.9040000E-1
 2.6696999E+0	 6.9190001E-1
 2.6829000E+0	 6.9309998E-1
 2.6966000E+0	 6.9400001E-1
 2.6989000E+0	 6.9489998E-1
 2.7121999E+0	 6.9620001E-1
 2.7230999E+0	 6.9720000E-1
 2.7376001E+0	 6.9819999E-1
 2.7400000E+0	 6.9910002E-1
 2.7590001E+0	 7.0090002E-1
 2.7723000E+0	 7.0220000E-1
 2.7829001E+0	 7.0289999E-1
 2.7844000E+0	 7.0349997E-1
 2.7955999E+0	 7.0459998E-1
 2.8097999E+0	 7.0590001E-1
 2.8241000E+0	 7.0679998E-1
 2.8245001E+0	 7.0749998E-1
 2.8492999E+0	 7.0990002E-1
 2.8599000E+0	 7.1079999E-1
 2.8710999E+0	 7.1170002E-1
 2.8726001E+0	 7.1219999E-1
 2.8866000E+0	 7.1350002E-1
 2.8968000E+0	 7.1439999E-1
 2.9087000E+0	 7.1520001E-1
 2.9105000E+0	 7.1579999E-1
 2.9296999E+0	 7.1759999E-1
 2.9497001E+0	 7.1939999E-1
 2.9542000E+0	 7.1990001E-1
 2.9547000E+0	 7.2000003E-1
 2.9577000E+0	 7.2030002E-1
 2.9600000E+0	 7.2049999E-1
 2.9621999E+0	 7.2070003E-1
 2.9625001E+0	 7.2079998E-1
 2.9625001E+0	 7.2079998E-1
 2.9625001E+0	 7.2079998E-1
 2.9624000E+0	 7.2079998E-1
 2.9624000E+0	 7.2079998E-1
 2.9625001E+0	 7.2079998E-1
 2.9624000E+0	 7.2079998E-1
 2.9623001E+0	 7.2079998E-1
 2.9624000E+0	 7.2079998E-1
 2.9625001E+0	 7.2079998E-1
 2.9625001E+0	 7.2079998E-1
 2.9625001E+0	 7.2079998E-1
 2.9624000E+0	 7.2079998E-1
 2.9624000E+0	 7.2079998E-1
 2.9623001E+0	 7.2079998E-1
 2.9623001E+0	 7.2079998E-1
 2.9621000E+0	 7.2079998E-1
 2.9621000E+0	 7.2079998E-1
 2.9619999E+0	 7.2079998E-1
 2.9619999E+0	 7.2079998E-1
 2.9621000E+0	 7.2079998E-1
 2.9621000E+0	 7.2079998E-1
 2.9621000E+0	 7.2079998E-1
 2.9621999E+0	 7.2079998E-1
 2.9621999E+0	 7.2079998E-1
 2.9619999E+0	 7.2079998E-1
 2.9621000E+0	 7.2079998E-1
 2.9621000E+0	 7.2079998E-1
 2.9621000E+0	 7.2079998E-1
 2.9621999E+0	 7.2079998E-1
 2.9621999E+0	 7.2079998E-1
 2.9623001E+0	 7.2079998E-1
 2.9621999E+0	 7.2079998E-1
 2.9621999E+0	 7.2079998E-1
 2.9621000E+0	 7.2079998E-1
 2.9621999E+0	 7.2079998E-1
 2.9623001E+0	 7.2079998E-1
 2.9624000E+0	 7.2079998E-1
 2.9623001E+0	 7.2079998E-1
 2.9621999E+0	 7.2079998E-1
 2.9621999E+0	 7.2079998E-1
 2.9621999E+0	 7.2079998E-1
 2.9623001E+0	 7.2079998E-1
 2.9623001E+0	 7.2079998E-1
 2.9624000E+0	 7.2079998E-1
 2.9624000E+0	 7.2079998E-1
 2.9624000E+0	 7.2079998E-1
 2.9625001E+0	 7.2079998E-1
 2.9624000E+0	 7.2079998E-1
 2.9624000E+0	 7.2079998E-1
 2.9624000E+0	 7.2079998E-1
 2.9624000E+0	 7.2079998E-1
 2.9624000E+0	 7.2079998E-1
 2.9624000E+0	 7.2079998E-1
 2.9624000E+0	 7.2079998E-1
 2.9625001E+0	 7.2079998E-1
 2.9624000E+0	 7.2079998E-1
 2.9625001E+0	 7.2079998E-1
 2.9625001E+0	 7.2079998E-1
 2.9625001E+0	 7.2079998E-1
 2.9626000E+0	 7.2079998E-1
 2.9626000E+0	 7.2079998E-1
 2.9626000E+0	 7.2090000E-1
 2.9625001E+0	 7.2079998E-1
 2.9624000E+0	 7.2079998E-1
 2.9624000E+0	 7.2079998E-1
 2.9623001E+0	 7.2079998E-1
 2.9547000E+0	 7.2039998E-1
 2.9493001E+0	 7.2030002E-1
 2.9296999E+0	 7.1880001E-1
 2.9182999E+0	 7.1810001E-1
 2.9001999E+0	 7.1700001E-1
 2.8912001E+0	 7.1689999E-1
 2.8785000E+0	 7.1550000E-1
 2.8694000E+0	 7.1490002E-1
 2.8652000E+0	 7.1460003E-1
 2.8636999E+0	 7.1460003E-1
 2.8582001E+0	 7.1410000E-1
 2.8501999E+0	 7.1359998E-1
 2.8420000E+0	 7.1310002E-1
 2.8404000E+0	 7.1300000E-1
 2.8338001E+0	 7.1249998E-1
 2.8274000E+0	 7.1210003E-1
 2.8194001E+0	 7.1160001E-1
 2.8153000E+0	 7.1149999E-1
 2.8010001E+0	 7.1030003E-1
 2.7948999E+0	 7.0990002E-1
 2.7937000E+0	 7.0980000E-1
 2.7934999E+0	 7.0969999E-1
 2.7927001E+0	 7.0969999E-1
 2.7849000E+0	 7.0910001E-1
 2.7725000E+0	 7.0840001E-1
 2.7695999E+0	 7.0819998E-1
 2.7623999E+0	 7.0760000E-1
 2.7553000E+0	 7.0709997E-1
 2.7476001E+0	 7.0660001E-1
 2.7455001E+0	 7.0649999E-1
 2.7402000E+0	 7.0599997E-1
 2.7293999E+0	 7.0520002E-1
 2.7181001E+0	 7.0450002E-1
 2.7144001E+0	 7.0440000E-1
 2.7010000E+0	 7.0319998E-1
 2.6798999E+0	 7.0169997E-1
 2.6614001E+0	 7.0050001E-1
 2.6558001E+0	 7.0029998E-1
 2.6452000E+0	 6.9910002E-1
 2.6252999E+0	 6.9760001E-1
 2.6089001E+0	 6.9650000E-1
 2.6034999E+0	 6.9630003E-1
 2.5929000E+0	 6.9520003E-1
 2.5783000E+0	 6.9410002E-1
 2.5574999E+0	 6.9270003E-1
 2.5529001E+0	 6.9239998E-1
 2.5388000E+0	 6.9099998E-1
 2.5229001E+0	 6.8980002E-1
 2.5142000E+0	 6.8910003E-1
 2.5091000E+0	 6.8900001E-1
 2.5048001E+0	 6.8830001E-1
 2.4969001E+0	 6.8769997E-1
 2.4821000E+0	 6.8669999E-1
 2.4781001E+0	 6.8650001E-1
 2.4661000E+0	 6.8519998E-1
 2.4480000E+0	 6.8379998E-1
 2.4282000E+0	 6.8239999E-1
 2.4226000E+0	 6.8210000E-1
 2.4066000E+0	 6.8030000E-1
 2.3931999E+0	 6.7930001E-1
 2.3822999E+0	 6.7850000E-1
 2.3780000E+0	 6.7820001E-1
 2.3697000E+0	 6.7729998E-1
 2.3552001E+0	 6.7610002E-1
 2.3478999E+0	 6.7549998E-1
 2.3460000E+0	 6.7540002E-1
 2.3413000E+0	 6.7479998E-1
 2.3327999E+0	 6.7409998E-1
 2.3255000E+0	 6.7360002E-1
 2.3199999E+0	 6.7339998E-1
 2.3173001E+0	 6.7280000E-1
 2.3037000E+0	 6.7159998E-1
 2.2915001E+0	 6.7070001E-1
 2.2879000E+0	 6.7049998E-1
 2.2801001E+0	 6.6960001E-1
 2.2772999E+0	 6.6930002E-1
 2.2737999E+0	 6.6909999E-1
 2.2701001E+0	 6.6890001E-1
 2.2656000E+0	 6.6850001E-1
 2.2556000E+0	 6.6740000E-1
 2.2477000E+0	 6.6680002E-1
 2.2458000E+0	 6.6659999E-1
 2.2451000E+0	 6.6640002E-1
 2.2404001E+0	 6.6600001E-1
 2.2349000E+0	 6.6560000E-1
 2.2140999E+0	 6.6509998E-1
 2.2017000E+0	 6.6259998E-1
 2.1884000E+0	 6.6140002E-1
 2.1835999E+0	 6.6100001E-1
 2.1724000E+0	 6.6070002E-1
 2.1671000E+0	 6.5939999E-1
 2.1380999E+0	 6.5670002E-1
 2.1301000E+0	 6.5600002E-1
 2.1299000E+0	 6.5590000E-1
 2.1204000E+0	 6.5499997E-1
 2.1098001E+0	 6.5399998E-1
 2.1029999E+0	 6.5350002E-1
 2.0989001E+0	 6.5329999E-1
 2.0901999E+0	 6.5210003E-1
 2.0737000E+0	 6.5060002E-1
 2.0660999E+0	 6.4990002E-1
 2.0581000E+0	 6.4960003E-1
 2.0546999E+0	 6.4870000E-1
 2.0387001E+0	 6.4719999E-1
 2.0229001E+0	 6.4579999E-1
 2.0191000E+0	 6.4550000E-1
 2.0125000E+0	 6.4450002E-1
 1.9969000E+0	 6.4300001E-1
 1.9850000E+0	 6.4200002E-1
 1.9777000E+0	 6.4160001E-1
 1.9739000E+0	 6.4069998E-1
 1.9671000E+0	 6.3999999E-1
 1.9601001E+0	 6.3940001E-1
 1.9449000E+0	 6.3880002E-1
 1.9370000E+0	 6.3690001E-1
 1.9252000E+0	 6.3569999E-1
 1.9177999E+0	 6.3499999E-1
 1.9141999E+0	 6.3480002E-1
 1.9124000E+0	 6.3429999E-1
 1.9017000E+0	 6.3319999E-1
 1.8892000E+0	 6.3209999E-1
 1.8793000E+0	 6.3160002E-1
 1.8750000E+0	 6.3040000E-1
 1.8558000E+0	 6.2840003E-1
 1.8408999E+0	 6.2699997E-1
 1.8324000E+0	 6.2639999E-1
 1.8278000E+0	 6.2529999E-1
 1.8253000E+0	 6.2500000E-1
 1.8200999E+0	 6.2449998E-1
 1.8097000E+0	 6.2410003E-1
 1.8042001E+0	 6.2269998E-1
 1.7814000E+0	 6.2029999E-1
 1.7668000E+0	 6.1879998E-1
 1.7543000E+0	 6.1799997E-1
 1.7480000E+0	 6.1640000E-1
 1.7320000E+0	 6.1470002E-1
 1.7208000E+0	 6.1350000E-1
 1.7158000E+0	 6.1309999E-1
 1.7133000E+0	 6.1240000E-1
 1.7079999E+0	 6.1180001E-1
 1.6988000E+0	 6.1089998E-1
 1.6865000E+0	 6.1030000E-1
 1.6806000E+0	 6.0860002E-1
 1.6630000E+0	 6.0659999E-1
 1.6528000E+0	 6.0560000E-1
 1.6466000E+0	 6.0509998E-1
 1.6435000E+0	 6.0420001E-1
 1.6263000E+0	 6.0219997E-1
 1.6000000E+0	 5.9950000E-1
 1.5878000E+0	 5.9840000E-1
 1.5817000E+0	 5.9670001E-1
 1.5648000E+0	 5.9469998E-1
 1.5405999E+0	 5.9210002E-1
 1.5263000E+0	 5.9090000E-1
 1.5188000E+0	 5.8870000E-1
 1.5062000E+0	 5.8719999E-1
 1.4783000E+0	 5.8410001E-1
 1.4653000E+0	 5.8279997E-1
 1.4589000E+0	 5.8090001E-1
 1.4536000E+0	 5.8020002E-1
 1.4495000E+0	 5.7969999E-1
 1.4404000E+0	 5.7929999E-1
 1.4367000E+0	 5.7789999E-1
 1.4169000E+0	 5.7539999E-1
 1.3977000E+0	 5.7309997E-1
 1.3853000E+0	 5.7190001E-1
 1.3785000E+0	 5.6999999E-1
 1.3726000E+0	 5.6919998E-1
 1.3645000E+0	 5.6819999E-1
 1.3576000E+0	 5.6770003E-1
 1.3538001E+0	 5.6650001E-1
 1.3411000E+0	 5.6480002E-1
 1.3264000E+0	 5.6300002E-1
 1.3160000E+0	 5.6199998E-1
 1.3104000E+0	 5.6029999E-1
 1.2975000E+0	 5.5849999E-1
 1.2789000E+0	 5.5620003E-1
 1.2639000E+0	 5.5479997E-1
 1.2553999E+0	 5.5220002E-1
 1.2424999E+0	 5.5030000E-1
 1.2283000E+0	 5.4839998E-1
 1.2101001E+0	 5.4710001E-1
 1.2054000E+0	 5.4460001E-1
 1.1810000E+0	 5.4089999E-1
 1.1655999E+0	 5.3880000E-1
 1.1566000E+0	 5.3750002E-1
 1.1516000E+0	 5.3600001E-1
 1.1429000E+0	 5.3469998E-1
 1.1331000E+0	 5.3329998E-1
 1.1243000E+0	 5.3240001E-1
 1.1193000E+0	 5.3079998E-1
 1.1102999E+0	 5.2939999E-1
 1.1032000E+0	 5.2829999E-1
 1.0933000E+0	 5.2730000E-1
 1.0868000E+0	 5.2539998E-1
 1.0757000E+0	 5.2359998E-1
 1.0691000E+0	 5.2260000E-1
 1.0632000E+0	 5.2190000E-1
 1.0599000E+0	 5.2079999E-1
 1.0546000E+0	 5.1990002E-1
 1.0498000E+0	 5.1920003E-1
 1.0419000E+0	 5.1849997E-1
 1.0369000E+0	 5.1690000E-1
 1.0167000E+0	 5.1349998E-1
 1.0058000E+0	 5.1169997E-1
 9.9800003E-1	 5.1059997E-1
 9.9269998E-1	 5.0900000E-1
 9.7619998E-1	 5.0620002E-1
 9.6619999E-1	 5.0449997E-1
 9.5690000E-1	 5.0330001E-1
 9.5099998E-1	 5.0139999E-1
 9.3279999E-1	 4.9810001E-1
 9.2100000E-1	 4.9610001E-1
 9.1630000E-1	 4.9509999E-1
 9.1399997E-1	 4.9430001E-1
 9.0439999E-1	 4.9250001E-1
 8.9200002E-1	 4.9050000E-1
 8.8389999E-1	 4.8930001E-1
 8.7940001E-1	 4.8760000E-1
 8.7250000E-1	 4.8629999E-1
 8.6189997E-1	 4.8440000E-1
 8.5399997E-1	 4.8330000E-1
 8.4969997E-1	 4.8170000E-1
 8.3099997E-1	 4.7810000E-1
 8.1770003E-1	 4.7569999E-1
 8.1050003E-1	 4.7420001E-1
 8.0589998E-1	 4.7270000E-1
 7.8369999E-1	 4.6820000E-1
 7.6090002E-1	 4.6399999E-1
 7.3460001E-1	 4.5940000E-1
 7.2390002E-1	 4.5480001E-1
 7.2299999E-1	 4.5429999E-1
 6.8589997E-1	 4.4960001E-1
 6.6680002E-1	 4.4170001E-1
 6.3550001E-1	 4.3450001E-1
 6.0270000E-1	 4.2699999E-1
 5.7300001E-1	 4.2109999E-1
 5.5919999E-1	 4.1420001E-1
 5.3640002E-1	 4.0830001E-1
 5.2130002E-1	 4.0419999E-1
 5.0430000E-1	 4.0070000E-1
 4.9570000E-1	 3.9610001E-1
 4.7400001E-1	 3.9039999E-1
 4.4810000E-1	 3.8299999E-1
 4.2480001E-1	 3.7740001E-1
 4.1389999E-1	 3.7099999E-1
 3.9370000E-1	 3.6489999E-1
 3.7819999E-1	 3.5990000E-1
 3.5900000E-1	 3.5510001E-1
 3.4430000E-1	 3.4840000E-1
 3.2069999E-1	 3.3939999E-1
 2.9929999E-1	 3.3190000E-1
 2.8369999E-1	 3.2589999E-1
 2.7599999E-1	 3.2069999E-1
 2.5382000E-1	 3.1650001E-1
 2.4176000E-1	 3.0700001E-1
 2.2848000E-1	 3.0210000E-1
 2.2047000E-1	 2.9690000E-1
 2.1067999E-1	 2.9249999E-1
 2.0367000E-1	 2.8940001E-1
 1.9475999E-1	 2.8590000E-1
 1.8871000E-1	 2.8169999E-1
 1.8124001E-1	 2.7820000E-1
 1.7298000E-1	 2.7440000E-1
 1.5924001E-1	 2.7000001E-1
 1.4879000E-1	 2.5582001E-1
 1.2856001E-1	 2.5134000E-1
 1.1680000E-1	 2.4482000E-1
 1.0283000E-1	 2.3886000E-1
 9.1389999E-2	 2.2878000E-1
 6.8640001E-2	 2.1558000E-1
 4.9649999E-2	 2.0309000E-1
 3.5459999E-2	 1.9225000E-1
 2.7799999E-2	 1.8436000E-1
 1.7500000E-2	 1.7711000E-1
 9.4499998E-3	 1.7068000E-1
 4.5500002E-3	 1.6604000E-1
 2.5200001E-3	 1.6366000E-1
 1.3700000E-3	 1.6238999E-1
 8.5999997E-4	 1.6170999E-1
 5.6000001E-4	 1.6132000E-1
 4.4000000E-4	 1.6109000E-1
 3.1999999E-4	 1.6094001E-1
 3.0000001E-4	 1.6084000E-1
 2.8000001E-4	 1.6078000E-1
 2.3999999E-4	 1.6072001E-1
 2.6999999E-4	 1.6068999E-1
 2.6000000E-4	 1.6066000E-1
 2.3000001E-4	 1.6062000E-1
 2.2000000E-4	 1.6060001E-1
 2.3000001E-4	 1.6057999E-1
 2.3999999E-4	 1.6056000E-1
 2.3000001E-4	 1.6054000E-1
 2.3000001E-4	 1.6054000E-1
 2.1000000E-4	 1.6052000E-1
 2.1000000E-4	 1.6051000E-1
 2.2000000E-4	 1.6049001E-1
 2.1000000E-4	 1.6049001E-1
 2.1000000E-4	 1.6047999E-1
 1.9000001E-4	 1.6046000E-1
 2.1000000E-4	 1.6046000E-1
 1.9999999E-4	 1.6044000E-1
 1.9999999E-4	 1.6043000E-1
 1.9999999E-4	 1.6043000E-1
 1.9999999E-4	 1.6043000E-1
 1.9999999E-4	 1.6043000E-1
 1.9999999E-4	 1.6042000E-1
 2.1000000E-4	 1.6040000E-1
 -3.9999999E-5	 1.6038001E-1
 -1.4000000E-4	 1.6031000E-1
 -1.9000001E-4	 1.6028000E-1
 -1.9000001E-4	 1.6024999E-1
 -1.8000000E-4	 1.6022000E-1
 -1.8000000E-4	 1.6022000E-1
 -1.9000001E-4	 1.6021000E-1
 -2.1000000E-4	 1.6018000E-1
 -1.7000000E-4	 1.6018000E-1
 -1.9000001E-4	 1.6018000E-1
 -1.8000000E-4	 1.6017000E-1
 -1.8000000E-4	 1.6016001E-1
 -1.6000000E-4	 1.6015001E-1
 -1.8000000E-4	 1.6015001E-1
 -1.8000000E-4	 1.6013999E-1
 -9.9999997E-6	 1.6013999E-1
 -9.9999997E-6	 1.6012999E-1
 1.6000000E-4	 1.6016001E-1
 1.7000000E-4	 1.6017000E-1
 1.8000000E-4	 1.6017000E-1
 1.8000000E-4	 1.6016001E-1
 1.7000000E-4	 1.6017000E-1
 1.8000000E-4	 1.6016001E-1
 1.9999999E-4	 1.6016001E-1
 2.1000000E-4	 1.6016001E-1
 2.1000000E-4	 1.6016001E-1
 1.9000001E-4	 1.6015001E-1
 1.8000000E-4	 1.6016001E-1
 1.6000000E-4	 1.6016001E-1
 -1.8000000E-4	 1.6009000E-1
 -1.9999999E-4	 1.6008000E-1
 -2.3000001E-4	 1.6007000E-1
 -2.2000000E-4	 1.6007000E-1
 -2.3999999E-4	 1.6006000E-1
 -2.3000001E-4	 1.6007000E-1
 -2.2000000E-4	 1.6006000E-1
 -2.3000001E-4	 1.6006000E-1
 -2.3000001E-4	 1.6004001E-1
 -2.3999999E-4	 1.6004001E-1
 -2.3999999E-4	 1.6003001E-1
 -2.3999999E-4	 1.6001999E-1
 -2.1000000E-4	 1.6001000E-1
 -1.9999999E-4	 1.6003001E-1
 -2.3999999E-4	 1.6001999E-1
 -2.2000000E-4	 1.6001000E-1
 -2.3000001E-4	 1.6001000E-1
 -2.5000001E-4	 1.6000000E-1
 -2.3000001E-4	 1.6000000E-1
 -2.3000001E-4	 1.6000000E-1
 -2.3000001E-4	 1.5999000E-1
 -2.3000001E-4	 1.5998000E-1
 -2.1000000E-4	 1.5999000E-1
 -2.1000000E-4	 1.5999000E-1
 -2.1000000E-4	 1.5999000E-1
 -2.2000000E-4	 1.5998000E-1
 -2.3000001E-4	 1.5997000E-1
 -2.2000000E-4	 1.5998000E-1
 -2.1000000E-4	 1.5997000E-1
 -2.2000000E-4	 1.5997000E-1
 -2.2000000E-4	 1.5997000E-1
 -3.8200000E-3	 1.5915000E-1
 -6.9100000E-3	 1.5670000E-1
 -2.1980001E-2	 1.4668000E-1
 -4.1250002E-2	 1.3316999E-1
 -6.3579999E-2	 1.1813000E-1
 -8.1129998E-2	 9.9820003E-2
 -1.0016000E-1	 8.4279999E-2
 -1.1404000E-1	 7.1920000E-2
 -1.3271999E-1	 6.0010001E-2
 -1.4901000E-1	 4.3559998E-2
 -1.6682000E-1	 2.8670000E-2
 -1.8055999E-1	 1.1141000E-2
 -1.9829001E-1	 2.6730001E-3
 -2.0517001E-1	 -4.2460002E-3
 -2.1884000E-1	 -1.4584000E-2
 -2.2955000E-1	 -2.3576001E-2
 -2.3697001E-1	 -3.4660000E-2
 -2.5284001E-1	 -3.9710000E-2
 -2.6282001E-1	 -4.8850000E-2
 -2.7930999E-1	 -6.0470000E-2
 -2.9192001E-1	 -7.0780002E-2
 -3.0002001E-1	 -7.8199998E-2
 -3.2850000E-1	 -8.9079998E-2
 -3.4189999E-1	 -1.0825000E-1
 -3.6510000E-1	 -1.2036000E-1
 -3.8609999E-1	 -1.3878000E-1
 -4.1200000E-1	 -1.5610000E-1
 -4.3979999E-1	 -1.7325000E-1
 -4.6320000E-1	 -1.8774000E-1
 -4.7839999E-1	 -1.9942001E-1
 -4.9239999E-1	 -2.0861000E-1
 -5.0590003E-1	 -2.1613000E-1
 -5.1749998E-1	 -2.2272000E-1
 -5.2490002E-1	 -2.2823000E-1
 -5.3140002E-1	 -2.3225001E-1
 -5.3780001E-1	 -2.3574001E-1
 -5.4329997E-1	 -2.3849000E-1
 -5.4659998E-1	 -2.4108000E-1
 -5.5229998E-1	 -2.4404000E-1
 -5.5960000E-1	 -2.4743000E-1
 -5.6750000E-1	 -2.5116000E-1
 -5.7279998E-1	 -2.5470001E-1
 -5.7980001E-1	 -2.5843999E-1
 -5.8780003E-1	 -2.6214999E-1
 -5.9780002E-1	 -2.6631001E-1
 -6.0509998E-1	 -2.7114999E-1
 -6.1390001E-1	 -2.7544001E-1
 -6.2500000E-1	 -2.8033000E-1
 -6.3550001E-1	 -2.8487000E-1
 -6.4209998E-1	 -2.8909999E-1
 -6.4719999E-1	 -2.9181001E-1
 -6.5170002E-1	 -2.9383001E-1
 -6.5799999E-1	 -2.9635999E-1
 -6.6070002E-1	 -2.9793999E-1
 -6.6750002E-1	 -3.0105999E-1
 -6.7269999E-1	 -3.0469999E-1
 -6.7890000E-1	 -3.0640000E-1
 -6.8059999E-1	 -3.0750000E-1
 -6.8330002E-1	 -3.0880001E-1
 -6.8779999E-1	 -3.1040001E-1
 -6.9590002E-1	 -3.1330001E-1
 -6.9900000E-1	 -3.1520000E-1
 -7.0539999E-1	 -3.1810001E-1
 -7.1069998E-1	 -3.2020000E-1
 -7.1569997E-1	 -3.2229999E-1
 -7.1749997E-1	 -3.2339999E-1
 -7.2140002E-1	 -3.2499999E-1
 -7.2549999E-1	 -3.2659999E-1
 -7.3140001E-1	 -3.2870001E-1
 -7.3350000E-1	 -3.2990000E-1
 -7.3659998E-1	 -3.3140001E-1
 -7.3940003E-1	 -3.3239999E-1
 -7.4280000E-1	 -3.3370000E-1
 -7.4449998E-1	 -3.3440000E-1
 -7.4890000E-1	 -3.3620000E-1
 -7.5550002E-1	 -3.3849999E-1
 -7.6209998E-1	 -3.4099999E-1
 -7.6459998E-1	 -3.4220001E-1
 -7.7170002E-1	 -3.4509999E-1
 -7.7969998E-1	 -3.4779999E-1
 -7.8780001E-1	 -3.5080001E-1
 -7.9089999E-1	 -3.5220000E-1
 -8.0110002E-1	 -3.5609999E-1
 -8.1140000E-1	 -3.5960001E-1
 -8.2319999E-1	 -3.6300001E-1
 -8.2999998E-1	 -3.6640000E-1
 -8.4090000E-1	 -3.7050000E-1
 -8.4920001E-1	 -3.7310001E-1
 -8.6040002E-1	 -3.7650001E-1
 -8.6479998E-1	 -3.7840000E-1
 -8.7819999E-1	 -3.8310000E-1
 -8.8470000E-1	 -3.8530001E-1
 -8.9060003E-1	 -3.8720000E-1
 -8.9319998E-1	 -3.8810000E-1
 -9.0329999E-1	 -3.9150000E-1
 -9.0469998E-1	 -3.9230001E-1
 -9.0520000E-1	 -3.9260000E-1
 -9.0539998E-1	 -3.9269999E-1
 -9.0549999E-1	 -3.9289999E-1
 -9.0609998E-1	 -3.9300001E-1
 -9.1100001E-1	 -3.9399999E-1
 -9.1420001E-1	 -3.9480001E-1
 -9.2490000E-1	 -3.9850000E-1
 -9.3720001E-1	 -4.0180001E-1
 -9.6010000E-1	 -4.0810001E-1
 -9.6880001E-1	 -4.1139999E-1
 -9.7689998E-1	 -4.1429999E-1
 -9.8339999E-1	 -4.1610000E-1
 -9.9659997E-1	 -4.1929999E-1
 -1.0010000E+0	 -4.2100000E-1
 -1.0096000E+0	 -4.2379999E-1
 -1.0210000E+0	 -4.2670000E-1
 -1.0322000E+0	 -4.2969999E-1
 -1.0375000E+0	 -4.3110001E-1
 -1.0470999E+0	 -4.3419999E-1
 -1.0538000E+0	 -4.3590000E-1
 -1.0599999E+0	 -4.3759999E-1
 -1.0624000E+0	 -4.3830001E-1
 -1.0664001E+0	 -4.3959999E-1
 -1.0714999E+0	 -4.4080001E-1
 -1.0771000E+0	 -4.4209999E-1
 -1.0818000E+0	 -4.4279999E-1
 -1.1004000E+0	 -4.4819999E-1
 -1.1165000E+0	 -4.5179999E-1
 -1.1226000E+0	 -4.5379999E-1
 -1.1251000E+0	 -4.5440000E-1
 -1.1310000E+0	 -4.5609999E-1
 -1.1358000E+0	 -4.5719999E-1
 -1.1431000E+0	 -4.5879999E-1
 -1.1475000E+0	 -4.5950001E-1
 -1.1605999E+0	 -4.6320000E-1
 -1.1677999E+0	 -4.6489999E-1
 -1.1743000E+0	 -4.6640000E-1
 -1.1779000E+0	 -4.6709999E-1
 -1.1869000E+0	 -4.6959999E-1
 -1.1999000E+0	 -4.7229999E-1
 -1.2097000E+0	 -4.7459999E-1
 -1.2126000E+0	 -4.7549999E-1
 -1.2154000E+0	 -4.7630000E-1
 -1.2177000E+0	 -4.7679999E-1
 -1.2211000E+0	 -4.7749999E-1
 -1.2223001E+0	 -4.7780001E-1
 -1.2244999E+0	 -4.7850001E-1
 -1.2438000E+0	 -4.8210001E-1
 -1.2672000E+0	 -4.8699999E-1
 -1.2744000E+0	 -4.8899999E-1
 -1.2842000E+0	 -4.9149999E-1
 -1.2908000E+0	 -4.9290001E-1
 -1.2993000E+0	 -4.9450001E-1
 -1.3042001E+0	 -4.9509999E-1
 -1.3185000E+0	 -4.9869999E-1
 -1.3354000E+0	 -5.0199997E-1
 -1.3498000E+0	 -5.0480002E-1
 -1.3576000E+0	 -5.0590003E-1
 -1.3710001E+0	 -5.0950003E-1
 -1.3785000E+0	 -5.1099998E-1
 -1.3824000E+0	 -5.1179999E-1
 -1.3868999E+0	 -5.1209998E-1
 -1.3966000E+0	 -5.1459998E-1
 -1.4068000E+0	 -5.1650000E-1
 -1.4153000E+0	 -5.1800001E-1
 -1.4180000E+0	 -5.1859999E-1
 -1.4203000E+0	 -5.1940000E-1
 -1.4263999E+0	 -5.2039999E-1
 -1.4371001E+0	 -5.2219999E-1
 -1.4407001E+0	 -5.2289999E-1
 -1.4461000E+0	 -5.2420002E-1
 -1.4541000E+0	 -5.2560002E-1
 -1.4722000E+0	 -5.2859998E-1
 -1.4819000E+0	 -5.2969998E-1
 -1.4934000E+0	 -5.3289998E-1
 -1.5029000E+0	 -5.3460002E-1
 -1.5122000E+0	 -5.3619999E-1
 -1.5181000E+0	 -5.3680003E-1
 -1.5244000E+0	 -5.3860003E-1
 -1.5321000E+0	 -5.3990000E-1
 -1.5348001E+0	 -5.4040003E-1
 -1.5371000E+0	 -5.4070002E-1
 -1.5391999E+0	 -5.4130000E-1
 -1.5495000E+0	 -5.4299998E-1
 -1.5617000E+0	 -5.4490000E-1
 -1.5653000E+0	 -5.4549998E-1
 -1.5677000E+0	 -5.4629999E-1
 -1.5720000E+0	 -5.4699999E-1
 -1.5796000E+0	 -5.4809999E-1
 -1.5849000E+0	 -5.4860002E-1
 -1.5908999E+0	 -5.5019999E-1
 -1.6063000E+0	 -5.5269998E-1
 -1.6198000E+0	 -5.5479997E-1
 -1.6250000E+0	 -5.5549997E-1
 -1.6308000E+0	 -5.5690002E-1
 -1.6441000E+0	 -5.5900002E-1
 -1.6559000E+0	 -5.6080002E-1
 -1.6634001E+0	 -5.6150001E-1
 -1.6705000E+0	 -5.6349999E-1
 -1.6993999E+0	 -5.6790000E-1
 -1.7051001E+0	 -5.6900001E-1
 -1.7062000E+0	 -5.6930000E-1
 -1.7070000E+0	 -5.6950003E-1
 -1.7110000E+0	 -5.7010001E-1
 -1.7271000E+0	 -5.7220000E-1
 -1.7375000E+0	 -5.7389998E-1
 -1.7463000E+0	 -5.7550001E-1
 -1.7598000E+0	 -5.7760000E-1
 -1.7673000E+0	 -5.7859999E-1
 -1.7770000E+0	 -5.7999998E-1
 -1.7845000E+0	 -5.8139998E-1
 -1.8002000E+0	 -5.8370000E-1
 -1.8063000E+0	 -5.8459997E-1
 -1.8066000E+0	 -5.8490002E-1
 -1.8065000E+0	 -5.8490002E-1
 -1.8065000E+0	 -5.8490002E-1
 -1.8066000E+0	 -5.8490002E-1
 -1.8070000E+0	 -5.8490002E-1
 -1.8072000E+0	 -5.8499998E-1
 -1.8104000E+0	 -5.8539999E-1
 -1.8468000E+0	 -5.8999997E-1
 -1.8647000E+0	 -5.9280002E-1
 -1.8766000E+0	 -5.9500003E-1
 -1.8996000E+0	 -5.9829998E-1
 -1.9187000E+0	 -6.0079998E-1
 -1.9310000E+0	 -6.0229999E-1
 -1.9377000E+0	 -6.0369998E-1
 -1.9557000E+0	 -6.0619998E-1
 -1.9699000E+0	 -6.0790002E-1
 -1.9813000E+0	 -6.0930002E-1
 -1.9865000E+0	 -6.1040002E-1
 -2.0116000E+0	 -6.1379999E-1
 -2.0329001E+0	 -6.1640000E-1
 -2.0467999E+0	 -6.1799997E-1
 -2.0532999E+0	 -6.1940002E-1
 -2.0683999E+0	 -6.2140000E-1
 -2.0829999E+0	 -6.2309998E-1
 -2.0899000E+0	 -6.2390000E-1
 -2.0926001E+0	 -6.2459999E-1
 -2.1006000E+0	 -6.2559998E-1
 -2.1169000E+0	 -6.2739998E-1
 -2.1334000E+0	 -6.2919998E-1
 -2.1412001E+0	 -6.3069999E-1
 -2.1559000E+0	 -6.3260001E-1
 -2.1677999E+0	 -6.3400000E-1
 -2.1796000E+0	 -6.3510001E-1
 -2.1833999E+0	 -6.3599998E-1
 -2.1924000E+0	 -6.3720000E-1
 -2.1991000E+0	 -6.3789999E-1
 -2.2076001E+0	 -6.3870001E-1
 -2.2112000E+0	 -6.3940001E-1
 -2.2224000E+0	 -6.4090002E-1
 -2.2313001E+0	 -6.4190000E-1
 -2.2464001E+0	 -6.4310002E-1
 -2.2514999E+0	 -6.4429998E-1
 -2.2600999E+0	 -6.4539999E-1
 -2.2756000E+0	 -6.4719999E-1
 -2.2936001E+0	 -6.4870000E-1
 -2.3000000E+0	 -6.4990002E-1
 -2.3176999E+0	 -6.5230000E-1
 -2.3234999E+0	 -6.5289998E-1
 -2.3347001E+0	 -6.5380001E-1
 -2.3415999E+0	 -6.5460002E-1
 -2.3669000E+0	 -6.5799999E-1
 -2.3896000E+0	 -6.6049999E-1
 -2.4014001E+0	 -6.6140002E-1
 -2.4038999E+0	 -6.6210002E-1
 -2.4180000E+0	 -6.6380000E-1
 -2.4444001E+0	 -6.6659999E-1
 -2.4668000E+0	 -6.6850001E-1
 -2.4732001E+0	 -6.6990000E-1
 -2.4812000E+0	 -6.7089999E-1
 -2.4955001E+0	 -6.7240000E-1
 -2.5020001E+0	 -6.7290002E-1
 -2.5044000E+0	 -6.7339998E-1
 -2.5177000E+0	 -6.7490000E-1
 -2.5355999E+0	 -6.7670000E-1
 -2.5430000E+0	 -6.7739999E-1
 -2.5460000E+0	 -6.7780000E-1
 -2.5546999E+0	 -6.7890000E-1
 -2.5704999E+0	 -6.8049997E-1
 -2.5892000E+0	 -6.8220001E-1
 -2.5984001E+0	 -6.8300003E-1
 -2.6242001E+0	 -6.8620002E-1
 -2.6421001E+0	 -6.8800002E-1
 -2.6530001E+0	 -6.8889999E-1
 -2.6563001E+0	 -6.8949997E-1
 -2.6673999E+0	 -6.9069999E-1
 -2.6881001E+0	 -6.9270003E-1
 -2.7174001E+0	 -6.9489998E-1
 -2.7244000E+0	 -6.9639999E-1
 -2.7409000E+0	 -6.9819999E-1
 -2.7572000E+0	 -6.9980001E-1
 -2.7729001E+0	 -7.0090002E-1
 -2.7772999E+0	 -7.0169997E-1
 -2.7937000E+0	 -7.0349997E-1
 -2.8181000E+0	 -7.0580000E-1
 -2.8367000E+0	 -7.0709997E-1
 -2.8403001E+0	 -7.0800000E-1
 -2.8476000E+0	 -7.0880002E-1
 -2.8513000E+0	 -7.0910001E-1
 -2.8550999E+0	 -7.0940000E-1
 -2.8573999E+0	 -7.0959997E-1
 -2.8670001E+0	 -7.1069998E-1
 -2.8780999E+0	 -7.1170002E-1
 -2.8952000E+0	 -7.1289998E-1
 -2.9001999E+0	 -7.1370000E-1
 -2.9140999E+0	 -7.1520001E-1
 -2.9247999E+0	 -7.1609998E-1
 -2.9589000E+0	 -7.1869999E-1
 -2.9647000E+0	 -7.1990001E-1
 -2.9679999E+0	 -7.2030002E-1
 -2.9679999E+0	 -7.2030002E-1
 -2.9679999E+0	 -7.2039998E-1
 -2.9677999E+0	 -7.2039998E-1
 -2.9675000E+0	 -7.2030002E-1
 -2.9674001E+0	 -7.2030002E-1
 -2.9677000E+0	 -7.2039998E-1
 -2.9676001E+0	 -7.2039998E-1
 -2.9674001E+0	 -7.2030002E-1
 -2.9676001E+0	 -7.2039998E-1
 -2.9675000E+0	 -7.2039998E-1
 -2.9675000E+0	 -7.2039998E-1
 -2.9675000E+0	 -7.2039998E-1
 -2.9674001E+0	 -7.2039998E-1
 -2.9675000E+0	 -7.2039998E-1
 -2.9675000E+0	 -7.2039998E-1
 -2.9674001E+0	 -7.2030002E-1
 -2.9675000E+0	 -7.2039998E-1
 -2.9676001E+0	 -7.2039998E-1
 -2.9675000E+0	 -7.2039998E-1
 -2.9674001E+0	 -7.2039998E-1
 -2.9674001E+0	 -7.2039998E-1
 -2.9674001E+0	 -7.2039998E-1
 -2.9672999E+0	 -7.2030002E-1
 -2.9672999E+0	 -7.2030002E-1
 -2.9672999E+0	 -7.2030002E-1
 -2.9672999E+0	 -7.2030002E-1
 -2.9672999E+0	 -7.2039998E-1
 -2.9672999E+0	 -7.2030002E-1
 -2.9672000E+0	 -7.2030002E-1
 -2.9672999E+0	 -7.2039998E-1
 -2.9672000E+0	 -7.2030002E-1
 -2.9672000E+0	 -7.2030002E-1
 -2.9675000E+0	 -7.2030002E-1
 -2.9674001E+0	 -7.2030002E-1
 -2.9675000E+0	 -7.2030002E-1
 -2.9674001E+0	 -7.2039998E-1
 -2.9674001E+0	 -7.2039998E-1
 -2.9674001E+0	 -7.2030002E-1
 -2.9674001E+0	 -7.2039998E-1
 -2.9674001E+0	 -7.2039998E-1
 -2.9672999E+0	 -7.2030002E-1
 -2.9672000E+0	 -7.2030002E-1
 -2.9667001E+0	 -7.2030002E-1
 -2.9669001E+0	 -7.2030002E-1
 -2.9669001E+0	 -7.2030002E-1
 -2.9663999E+0	 -7.2030002E-1
 -2.9609001E+0	 -7.2030002E-1
 -2.9484999E+0	 -7.1920002E-1
 -2.9044001E+0	 -7.1640003E-1
 -2.8808000E+0	 -7.1499997E-1
 -2.8715000E+0	 -7.1469998E-1
 -2.8545001E+0	 -7.1310002E-1
 -2.8369999E+0	 -7.1190000E-1
 -2.8158000E+0	 -7.1069998E-1
 -2.7995000E+0	 -7.1039999E-1
 -2.7923999E+0	 -7.0889997E-1
 -2.7716000E+0	 -7.0740002E-1
 -2.7562001E+0	 -7.0649999E-1
 -2.7476001E+0	 -7.0630002E-1
 -2.7397001E+0	 -7.0520002E-1
 -2.7207000E+0	 -7.0380002E-1
 -2.6984999E+0	 -7.0249999E-1
 -2.6918001E+0	 -7.0220000E-1
 -2.6782999E+0	 -7.0069999E-1
 -2.6550000E+0	 -6.9900000E-1
 -2.6336999E+0	 -6.9779998E-1
 -2.6231000E+0	 -6.9739997E-1
 -2.6083000E+0	 -6.9550002E-1
 -2.5885000E+0	 -6.9400001E-1
 -2.5634000E+0	 -6.9239998E-1
 -2.5497000E+0	 -6.9190001E-1
 -2.5353999E+0	 -6.8989998E-1
 -2.5071001E+0	 -6.8779999E-1
 -2.4867001E+0	 -6.8640000E-1
 -2.4804001E+0	 -6.8599999E-1
 -2.4726000E+0	 -6.8500000E-1
 -2.4531000E+0	 -6.8339998E-1
 -2.4270999E+0	 -6.8169999E-1
 -2.4196999E+0	 -6.8120003E-1
 -2.4108000E+0	 -6.7989999E-1
 -2.4042001E+0	 -6.7940003E-1
 -2.3994999E+0	 -6.7909998E-1
 -2.3913000E+0	 -6.7900002E-1
 -2.3785999E+0	 -6.7729998E-1
 -2.3548000E+0	 -6.7530000E-1
 -2.3385999E+0	 -6.7420000E-1
 -2.3336000E+0	 -6.7379999E-1
 -2.3267000E+0	 -6.7290002E-1
 -2.3055999E+0	 -6.7110002E-1
 -2.2760999E+0	 -6.6900003E-1
 -2.2639000E+0	 -6.6829997E-1
 -2.2504001E+0	 -6.6619998E-1
 -2.2300999E+0	 -6.6439998E-1
 -2.2128999E+0	 -6.6320002E-1
 -2.2082000E+0	 -6.6270000E-1
 -2.2021000E+0	 -6.6189998E-1
 -2.1860001E+0	 -6.6039997E-1
 -2.1494000E+0	 -6.5770000E-1
 -2.1368001E+0	 -6.5660000E-1
 -2.1229000E+0	 -6.5450001E-1
 -2.1001000E+0	 -6.5240002E-1
 -2.0762999E+0	 -6.5060002E-1
 -2.0680001E+0	 -6.4990002E-1
 -2.0574999E+0	 -6.4829999E-1
 -2.0270000E+0	 -6.4539999E-1
 -2.0000000E+0	 -6.4310002E-1
 -1.9914000E+0	 -6.4240003E-1
 -1.9829000E+0	 -6.4090002E-1
 -1.9506000E+0	 -6.3770002E-1
 -1.9213001E+0	 -6.3529998E-1
 -1.8995000E+0	 -6.3429999E-1
 -1.8937000E+0	 -6.3169998E-1
 -1.8622000E+0	 -6.2840003E-1
 -1.8346000E+0	 -6.2559998E-1
 -1.8250000E+0	 -6.2510002E-1
 -1.8164999E+0	 -6.2339997E-1
 -1.7968000E+0	 -6.2129998E-1
 -1.7767000E+0	 -6.1940002E-1
 -1.7638000E+0	 -6.1870003E-1
 -1.7517999E+0	 -6.1619997E-1
 -1.7379000E+0	 -6.1470002E-1
 -1.7264000E+0	 -6.1360002E-1
 -1.7200000E+0	 -6.1309999E-1
 -1.7115999E+0	 -6.1159998E-1
 -1.6962000E+0	 -6.0990000E-1
 -1.6799001E+0	 -6.0829997E-1
 -1.6737000E+0	 -6.0769999E-1
 -1.6691999E+0	 -6.0659999E-1
 -1.6602000E+0	 -6.0560000E-1
 -1.6362000E+0	 -6.0339999E-1
 -1.6185000E+0	 -6.0229999E-1
 -1.6021000E+0	 -5.9859997E-1
 -1.5900000E+0	 -5.9710002E-1
 -1.5669000E+0	 -5.9500003E-1
 -1.5583000E+0	 -5.9380001E-1
 -1.5479000E+0	 -5.9189999E-1
 -1.5326999E+0	 -5.8999997E-1
 -1.5165000E+0	 -5.8840001E-1
 -1.5075999E+0	 -5.8749998E-1
 -1.4978000E+0	 -5.8569998E-1
 -1.4848000E+0	 -5.8380002E-1
 -1.4692000E+0	 -5.8200002E-1
 -1.4624000E+0	 -5.8139998E-1
 -1.4543999E+0	 -5.7980001E-1
 -1.4347000E+0	 -5.7720000E-1
 -1.4103000E+0	 -5.7429999E-1
 -1.3988000E+0	 -5.7340002E-1
 -1.3879000E+0	 -5.7080001E-1
 -1.3601000E+0	 -5.6699997E-1
 -1.3336000E+0	 -5.6339997E-1
 -1.3221999E+0	 -5.6260002E-1
 -1.3133000E+0	 -5.6019998E-1
 -1.2974000E+0	 -5.5790001E-1
 -1.2717000E+0	 -5.5479997E-1
 -1.2697999E+0	 -5.5369997E-1
 -1.2697001E+0	 -5.5360001E-1
 -1.2153000E+0	 -5.4740000E-1
 -1.1894000E+0	 -5.4250002E-1
 -1.1813000E+0	 -5.4020000E-1
 -1.1472000E+0	 -5.3490001E-1
 -1.1106000E+0	 -5.2990001E-1
 -1.0841000E+0	 -5.2770001E-1
 -1.0706000E+0	 -5.2219999E-1
 -1.0446000E+0	 -5.1800001E-1
 -1.0247999E+0	 -5.1470000E-1
 -1.0091000E+0	 -5.1230001E-1
 -1.0016000E+0	 -5.1010001E-1
 -9.6319997E-1	 -5.0340003E-1
 -9.2570001E-1	 -4.9700001E-1
 -8.9300001E-1	 -4.9239999E-1
 -8.8590002E-1	 -4.8870000E-1
 -8.6089998E-1	 -4.8359999E-1
 -8.3939999E-1	 -4.7999999E-1
 -8.1900001E-1	 -4.7620001E-1
 -8.0849999E-1	 -4.7279999E-1
 -7.7899998E-1	 -4.6669999E-1
 -7.5520003E-1	 -4.6219999E-1
 -7.3830003E-1	 -4.5860001E-1
 -7.2920001E-1	 -4.5559999E-1
 -7.0950001E-1	 -4.5120001E-1
 -6.9510001E-1	 -4.4830000E-1
 -6.7890000E-1	 -4.4639999E-1
 -6.6860002E-1	 -4.4150001E-1
 -6.4840001E-1	 -4.3669999E-1
 -6.3290000E-1	 -4.3329999E-1
 -6.1009997E-1	 -4.2789999E-1
 -5.9429997E-1	 -4.2320001E-1
 -5.5809999E-1	 -4.1380000E-1
 -5.4200000E-1	 -4.0979999E-1
 -5.2910000E-1	 -4.0630001E-1
 -5.2130002E-1	 -4.0329999E-1
 -4.9750000E-1	 -3.9710000E-1
 -4.7459999E-1	 -3.9080000E-1
 -4.5350000E-1	 -3.8679999E-1
 -4.3910000E-1	 -3.7900001E-1
 -4.1569999E-1	 -3.7189999E-1
 -4.0189999E-1	 -3.6750001E-1
 -3.9350000E-1	 -3.6440000E-1
 -3.8859999E-1	 -3.6210001E-1
 -3.7169999E-1	 -3.5690001E-1
 -3.4950000E-1	 -3.5030001E-1
 -3.3440000E-1	 -3.4439999E-1
 -3.2460001E-1	 -3.3970001E-1
 -3.1540000E-1	 -3.3600000E-1
 -3.0880001E-1	 -3.3370000E-1
 -2.9800001E-1	 -3.3090001E-1
 -2.9319999E-1	 -3.2769999E-1
 -2.8020000E-1	 -3.2240000E-1
 -2.6649001E-1	 -3.1869999E-1
 -2.5398001E-1	 -3.1290001E-1
 -2.4833000E-1	 -3.0930001E-1
 -2.3103000E-1	 -3.0260000E-1
 -2.1713001E-1	 -2.9620001E-1
 -2.0558000E-1	 -2.9069999E-1
 -1.9858000E-1	 -2.8650001E-1
 -1.8031999E-1	 -2.7820000E-1
 -1.6780999E-1	 -2.7239999E-1
 -1.5401000E-1	 -2.6241001E-1
 -1.4046000E-1	 -2.5872999E-1
 -1.3133000E-1	 -2.5266999E-1
 -1.1716000E-1	 -2.4484000E-1
 -9.5919997E-2	 -2.3542000E-1
 -8.7150000E-2	 -2.2576000E-1
 -7.0950001E-2	 -2.1507999E-1
 -6.0419999E-2	 -2.0829000E-1
 -4.7060002E-2	 -2.0090000E-1
 -4.1520000E-2	 -1.9407000E-1
 -2.8650001E-2	 -1.8493000E-1
 -2.0190001E-2	 -1.7901000E-1
 -1.0340000E-2	 -1.7260000E-1
 -6.2600002E-3	 -1.6735999E-1
 -3.0400001E-3	 -1.6406000E-1
 -1.7900000E-3	 -1.6272999E-1
 -9.2999998E-4	 -1.6179000E-1
 -6.9000002E-4	 -1.6140001E-1
 -4.7999999E-4	 -1.6110000E-1
 -3.9000000E-4	 -1.6095001E-1
 -3.3000001E-4	 -1.6083001E-1
 -2.9000000E-4	 -1.6077000E-1
 -2.8000001E-4	 -1.6071001E-1
 -2.6000000E-4	 -1.6067000E-1
 -2.3000001E-4	 -1.6062000E-1
 -2.6999999E-4	 -1.6060001E-1
 -2.5000001E-4	 -1.6057000E-1
 -2.6000000E-4	 -1.6055000E-1
 -2.2000000E-4	 -1.6052000E-1
 -2.3999999E-4	 -1.6051000E-1
 -2.3000001E-4	 -1.6049001E-1
 -2.1000000E-4	 -1.6047999E-1
 -1.9999999E-4	 -1.6046000E-1
 -2.1000000E-4	 -1.6046000E-1
 -2.3000001E-4	 -1.6044000E-1
 -2.2000000E-4	 -1.6044000E-1
 -2.3000001E-4	 -1.6043000E-1
 -2.1000000E-4	 -1.6042000E-1
 -1.9999999E-4	 -1.6041000E-1
 -2.3000001E-4	 -1.6041000E-1
 -2.3000001E-4	 -1.6041000E-1
 -2.2000000E-4	 -1.6039000E-1
 -2.3999999E-4	 -1.6038001E-1
 -2.3000001E-4	 -1.6038001E-1
 -2.3000001E-4	 -1.6037001E-1
 -2.3000001E-4	 -1.6035999E-1
 -2.2000000E-4	 -1.6034999E-1
 -1.9000001E-4	 -1.6034999E-1
 -2.1000000E-4	 -1.6034999E-1
 -2.1000000E-4	 -1.6034000E-1
 -1.9999999E-4	 -1.6033000E-1
 -1.9999999E-4	 -1.6033000E-1
 -2.1000000E-4	 -1.6031000E-1
