12/12/200518:40I (A)          B (T)      1.9999999E-4	 1.8880001E-3
 1.9000001E-4	 1.8729999E-3
 1.8000000E-4	 1.8790000E-3
 1.8000000E-4	 1.8760000E-3
 1.9000001E-4	 1.8810000E-3
 2.1000000E-4	 1.8760000E-3
 2.1000000E-4	 1.8690000E-3
 1.9999999E-4	 1.8830000E-3
 2.1000000E-4	 1.8800000E-3
 2.2000000E-4	 1.8810000E-3
 2.2000000E-4	 1.8910000E-3
 1.9999999E-4	 1.8760000E-3
 2.2000000E-4	 1.8810000E-3
 1.9000001E-4	 1.8850000E-3
 1.8000000E-4	 1.8750000E-3
 1.7000000E-4	 1.8830000E-3
 1.8000000E-4	 1.8870000E-3
 1.8000000E-4	 1.8860000E-3
 1.8000000E-4	 1.8790000E-3
 1.8000000E-4	 1.8870000E-3
 1.4000000E-4	 1.8729999E-3
 1.4000000E-4	 1.8729999E-3
 1.7000000E-4	 1.8760000E-3
 1.9000001E-4	 1.8780000E-3
 1.7000000E-4	 1.8770000E-3
 1.9999999E-4	 1.8850000E-3
 1.9000001E-4	 1.8870000E-3
 1.7000000E-4	 1.8710000E-3
 1.6000000E-4	 1.8800000E-3
 1.9000001E-4	 1.8810000E-3
 2.1000000E-4	 1.8810000E-3
 2.1000000E-4	 1.8880001E-3
 2.1000000E-4	 1.8870000E-3
 1.9000001E-4	 1.8900000E-3
 2.1700000E-3	 2.0669999E-3
 4.6500000E-3	 2.3540000E-3
 1.9040000E-2	 4.9549998E-3
 3.1629998E-2	 7.3480001E-3
 4.6730001E-2	 9.5330002E-3
 5.5500001E-2	 1.2787000E-2
 5.9200000E-2	 1.3808000E-2
 6.0899999E-2	 1.4225000E-2
 6.9059998E-2	 1.5315000E-2
 7.6020002E-2	 1.7438000E-2
 8.6960003E-2	 2.0812999E-2
 9.2430003E-2	 2.3169000E-2
 9.4920002E-2	 2.4541000E-2
 9.6220002E-2	 2.5424000E-2
 9.7319998E-2	 2.6081000E-2
 9.8789997E-2	 2.6761999E-2
 1.0350000E-1	 2.8227000E-2
 1.0858000E-1	 3.3259999E-2
 1.1258000E-1	 3.4290001E-2
 1.1338000E-1	 3.4990001E-2
 1.1410000E-1	 3.5429999E-2
 1.1500000E-1	 3.5769999E-2
 1.1913000E-1	 3.7939999E-2
 1.2212000E-1	 3.9560001E-2
 1.2326000E-1	 4.0520001E-2
 1.2401000E-1	 4.1040000E-2
 1.2503999E-1	 4.1680001E-2
 1.3112999E-1	 4.4390000E-2
 1.3626000E-1	 4.7200002E-2
 1.4052001E-1	 5.0099999E-2
 1.4189000E-1	 5.1509999E-2
 1.4565000E-1	 5.3619999E-2
 1.5130000E-1	 5.6129999E-2
 1.5657000E-1	 6.0109999E-2
 1.6117001E-1	 6.3199997E-2
 1.6339999E-1	 6.4900003E-2
 1.6610999E-1	 6.6140004E-2
 1.7043000E-1	 6.7950003E-2
 1.7464000E-1	 7.1379997E-2
 1.7874999E-1	 7.3789999E-2
 1.8071000E-1	 7.5300001E-2
 1.8265000E-1	 7.6370001E-2
 1.8407001E-1	 7.7560000E-2
 1.8978000E-1	 8.0119997E-2
 1.9435000E-1	 8.2670003E-2
 1.9978000E-1	 8.5519999E-2
 2.0389000E-1	 8.8890001E-2
 2.0656000E-1	 9.0640001E-2
 2.0863000E-1	 9.1789998E-2
 2.1170001E-1	 9.3060002E-2
 2.1420000E-1	 9.5080003E-2
 2.1765000E-1	 9.6969999E-2
 2.2223000E-1	 9.8860003E-2
 2.2939000E-1	 1.0168000E-1
 2.3621000E-1	 1.0674000E-1
 2.4068999E-1	 1.0949000E-1
 2.4235000E-1	 1.1082000E-1
 2.4550000E-1	 1.1160000E-1
 2.4936999E-1	 1.1438000E-1
 2.5543001E-1	 1.1716000E-1
 2.5933999E-1	 1.1932000E-1
 2.6240000E-1	 1.2128000E-1
 2.6592001E-1	 1.2323000E-1
 2.6785001E-1	 1.2435000E-1
 2.7116999E-1	 1.2537999E-1
 2.7546000E-1	 1.2725000E-1
 2.7911001E-1	 1.2987000E-1
 2.8444001E-1	 1.3224000E-1
 2.8760001E-1	 1.3397001E-1
 2.9225999E-1	 1.3551000E-1
 2.9679999E-1	 1.3860001E-1
 3.2480001E-1	 1.4723000E-1
 3.2800001E-1	 1.5367000E-1
 3.3010000E-1	 1.5477000E-1
 3.3109999E-1	 1.5557000E-1
 3.3690000E-1	 1.5764999E-1
 3.3960000E-1	 1.5922999E-1
 3.4189999E-1	 1.6032000E-1
 3.4290001E-1	 1.6113000E-1
 3.5010001E-1	 1.6362999E-1
 3.5789999E-1	 1.6651000E-1
 3.6460000E-1	 1.7025000E-1
 3.6660001E-1	 1.7181000E-1
 3.7490001E-1	 1.7478999E-1
 3.8139999E-1	 1.7737000E-1
 3.8800001E-1	 1.8023001E-1
 3.9210001E-1	 1.8297000E-1
 4.0160000E-1	 1.8644001E-1
 4.0450001E-1	 1.8844999E-1
 4.0599999E-1	 1.8931000E-1
 4.0660000E-1	 1.8977000E-1
 4.0709999E-1	 1.9001999E-1
 4.0820000E-1	 1.9031000E-1
 4.0920001E-1	 1.9074000E-1
 4.0979999E-1	 1.9118001E-1
 4.1670001E-1	 1.9337000E-1
 4.2269999E-1	 1.9561000E-1
 4.3140000E-1	 1.9807000E-1
 4.3959999E-1	 2.0315000E-1
 4.5190001E-1	 2.0779000E-1
 4.5550001E-1	 2.1014000E-1
 4.5980000E-1	 2.1112999E-1
 4.6410000E-1	 2.1375000E-1
 4.7940001E-1	 2.1924999E-1
 4.9039999E-1	 2.2311001E-1
 5.0430000E-1	 2.2708000E-1
 5.1700002E-1	 2.3468000E-1
 5.2859998E-1	 2.3927000E-1
 5.3280002E-1	 2.4160001E-1
 5.3869998E-1	 2.4285001E-1
 5.4420000E-1	 2.4617000E-1
 5.6629997E-1	 2.5351000E-1
 5.7279998E-1	 2.5723001E-1
 5.7669997E-1	 2.5895000E-1
 5.7880002E-1	 2.6032999E-1
 5.8109999E-1	 2.6126000E-1
 5.8440000E-1	 2.6223001E-1
 5.8789998E-1	 2.6341000E-1
 5.9030002E-1	 2.6495001E-1
 5.9270000E-1	 2.6592001E-1
 6.0329998E-1	 2.6851001E-1
 6.1479998E-1	 2.7282000E-1
 6.2190002E-1	 2.7732000E-1
 6.2430000E-1	 2.7882001E-1
 6.2620002E-1	 2.7959001E-1
 6.3309997E-1	 2.8029999E-1
 6.4219999E-1	 2.8575000E-1
 6.5520000E-1	 2.9067001E-1
 6.5939999E-1	 2.9339001E-1
 6.6900003E-1	 2.9576999E-1
 6.7949998E-1	 3.0151001E-1
 6.8709999E-1	 3.0579999E-1
 6.9019997E-1	 3.0669999E-1
 6.9169998E-1	 3.0739999E-1
 6.9220001E-1	 3.0790001E-1
 6.9330001E-1	 3.0840001E-1
 6.9569999E-1	 3.0899999E-1
 7.0709997E-1	 3.1000000E-1
 7.2369999E-1	 3.1979999E-1
 7.3689997E-1	 3.2530001E-1
 7.4430001E-1	 3.2850000E-1
 7.5550002E-1	 3.3219999E-1
 7.6660001E-1	 3.3770001E-1
 7.8109998E-1	 3.4360000E-1
 7.9189998E-1	 3.4689999E-1
 8.0070001E-1	 3.5030001E-1
 8.0570000E-1	 3.5339999E-1
 8.2609999E-1	 3.5960001E-1
 8.3870000E-1	 3.6440000E-1
 8.4890002E-1	 3.6849999E-1
 8.5409999E-1	 3.7110001E-1
 8.7440002E-1	 3.7770000E-1
 8.9459997E-1	 3.8290000E-1
 9.0990001E-1	 3.8909999E-1
 9.1700000E-1	 3.9219999E-1
 9.3010002E-1	 3.9610001E-1
 9.3640000E-1	 3.9820001E-1
 9.4459999E-1	 3.9969999E-1
 9.5139998E-1	 4.0329999E-1
 9.6280003E-1	 4.0680000E-1
 9.6960002E-1	 4.0840000E-1
 9.7579998E-1	 4.1040000E-1
 9.7960001E-1	 4.1200000E-1
 9.8850000E-1	 4.1460001E-1
 9.9330002E-1	 4.1600001E-1
 1.0021000E+0	 4.1740000E-1
 1.0081000E+0	 4.2039999E-1
 1.0128000E+0	 4.2190000E-1
 1.0184000E+0	 4.2300001E-1
 1.0255001E+0	 4.2429999E-1
 1.0306000E+0	 4.2680001E-1
 1.0367000E+0	 4.2860001E-1
 1.0378000E+0	 4.2899999E-1
 1.0386000E+0	 4.2930001E-1
 1.0387000E+0	 4.2950001E-1
 1.0411000E+0	 4.3000001E-1
 1.0527000E+0	 4.3259999E-1
 1.0605000E+0	 4.3460000E-1
 1.0633000E+0	 4.3599999E-1
 1.0642999E+0	 4.3640000E-1
 1.0647000E+0	 4.3660000E-1
 1.0663000E+0	 4.3680000E-1
 1.0666000E+0	 4.3709999E-1
 1.0766000E+0	 4.3950000E-1
 1.0895000E+0	 4.4200000E-1
 1.0984000E+0	 4.4479999E-1
 1.1021000E+0	 4.4630000E-1
 1.1142000E+0	 4.4929999E-1
 1.1208000E+0	 4.5080000E-1
 1.1273000E+0	 4.5230001E-1
 1.1303999E+0	 4.5359999E-1
 1.1486000E+0	 4.5780000E-1
 1.1576000E+0	 4.5980000E-1
 1.1653000E+0	 4.6169999E-1
 1.1669000E+0	 4.6270001E-1
 1.1686000E+0	 4.6320000E-1
 1.1792001E+0	 4.6500000E-1
 1.1882000E+0	 4.6720001E-1
 1.1930000E+0	 4.6890000E-1
 1.1952000E+0	 4.6959999E-1
 1.1988000E+0	 4.7020000E-1
 1.2104000E+0	 4.7200000E-1
 1.2194000E+0	 4.7499999E-1
 1.2204000E+0	 4.7560000E-1
 1.2260000E+0	 4.7580001E-1
 1.2328000E+0	 4.7830001E-1
 1.2380000E+0	 4.7940001E-1
 1.2508000E+0	 4.8190001E-1
 1.2553000E+0	 4.8310000E-1
 1.2573000E+0	 4.8390001E-1
 1.2594000E+0	 4.8440000E-1
 1.2625000E+0	 4.8490000E-1
 1.2624000E+0	 4.8519999E-1
 1.2621000E+0	 4.8519999E-1
 1.2621000E+0	 4.8519999E-1
 1.2625999E+0	 4.8519999E-1
 1.2676001E+0	 4.8539999E-1
 1.2740000E+0	 4.8750001E-1
 1.3299000E+0	 4.9860001E-1
 1.3629000E+0	 5.0550002E-1
 1.3775001E+0	 5.0730002E-1
 1.3986000E+0	 5.1249999E-1
 1.4065000E+0	 5.1490003E-1
 1.4263000E+0	 5.1830000E-1
 1.4367000E+0	 5.1969999E-1
 1.4464000E+0	 5.2289999E-1
 1.4653000E+0	 5.2630001E-1
 1.4746000E+0	 5.2800000E-1
 1.4809999E+0	 5.2859998E-1
 1.4934000E+0	 5.3070003E-1
 1.5015000E+0	 5.3310001E-1
 1.5106000E+0	 5.3469998E-1
 1.5199000E+0	 5.3539997E-1
 1.5289000E+0	 5.3810000E-1
 1.5479000E+0	 5.4140002E-1
 1.5540000E+0	 5.4259998E-1
 1.5563999E+0	 5.4290003E-1
 1.5606000E+0	 5.4360002E-1
 1.5639000E+0	 5.4449999E-1
 1.5726000E+0	 5.4579997E-1
 1.5785000E+0	 5.4640001E-1
 1.5857000E+0	 5.4780000E-1
 1.5894001E+0	 5.4890001E-1
 1.5923001E+0	 5.4939997E-1
 1.5940000E+0	 5.4960001E-1
 1.5965000E+0	 5.5000001E-1
 1.5983000E+0	 5.5049998E-1
 1.6040000E+0	 5.5129999E-1
 1.6115000E+0	 5.5190003E-1
 1.6191000E+0	 5.5400002E-1
 1.6314000E+0	 5.5599999E-1
 1.6389000E+0	 5.5720001E-1
 1.6427000E+0	 5.5760002E-1
 1.6456000E+0	 5.5839998E-1
 1.6574000E+0	 5.6029999E-1
 1.6681000E+0	 5.6190002E-1
 1.6713001E+0	 5.6239998E-1
 1.6750000E+0	 5.6309998E-1
 1.6767000E+0	 5.6360000E-1
 1.6849000E+0	 5.6480002E-1
 1.6953000E+0	 5.6540000E-1
 1.7047000E+0	 5.6790000E-1
 1.7302999E+0	 5.7209998E-1
 1.7474000E+0	 5.7459998E-1
 1.7618001E+0	 5.7560003E-1
 1.7718000E+0	 5.7859999E-1
 1.7800000E+0	 5.7990003E-1
 1.7838000E+0	 5.8050001E-1
 1.7932000E+0	 5.8099997E-1
 1.8019000E+0	 5.8319998E-1
 1.8219000E+0	 5.8620000E-1
 1.8270000E+0	 5.8700001E-1
 1.8327000E+0	 5.8740002E-1
 1.8451000E+0	 5.8850002E-1
 1.8562000E+0	 5.9130001E-1
 1.8635000E+0	 5.9240001E-1
 1.8638999E+0	 5.9259999E-1
 1.8659000E+0	 5.9270000E-1
 1.8676000E+0	 5.9310001E-1
 1.8703001E+0	 5.9350002E-1
 1.8803000E+0	 5.9399998E-1
 1.8949000E+0	 5.9570003E-1
 1.9064000E+0	 5.9859997E-1
 1.9128000E+0	 5.9950000E-1
 1.9247000E+0	 6.0020000E-1
 1.9384000E+0	 6.0229999E-1
 1.9457000E+0	 6.0420001E-1
 1.9528000E+0	 6.0509998E-1
 1.9599000E+0	 6.0570002E-1
 1.9692000E+0	 6.0680002E-1
 1.9755000E+0	 6.0839999E-1
 1.9801000E+0	 6.0900003E-1
 1.9832000E+0	 6.0920000E-1
 1.9865000E+0	 6.0960001E-1
 1.9886000E+0	 6.1019999E-1
 1.9960001E+0	 6.1110002E-1
 2.0071001E+0	 6.1180001E-1
 2.0185001E+0	 6.1360002E-1
 2.0237000E+0	 6.1500001E-1
 2.0281000E+0	 6.1549997E-1
 2.0367000E+0	 6.1600000E-1
 2.0488999E+0	 6.1729997E-1
 2.0574999E+0	 6.1940002E-1
 2.0592999E+0	 6.1979997E-1
 2.0620999E+0	 6.2000000E-1
 2.0683000E+0	 6.2029999E-1
 2.0729001E+0	 6.2150002E-1
 2.0809000E+0	 6.2250000E-1
 2.0946000E+0	 6.2330002E-1
 2.1019001E+0	 6.2529999E-1
 2.1026001E+0	 6.2550002E-1
 2.1140001E+0	 6.2669998E-1
 2.1278999E+0	 6.2760001E-1
 2.1391001E+0	 6.2959999E-1
 2.1435001E+0	 6.3069999E-1
 2.1478000E+0	 6.3120002E-1
 2.1559000E+0	 6.3160002E-1
 2.1696000E+0	 6.3279998E-1
 2.1801000E+0	 6.3529998E-1
 2.1891999E+0	 6.3630003E-1
 2.1917000E+0	 6.3660002E-1
 2.2032001E+0	 6.3690001E-1
 2.2135000E+0	 6.3940001E-1
 2.2337000E+0	 6.4170003E-1
 2.2390001E+0	 6.4219999E-1
 2.2437000E+0	 6.4289999E-1
 2.2463000E+0	 6.4349997E-1
 2.2533000E+0	 6.4429998E-1
 2.2607000E+0	 6.4480001E-1
 2.2663000E+0	 6.4560002E-1
 2.2684000E+0	 6.4620000E-1
 2.2811999E+0	 6.4749998E-1
 2.2888999E+0	 6.4810002E-1
 2.2941000E+0	 6.4899999E-1
 2.2960999E+0	 6.4950001E-1
 2.2987001E+0	 6.4980000E-1
 2.3037000E+0	 6.5009999E-1
 2.3139999E+0	 6.5060002E-1
 2.3213999E+0	 6.5240002E-1
 2.3446000E+0	 6.5490001E-1
 2.3455999E+0	 6.5530002E-1
 2.3475001E+0	 6.5539998E-1
 2.3487000E+0	 6.5570003E-1
 2.3640001E+0	 6.5730000E-1
 2.3780000E+0	 6.5820003E-1
 2.3852999E+0	 6.5960002E-1
 2.3877001E+0	 6.6020000E-1
 2.3886001E+0	 6.6030002E-1
 2.3913000E+0	 6.6049999E-1
 2.4044001E+0	 6.6079998E-1
 2.4145999E+0	 6.6320002E-1
 2.4342999E+0	 6.6530001E-1
 2.4368000E+0	 6.6570002E-1
 2.4387000E+0	 6.6589999E-1
 2.4396000E+0	 6.6610003E-1
 2.4498000E+0	 6.6710001E-1
 2.4576001E+0	 6.6769999E-1
 2.4607999E+0	 6.6839999E-1
 2.4614000E+0	 6.6860002E-1
 2.4619000E+0	 6.6860002E-1
 2.4626000E+0	 6.6869998E-1
 2.4711001E+0	 6.6880000E-1
 2.4779000E+0	 6.7030001E-1
 2.4905000E+0	 6.7159998E-1
 2.4923000E+0	 6.7189997E-1
 2.4932001E+0	 6.7199999E-1
 2.4935999E+0	 6.7220002E-1
 2.4949000E+0	 6.7229998E-1
 2.5065999E+0	 6.7290002E-1
 2.5232999E+0	 6.7390001E-1
 2.5330999E+0	 6.7640001E-1
 2.5539000E+0	 6.7850000E-1
 2.5655000E+0	 6.7930001E-1
 2.5703001E+0	 6.8019998E-1
 2.5716000E+0	 6.8059999E-1
 2.5811000E+0	 6.8150002E-1
 2.5850000E+0	 6.8180001E-1
 2.5911000E+0	 6.8210000E-1
 2.5943999E+0	 6.8300003E-1
 2.6215000E+0	 6.8570000E-1
 2.6398001E+0	 6.8680000E-1
 2.6594999E+0	 6.8830001E-1
 2.6707001E+0	 6.9099998E-1
 2.7053001E+0	 6.9430000E-1
 2.7145000E+0	 6.9510001E-1
 2.7219999E+0	 6.9569999E-1
 2.7258000E+0	 6.9660002E-1
 2.7402999E+0	 6.9800001E-1
 2.7526000E+0	 6.9889998E-1
 2.7644999E+0	 6.9959998E-1
 2.7708001E+0	 7.0120001E-1
 2.7860000E+0	 7.0260000E-1
 2.8104999E+0	 7.0410001E-1
 2.8404000E+0	 7.0560002E-1
 2.8489001E+0	 7.0889997E-1
 2.8522999E+0	 7.0920002E-1
 2.8649001E+0	 7.0999998E-1
 2.8784001E+0	 7.1069998E-1
 2.8849001E+0	 7.1240002E-1
 2.8875999E+0	 7.1259999E-1
 2.9000001E+0	 7.1340001E-1
 2.9024999E+0	 7.1410000E-1
 2.9024000E+0	 7.1410000E-1
 2.9022000E+0	 7.1410000E-1
 2.9022000E+0	 7.1410000E-1
 2.9021001E+0	 7.1410000E-1
 2.9021001E+0	 7.1410000E-1
 2.9219000E+0	 7.1579999E-1
 2.9294000E+0	 7.1640003E-1
 2.9454999E+0	 7.1679997E-1
 2.9547000E+0	 7.1899998E-1
 2.9626999E+0	 7.1980000E-1
 2.9633000E+0	 7.1990001E-1
 2.9638000E+0	 7.1990001E-1
 2.9640000E+0	 7.2000003E-1
 2.9642000E+0	 7.2000003E-1
 2.9642000E+0	 7.2000003E-1
 2.9642999E+0	 7.2000003E-1
 2.9642000E+0	 7.2000003E-1
 2.9640999E+0	 7.2000003E-1
 2.9640999E+0	 7.2000003E-1
 2.9640000E+0	 7.2000003E-1
 2.9640000E+0	 7.2000003E-1
 2.9640999E+0	 7.2000003E-1
 2.9598999E+0	 7.1980000E-1
 2.9238999E+0	 7.1920002E-1
 2.9163001E+0	 7.1700001E-1
 2.8857000E+0	 7.1499997E-1
 2.8634000E+0	 7.1390003E-1
 2.8487999E+0	 7.1319997E-1
 2.8422999E+0	 7.1210003E-1
 2.8099000E+0	 7.0999998E-1
 2.7876000E+0	 7.0880002E-1
 2.7783999E+0	 7.0810002E-1
 2.7751000E+0	 7.0749998E-1
 2.7651000E+0	 7.0679998E-1
 2.7556000E+0	 7.0630002E-1
 2.7523000E+0	 7.0599997E-1
 2.7514999E+0	 7.0590001E-1
 2.7447000E+0	 7.0539999E-1
 2.7430000E+0	 7.0529997E-1
 2.7400999E+0	 7.0520002E-1
 2.7393000E+0	 7.0499998E-1
 2.7327001E+0	 7.0450002E-1
 2.7218001E+0	 7.0389998E-1
 2.7091999E+0	 7.0349997E-1
 2.7053001E+0	 7.0260000E-1
 2.6859000E+0	 7.0120001E-1
 2.6703000E+0	 7.0020002E-1
 2.6545000E+0	 6.9959998E-1
 2.6482000E+0	 6.9840002E-1
 2.6299000E+0	 6.9709998E-1
 2.6087999E+0	 6.9580001E-1
 2.5939000E+0	 6.9510001E-1
 2.5882001E+0	 6.9389999E-1
 2.5709000E+0	 6.9260001E-1
 2.5650001E+0	 6.9220001E-1
 2.5583999E+0	 6.9190001E-1
 2.5566001E+0	 6.9139999E-1
 2.5488999E+0	 6.9090003E-1
 2.5362000E+0	 6.9000000E-1
 2.5222001E+0	 6.8970001E-1
 2.5192001E+0	 6.8849999E-1
 2.5071001E+0	 6.8760002E-1
 2.4949000E+0	 6.8680000E-1
 2.4865999E+0	 6.8650001E-1
 2.4842999E+0	 6.8580002E-1
 2.4758999E+0	 6.8510002E-1
 2.4607000E+0	 6.8409997E-1
 2.4505999E+0	 6.8370003E-1
 2.4502001E+0	 6.8300003E-1
 2.4433000E+0	 6.8250000E-1
 2.4256999E+0	 6.8129998E-1
 2.4140000E+0	 6.8070000E-1
 2.4109001E+0	 6.7979997E-1
 2.4087000E+0	 6.7960000E-1
 2.4049001E+0	 6.7940003E-1
 2.3987999E+0	 6.7890000E-1
 2.3985000E+0	 6.7879999E-1
 2.3928001E+0	 6.7830002E-1
 2.3813000E+0	 6.7750001E-1
 2.3752999E+0	 6.7720002E-1
 2.3728001E+0	 6.7659998E-1
 2.3594000E+0	 6.7549998E-1
 2.3475001E+0	 6.7460001E-1
 2.3422000E+0	 6.7430001E-1
 2.3403001E+0	 6.7390001E-1
 2.3278999E+0	 6.7280000E-1
 2.3146000E+0	 6.7180002E-1
 2.3104000E+0	 6.7150003E-1
 2.3090999E+0	 6.7119998E-1
 2.3037000E+0	 6.7070001E-1
 2.2904999E+0	 6.6970003E-1
 2.2765999E+0	 6.6920000E-1
 2.2718000E+0	 6.6790003E-1
 2.2558999E+0	 6.6649997E-1
 2.2326000E+0	 6.6469997E-1
 2.2104001E+0	 6.6390002E-1
 2.2004001E+0	 6.6149998E-1
 2.1898999E+0	 6.6060001E-1
 2.1860001E+0	 6.6030002E-1
 2.1780000E+0	 6.6000003E-1
 2.1740000E+0	 6.5910000E-1
 2.1531000E+0	 6.5719998E-1
 2.1284001E+0	 6.5509999E-1
 2.1210001E+0	 6.5460002E-1
 2.1185000E+0	 6.5390003E-1
 2.0959001E+0	 6.5179998E-1
 2.0778999E+0	 6.5030003E-1
 2.0731001E+0	 6.4980000E-1
 2.0715001E+0	 6.4940000E-1
 2.0708001E+0	 6.4929998E-1
 2.0583000E+0	 6.4829999E-1
 2.0501001E+0	 6.4789999E-1
 2.0469999E+0	 6.4700001E-1
 2.0366001E+0	 6.4600003E-1
 2.0348001E+0	 6.4590001E-1
 2.0320001E+0	 6.4579999E-1
 2.0309000E+0	 6.4550000E-1
 2.0248001E+0	 6.4490002E-1
 2.0137000E+0	 6.4389998E-1
 2.0074999E+0	 6.4359999E-1
 2.0046999E+0	 6.4289999E-1
 1.9863000E+0	 6.4109999E-1
 1.9813000E+0	 6.4060003E-1
 1.9736000E+0	 6.4029998E-1
 1.9701999E+0	 6.3940001E-1
 1.9598000E+0	 6.3830000E-1
 1.9515001E+0	 6.3760000E-1
 1.9453000E+0	 6.3720000E-1
 1.9428000E+0	 6.3660002E-1
 1.9313999E+0	 6.3540000E-1
 1.9051000E+0	 6.3309997E-1
 1.8858000E+0	 6.3190001E-1
 1.8769000E+0	 6.2970001E-1
 1.8716000E+0	 6.2910002E-1
 1.8685000E+0	 6.2879997E-1
 1.8643000E+0	 6.2860000E-1
 1.8626000E+0	 6.2809998E-1
 1.8557000E+0	 6.2739998E-1
 1.8522000E+0	 6.2709999E-1
 1.8490000E+0	 6.2690002E-1
 1.8479000E+0	 6.2650001E-1
 1.8386000E+0	 6.2559998E-1
 1.8250999E+0	 6.2430000E-1
 1.8178999E+0	 6.2379998E-1
 1.8154000E+0	 6.2300003E-1
 1.7900000E+0	 6.2029999E-1
 1.7815000E+0	 6.1940002E-1
 1.7775000E+0	 6.1909997E-1
 1.7763000E+0	 6.1870003E-1
 1.7726001E+0	 6.1830002E-1
 1.7605000E+0	 6.1710000E-1
 1.7561001E+0	 6.1669999E-1
 1.7544000E+0	 6.1619997E-1
 1.7494000E+0	 6.1570001E-1
 1.7465000E+0	 6.1540002E-1
 1.7442000E+0	 6.1519998E-1
 1.7433000E+0	 6.1500001E-1
 1.7383000E+0	 6.1440003E-1
 1.7365000E+0	 6.1420000E-1
 1.7347000E+0	 6.1409998E-1
 1.7339000E+0	 6.1390001E-1
 1.7273000E+0	 6.1320001E-1
 1.7197000E+0	 6.1240000E-1
 1.7191000E+0	 6.1220002E-1
 1.7190000E+0	 6.1220002E-1
 1.7179000E+0	 6.1210001E-1
 1.7175000E+0	 6.1199999E-1
 1.7169000E+0	 6.1199999E-1
 1.7168000E+0	 6.1189997E-1
 1.7158000E+0	 6.1180001E-1
 1.7051001E+0	 6.1080003E-1
 1.7029001E+0	 6.1040002E-1
 1.7023000E+0	 6.1019999E-1
 1.6978000E+0	 6.0979998E-1
 1.6928999E+0	 6.0930002E-1
 1.6793000E+0	 6.0869998E-1
 1.6737000E+0	 6.0689998E-1
 1.6705000E+0	 6.0650003E-1
 1.6675000E+0	 6.0619998E-1
 1.6666000E+0	 6.0610002E-1
 1.6664000E+0	 6.0600001E-1
 1.6648000E+0	 6.0579997E-1
 1.6637000E+0	 6.0570002E-1
 1.6631000E+0	 6.0570002E-1
 1.6630000E+0	 6.0560000E-1
 1.6621000E+0	 6.0549998E-1
 1.6617000E+0	 6.0549998E-1
 1.6607000E+0	 6.0540003E-1
 1.6604000E+0	 6.0530001E-1
 1.6568000E+0	 6.0490000E-1
 1.6475000E+0	 6.0390002E-1
 1.6460000E+0	 6.0369998E-1
 1.6456000E+0	 6.0360003E-1
 1.6450000E+0	 6.0350001E-1
 1.6409000E+0	 6.0310000E-1
 1.6354001E+0	 6.0270000E-1
 1.6341000E+0	 6.0219997E-1
 1.6284000E+0	 6.0149997E-1
 1.6210999E+0	 6.0079998E-1
 1.6159000E+0	 6.0030001E-1
 1.6141000E+0	 5.9979999E-1
 1.6109999E+0	 5.9939998E-1
 1.6033000E+0	 5.9859997E-1
 1.5897000E+0	 5.9770000E-1
 1.5850000E+0	 5.9619999E-1
 1.5825000E+0	 5.9590000E-1
 1.5818000E+0	 5.9579998E-1
 1.5801001E+0	 5.9570003E-1
 1.5795000E+0	 5.9549999E-1
 1.5759000E+0	 5.9509999E-1
 1.5725000E+0	 5.9469998E-1
 1.5696000E+0	 5.9439999E-1
 1.5685000E+0	 5.9420002E-1
 1.5642000E+0	 5.9359998E-1
 1.5623000E+0	 5.9340000E-1
 1.5609000E+0	 5.9329998E-1
 1.5604000E+0	 5.9310001E-1
 1.5540000E+0	 5.9240001E-1
 1.5524000E+0	 5.9210002E-1
 1.5516000E+0	 5.9210002E-1
 1.5513000E+0	 5.9200001E-1
 1.5510000E+0	 5.9189999E-1
 1.5510000E+0	 5.9189999E-1
 1.5506999E+0	 5.9189999E-1
 1.5505000E+0	 5.9189999E-1
 1.5433000E+0	 5.9100002E-1
 1.5343000E+0	 5.8999997E-1
 1.5319999E+0	 5.8960003E-1
 1.5312001E+0	 5.8950001E-1
 1.5243000E+0	 5.8859998E-1
 1.5147001E+0	 5.8749998E-1
 1.5099000E+0	 5.8700001E-1
 1.5075999E+0	 5.8649999E-1
 1.4933000E+0	 5.8459997E-1
 1.4635000E+0	 5.8120000E-1
 1.4557000E+0	 5.8010000E-1
 1.4538000E+0	 5.7940000E-1
 1.4524000E+0	 5.7910001E-1
 1.4514000E+0	 5.7900000E-1
 1.4493999E+0	 5.7889998E-1
 1.4485000E+0	 5.7870001E-1
 1.4454000E+0	 5.7819998E-1
 1.4385999E+0	 5.7740003E-1
 1.4335999E+0	 5.7700002E-1
 1.4322000E+0	 5.7639998E-1
 1.4312000E+0	 5.7630002E-1
 1.4299001E+0	 5.7609999E-1
 1.4256999E+0	 5.7590002E-1
 1.4246000E+0	 5.7550001E-1
 1.4189000E+0	 5.7470000E-1
 1.4112999E+0	 5.7380003E-1
 1.4095000E+0	 5.7340002E-1
 1.4092000E+0	 5.7330000E-1
 1.4089000E+0	 5.7330000E-1
 1.4079000E+0	 5.7309997E-1
 1.4069999E+0	 5.7309997E-1
 1.4069000E+0	 5.7300001E-1
 1.4062999E+0	 5.7290000E-1
 1.4048001E+0	 5.7270002E-1
 1.3988000E+0	 5.7220000E-1
 1.3963000E+0	 5.7169998E-1
 1.3895000E+0	 5.7069999E-1
 1.3859000E+0	 5.7020003E-1
 1.3825001E+0	 5.6989998E-1
 1.3812000E+0	 5.6950003E-1
 1.3767000E+0	 5.6889999E-1
 1.3747000E+0	 5.6860000E-1
 1.3733000E+0	 5.6840003E-1
 1.3731000E+0	 5.6830001E-1
 1.3729000E+0	 5.6830001E-1
 1.3713000E+0	 5.6809998E-1
 1.3697000E+0	 5.6790000E-1
 1.3688000E+0	 5.6779999E-1
 1.3653001E+0	 5.6730002E-1
 1.3554000E+0	 5.6610000E-1
 1.3432000E+0	 5.6489998E-1
 1.3383000E+0	 5.6360000E-1
 1.3278000E+0	 5.6199998E-1
 1.3296000E+0	 5.6199998E-1
 1.3284000E+0	 5.6199998E-1
 1.3224000E+0	 5.6190002E-1
 1.2786000E+0	 5.5500001E-1
 1.2549000E+0	 5.5170000E-1
 1.2521000E+0	 5.5089998E-1
 1.2514000E+0	 5.5070001E-1
 1.2473000E+0	 5.5010003E-1
 1.2440000E+0	 5.4960001E-1
 1.2419000E+0	 5.4939997E-1
 1.2407000E+0	 5.4920000E-1
 1.2329000E+0	 5.4790002E-1
 1.2190000E+0	 5.4610002E-1
 1.2062000E+0	 5.4470003E-1
 1.2000999E+0	 5.4350001E-1
 1.1778001E+0	 5.3950000E-1
 1.1593000E+0	 5.3680003E-1
 1.1458000E+0	 5.3530002E-1
 1.1416000E+0	 5.3380001E-1
 1.1257000E+0	 5.3109998E-1
 1.1032000E+0	 5.2770001E-1
 1.0917000E+0	 5.2609998E-1
 1.0877000E+0	 5.2499998E-1
 1.0761000E+0	 5.2280003E-1
 1.0671999E+0	 5.2139997E-1
 1.0583000E+0	 5.2029997E-1
 1.0541000E+0	 5.1929998E-1
 1.0405999E+0	 5.1670003E-1
 1.0330000E+0	 5.1539999E-1
 1.0209000E+0	 5.1410002E-1
 1.0170000E+0	 5.1279998E-1
 1.0075999E+0	 5.1090002E-1
 9.9949998E-1	 5.0950003E-1
 9.8940003E-1	 5.0830001E-1
 9.8509997E-1	 5.0720000E-1
 9.7259998E-1	 5.0459999E-1
 9.6450001E-1	 5.0319999E-1
 9.6010000E-1	 5.0250000E-1
 9.5880002E-1	 5.0199997E-1
 9.5510000E-1	 5.0120002E-1
 9.4209999E-1	 4.9910000E-1
 9.3080002E-1	 4.9759999E-1
 9.2729998E-1	 4.9620000E-1
 9.2079997E-1	 4.9480000E-1
 9.1439998E-1	 4.9370000E-1
 9.0140003E-1	 4.9230000E-1
 8.9719999E-1	 4.9050000E-1
 8.8739997E-1	 4.8840001E-1
 8.8080001E-1	 4.8719999E-1
 8.7800002E-1	 4.8660001E-1
 8.7599999E-1	 4.8629999E-1
 8.6479998E-1	 4.8400000E-1
 8.6080003E-1	 4.8310000E-1
 8.5500002E-1	 4.8230001E-1
 8.5110003E-1	 4.8159999E-1
 8.3999997E-1	 4.7900000E-1
 8.3749998E-1	 4.7830001E-1
 8.3459997E-1	 4.7790000E-1
 8.3289999E-1	 4.7749999E-1
 8.2569999E-1	 4.7600001E-1
 8.1129998E-1	 4.7340000E-1
 7.9930001E-1	 4.7110000E-1
 7.9449999E-1	 4.6990001E-1
 7.8189999E-1	 4.6680000E-1
 7.7789998E-1	 4.6590000E-1
 7.6889998E-1	 4.6470001E-1
 7.6470000E-1	 4.6329999E-1
 7.5489998E-1	 4.6090001E-1
 7.4379998E-1	 4.5870000E-1
 7.3150003E-1	 4.5670000E-1
 7.2670001E-1	 4.5490000E-1
 7.1929997E-1	 4.5289999E-1
 7.1100003E-1	 4.5120001E-1
 7.0730001E-1	 4.5019999E-1
 7.0490003E-1	 4.4980001E-1
 7.0050001E-1	 4.4850001E-1
 6.9510001E-1	 4.4740000E-1
 6.8779999E-1	 4.4620001E-1
 6.8419999E-1	 4.4499999E-1
 6.7519999E-1	 4.4260001E-1
 6.7189997E-1	 4.4180000E-1
 6.7089999E-1	 4.4139999E-1
 6.6970003E-1	 4.4130000E-1
 6.6600001E-1	 4.4029999E-1
 6.5960002E-1	 4.3900001E-1
 6.4770001E-1	 4.3720001E-1
 6.4279997E-1	 4.3509999E-1
 6.3609999E-1	 4.3309999E-1
 6.2889999E-1	 4.3140000E-1
 6.2120003E-1	 4.3000001E-1
 6.1879998E-1	 4.2870000E-1
 6.1809999E-1	 4.2840001E-1
 6.1290002E-1	 4.2730001E-1
 5.9609997E-1	 4.2469999E-1
 5.8730000E-1	 4.2150000E-1
 5.7359999E-1	 4.1710001E-1
 5.5299997E-1	 4.1229999E-1
 5.3969997E-1	 4.0910000E-1
 5.3560001E-1	 4.0680000E-1
 5.3210002E-1	 4.0560001E-1
 5.2319998E-1	 4.0349999E-1
 5.1349998E-1	 4.0120000E-1
 5.0599998E-1	 3.9950001E-1
 4.8750001E-1	 3.9340001E-1
 4.7090000E-1	 3.8839999E-1
 4.5860001E-1	 3.8550001E-1
 4.5240000E-1	 3.8299999E-1
 4.3889999E-1	 3.7840000E-1
 4.1760001E-1	 3.7230000E-1
 4.0090001E-1	 3.6770001E-1
 3.9350000E-1	 3.6399999E-1
 3.8400000E-1	 3.6030000E-1
 3.7029999E-1	 3.5620001E-1
 3.4900001E-1	 3.5100001E-1
 3.3440000E-1	 3.4490001E-1
 3.0790001E-1	 3.3399999E-1
 2.9269999E-1	 3.2780001E-1
 2.7919999E-1	 3.2339999E-1
 2.7260000E-1	 3.1909999E-1
 2.6107001E-1	 3.1569999E-1
 2.5856999E-1	 3.1250000E-1
 2.4481000E-1	 3.0840001E-1
 2.3784000E-1	 3.0399999E-1
 2.3533000E-1	 3.0239999E-1
 2.3081000E-1	 3.0190000E-1
 2.1610001E-1	 2.9499999E-1
 2.0703000E-1	 2.9040000E-1
 1.9257000E-1	 2.8569999E-1
 1.8277000E-1	 2.7959999E-1
 1.6923000E-1	 2.7239999E-1
 1.5606000E-1	 2.6304999E-1
 1.4590000E-1	 2.5979999E-1
 1.4187001E-1	 2.5782999E-1
 1.3299000E-1	 2.5279999E-1
 1.2381000E-1	 2.4792001E-1
 1.1899000E-1	 2.4439999E-1
 1.1676000E-1	 2.4284001E-1
 1.1304000E-1	 2.4058001E-1
 1.0494000E-1	 2.3650999E-1
 9.8779999E-2	 2.3270001E-1
 9.5899999E-2	 2.3014000E-1
 9.3470000E-2	 2.2833000E-1
 8.8229999E-2	 2.2558001E-1
 8.1610002E-2	 2.2227000E-1
 7.6099999E-2	 2.1865000E-1
 6.6909999E-2	 2.1223000E-1
 5.9360001E-2	 2.0694000E-1
 4.8370000E-2	 2.0122001E-1
 4.1979998E-2	 1.9442999E-1
 3.8100000E-2	 1.9097000E-1
 3.5730001E-2	 1.8890999E-1
 3.2710001E-2	 1.8711001E-1
 3.0020000E-2	 1.8524000E-1
 2.5599999E-2	 1.8179999E-1
 1.3250000E-2	 1.7445999E-1
 5.9400001E-3	 1.6780999E-1
 3.2500001E-3	 1.6450000E-1
 1.6700000E-3	 1.6285001E-1
 1.0400000E-3	 1.6199000E-1
 6.3000002E-4	 1.6152000E-1
 4.6000001E-4	 1.6124000E-1
 3.6000001E-4	 1.6107000E-1
 3.0000001E-4	 1.6097000E-1
 2.5000001E-4	 1.6089000E-1
 2.3000001E-4	 1.6084000E-1
 2.3999999E-4	 1.6079000E-1
 2.3000001E-4	 1.6075000E-1
 2.1000000E-4	 1.6072001E-1
 2.1000000E-4	 1.6069999E-1
 1.9999999E-4	 1.6066000E-1
 2.1000000E-4	 1.6065000E-1
 1.9000001E-4	 1.6063000E-1
 1.7000000E-4	 1.6061001E-1
 1.7000000E-4	 1.6060001E-1
 1.9000001E-4	 1.6058999E-1
 1.8000000E-4	 1.6057999E-1
 1.8000000E-4	 1.6056000E-1
 1.8000000E-4	 1.6056000E-1
 1.7000000E-4	 1.6055000E-1
 1.8000000E-4	 1.6054000E-1
 -1.6000000E-4	 1.6046000E-1
 -1.9000001E-4	 1.6041000E-1
 -1.9000001E-4	 1.6038001E-1
 -2.1000000E-4	 1.6035999E-1
 -2.2000000E-4	 1.6034000E-1
 -2.1000000E-4	 1.6031000E-1
 -2.3000001E-4	 1.6030000E-1
 -2.2000000E-4	 1.6028000E-1
 -2.3999999E-4	 1.6028000E-1
 -2.3999999E-4	 1.6027001E-1
 -2.6999999E-4	 1.6024999E-1
 -9.9999997E-6	 1.6024999E-1
 1.3000000E-4	 1.6028000E-1
 2.3999999E-4	 1.6030000E-1
 2.3999999E-4	 1.6031000E-1
 2.3000001E-4	 1.6031000E-1
 2.5000001E-4	 1.6032000E-1
 2.3999999E-4	 1.6031000E-1
 2.3999999E-4	 1.6031000E-1
 2.3000001E-4	 1.6030000E-1
 2.6000000E-4	 1.6030000E-1
 2.5000001E-4	 1.6030000E-1
 -1.5000001E-4	 1.6023999E-1
 -1.8000000E-4	 1.6022000E-1
 -1.5000001E-4	 1.6021000E-1
 -1.4000000E-4	 1.6022000E-1
 -1.6000000E-4	 1.6020000E-1
 -1.6000000E-4	 1.6020000E-1
 -1.7000000E-4	 1.6020000E-1
 -1.6000000E-4	 1.6019000E-1
 -1.6000000E-4	 1.6019000E-1
 -1.6000000E-4	 1.6019000E-1
 -1.5000001E-4	 1.6018000E-1
 -1.8000000E-4	 1.6017000E-1
 -1.8000000E-4	 1.6018000E-1
 -1.6000000E-4	 1.6017000E-1
 -1.7000000E-4	 1.6017000E-1
 -1.7000000E-4	 1.6017000E-1
 -1.6000000E-4	 1.6016001E-1
 -1.8000000E-4	 1.6016001E-1
 -1.8000000E-4	 1.6015001E-1
 -1.5000001E-4	 1.6013999E-1
 -1.8000000E-4	 1.6015001E-1
 -1.8000000E-4	 1.6013999E-1
 -1.6000000E-4	 1.6012999E-1
 -1.6000000E-4	 1.6012999E-1
 -1.9000001E-4	 1.6012999E-1
 -1.6000000E-4	 1.6013999E-1
 -1.6000000E-4	 1.6012999E-1
 -1.7000000E-4	 1.6012999E-1
 -1.5000001E-4	 1.6012000E-1
 -1.3000000E-4	 1.6012000E-1
 -1.6000000E-4	 1.6012000E-1
 -1.6000000E-4	 1.6012000E-1
 -1.6000000E-4	 1.6012000E-1
 -1.5000001E-4	 1.6011000E-1
 -1.8000000E-4	 1.6010000E-1
 -1.8000000E-4	 1.6009000E-1
 -1.7000000E-4	 1.6009000E-1
 -1.8000000E-4	 1.6009000E-1
 -1.8000000E-4	 1.6009000E-1
 -1.9000001E-4	 1.6009000E-1
 -1.9999999E-4	 1.6008000E-1
 -6.2099998E-3	 1.5823001E-1
 -1.1930000E-2	 1.5419000E-1
 -1.8780001E-2	 1.4805000E-1
 -2.6690001E-2	 1.4206000E-1
 -3.6920000E-2	 1.3563000E-1
 -4.6060000E-2	 1.2801000E-1
 -5.5849999E-2	 1.1907000E-1
 -6.0199998E-2	 1.1409000E-1
 -6.4479999E-2	 1.1088000E-1
 -6.7259997E-2	 1.0790000E-1
 -6.9289997E-2	 1.0587000E-1
 -7.2049998E-2	 1.0354000E-1
 -7.7200003E-2	 1.0060000E-1
 -8.1699997E-2	 9.7029999E-2
 -8.6980000E-2	 9.2189997E-2
 -9.4360001E-2	 8.6640000E-2
 -9.8810002E-2	 8.2079999E-2
 -1.0096000E-1	 7.9870000E-2
 -1.0231000E-1	 7.8369997E-2
 -1.0478000E-1	 7.6640002E-2
 -1.0705000E-1	 7.4869998E-2
 -1.0875000E-1	 7.3380001E-2
 -1.1014000E-1	 7.1889997E-2
 -1.1206000E-1	 7.0440002E-2
 -1.1587000E-1	 6.8360001E-2
 -1.2003000E-1	 6.5279998E-2
 -1.2506001E-1	 6.0520001E-2
 -1.3219000E-1	 5.5240002E-2
 -1.3947000E-1	 4.9810000E-2
 -1.4506000E-1	 4.4890001E-2
 -1.5018000E-1	 3.9919998E-2
 -1.6004001E-1	 3.3050001E-2
 -1.6814999E-1	 2.2848001E-2
 -1.7330000E-1	 2.0298000E-2
 -1.7520000E-1	 1.8446000E-2
 -1.7756000E-1	 1.6370000E-2
 -1.8269999E-1	 1.3420000E-2
 -1.9257000E-1	 9.4160000E-3
 -2.0149000E-1	 -8.7300001E-4
 -2.1055000E-1	 -8.5890004E-3
 -2.2223000E-1	 -1.6222000E-2
 -2.3417000E-1	 -2.4584001E-2
 -2.4772000E-1	 -4.1110002E-2
 -2.5720999E-1	 -4.5979999E-2
 -2.6589000E-1	 -5.0980002E-2
 -2.7542999E-1	 -5.7130001E-2
 -2.8738001E-1	 -6.7550004E-2
 -2.9348001E-1	 -7.3190004E-2
 -2.9883999E-1	 -7.7249996E-2
 -3.1180000E-1	 -8.0710001E-2
 -3.1659999E-1	 -9.0389997E-2
 -3.2170001E-1	 -9.4549999E-2
 -3.2560000E-1	 -9.8530002E-2
 -3.2800001E-1	 -1.0062000E-1
 -3.3000001E-1	 -1.0245000E-1
 -3.3129999E-1	 -1.0366000E-1
 -3.3379999E-1	 -1.0492000E-1
 -3.3880001E-1	 -1.0664000E-1
 -3.4740001E-1	 -1.1383000E-1
 -3.5650000E-1	 -1.1990000E-1
 -3.6629999E-1	 -1.2616000E-1
 -3.7509999E-1	 -1.3180000E-1
 -3.8350001E-1	 -1.3905001E-1
 -3.9129999E-1	 -1.4451000E-1
 -4.0009999E-1	 -1.4956000E-1
 -4.0970001E-1	 -1.5520000E-1
 -4.2160001E-1	 -1.6429000E-1
 -4.4290000E-1	 -1.7628001E-1
 -4.5490000E-1	 -1.8528999E-1
 -4.6070001E-1	 -1.8943000E-1
 -4.6540001E-1	 -1.9329000E-1
 -4.7770000E-1	 -1.9967000E-1
 -4.9649999E-1	 -2.0852999E-1
 -5.1040000E-1	 -2.1802001E-1
 -5.1950002E-1	 -2.2471000E-1
 -5.3020000E-1	 -2.3068000E-1
 -5.4680002E-1	 -2.3804000E-1
 -5.6120002E-1	 -2.4558000E-1
 -5.7230002E-1	 -2.5356999E-1
 -5.8819997E-1	 -2.6117000E-1
 -6.0479999E-1	 -2.6883000E-1
 -6.1790001E-1	 -2.7520001E-1
 -6.2790000E-1	 -2.8182000E-1
 -6.3709998E-1	 -2.8626001E-1
 -6.4840001E-1	 -2.9067001E-1
 -6.5780002E-1	 -2.9504001E-1
 -6.6610003E-1	 -2.9993999E-1
 -6.8900001E-1	 -3.1389999E-1
 -7.1689999E-1	 -3.2110000E-1
 -7.3299998E-1	 -3.2659999E-1
 -7.4169999E-1	 -3.3219999E-1
 -7.5860000E-1	 -3.3870000E-1
 -7.6740003E-1	 -3.4230000E-1
 -7.7120000E-1	 -3.4439999E-1
 -7.7329999E-1	 -3.4570000E-1
 -7.8710002E-1	 -3.5010001E-1
 -7.9960001E-1	 -3.5420001E-1
 -8.1199998E-1	 -3.5780001E-1
 -8.2270002E-1	 -3.6350000E-1
 -8.3080000E-1	 -3.6649999E-1
 -8.3510000E-1	 -3.6820000E-1
 -8.4399998E-1	 -3.6970001E-1
 -8.5329998E-1	 -3.7439999E-1
 -8.8620001E-1	 -3.8420001E-1
 -9.1640002E-1	 -3.9320001E-1
 -9.4419998E-1	 -4.0000001E-1
 -9.6850002E-1	 -4.1080001E-1
 -9.9710000E-1	 -4.1880000E-1
 -1.0136000E+0	 -4.2350000E-1
 -1.0283000E+0	 -4.2660001E-1
 -1.0393000E+0	 -4.3149999E-1
 -1.0562000E+0	 -4.3579999E-1
 -1.0820000E+0	 -4.4150001E-1
 -1.1002001E+0	 -4.4610000E-1
 -1.1120000E+0	 -4.5070001E-1
 -1.1363000E+0	 -4.5640001E-1
 -1.1597000E+0	 -4.6149999E-1
 -1.1727000E+0	 -4.6450001E-1
 -1.1792001E+0	 -4.6730000E-1
 -1.2065001E+0	 -4.7310001E-1
 -1.2229000E+0	 -4.7670001E-1
 -1.2380000E+0	 -4.7920001E-1
 -1.2466000E+0	 -4.8280001E-1
 -1.2713000E+0	 -4.8780000E-1
 -1.2859000E+0	 -4.9079999E-1
 -1.2965000E+0	 -4.9270001E-1
 -1.3023000E+0	 -4.9489999E-1
 -1.3257000E+0	 -4.9950001E-1
 -1.3403000E+0	 -5.0230002E-1
 -1.3486000E+0	 -5.0379997E-1
 -1.3525000E+0	 -5.0540000E-1
 -1.3706000E+0	 -5.0880003E-1
 -1.3841000E+0	 -5.1139998E-1
 -1.4000000E+0	 -5.1340002E-1
 -1.4100000E+0	 -5.1670003E-1
 -1.4387000E+0	 -5.2190000E-1
 -1.4650000E+0	 -5.2630001E-1
 -1.4814000E+0	 -5.2890003E-1
 -1.4901000E+0	 -5.3189999E-1
 -1.5186000E+0	 -5.3670001E-1
 -1.5345000E+0	 -5.3960001E-1
 -1.5376000E+0	 -5.4030001E-1
 -1.5387000E+0	 -5.4079998E-1
 -1.5558000E+0	 -5.4350001E-1
 -1.5689000E+0	 -5.4560000E-1
 -1.5832000E+0	 -5.4729998E-1
 -1.5906000E+0	 -5.4970002E-1
 -1.6028000E+0	 -5.5159998E-1
 -1.6097000E+0	 -5.5280000E-1
 -1.6156000E+0	 -5.5350000E-1
 -1.6181000E+0	 -5.5440003E-1
 -1.6443000E+0	 -5.5839998E-1
 -1.6654000E+0	 -5.6160003E-1
 -1.6775000E+0	 -5.6330001E-1
 -1.6827000E+0	 -5.6500000E-1
 -1.6948000E+0	 -5.6680000E-1
 -1.6984000E+0	 -5.6750000E-1
 -1.7066000E+0	 -5.6819999E-1
 -1.7117000E+0	 -5.6940001E-1
 -1.7306000E+0	 -5.7239997E-1
 -1.7447000E+0	 -5.7459998E-1
 -1.7746000E+0	 -5.7749999E-1
 -1.7868000E+0	 -5.8099997E-1
 -1.8008000E+0	 -5.8329999E-1
 -1.8052000E+0	 -5.8399999E-1
 -1.8155000E+0	 -5.8490002E-1
 -1.8205000E+0	 -5.8609998E-1
 -1.8331000E+0	 -5.8810002E-1
 -1.8364000E+0	 -5.8870000E-1
 -1.8386000E+0	 -5.8890003E-1
 -1.8404000E+0	 -5.8920002E-1
 -1.8504000E+0	 -5.9069997E-1
 -1.8576000E+0	 -5.9170002E-1
 -1.8660001E+0	 -5.9249997E-1
 -1.8691000E+0	 -5.9340000E-1
 -1.8748000E+0	 -5.9429997E-1
 -1.8891000E+0	 -5.9619999E-1
 -1.9010000E+0	 -5.9719998E-1
 -1.9073000E+0	 -5.9859997E-1
 -1.9261000E+0	 -6.0140002E-1
 -1.9292001E+0	 -6.0200000E-1
 -1.9349999E+0	 -6.0250002E-1
 -1.9394000E+0	 -6.0310000E-1
 -1.9548000E+0	 -6.0549998E-1
 -1.9835000E+0	 -6.0920000E-1
 -1.9854000E+0	 -6.0979998E-1
 -1.9858000E+0	 -6.0990000E-1
 -1.9864000E+0	 -6.1000001E-1
 -1.9863000E+0	 -6.1000001E-1
 -1.9861000E+0	 -6.1000001E-1
 -1.9865000E+0	 -6.1000001E-1
 -1.9874001E+0	 -6.1019999E-1
 -1.9892000E+0	 -6.1040002E-1
 -2.0007999E+0	 -6.1140001E-1
 -2.0072000E+0	 -6.1220002E-1
 -2.0156000E+0	 -6.1379999E-1
 -2.0281000E+0	 -6.1540002E-1
 -2.0597999E+0	 -6.1839998E-1
 -2.0699999E+0	 -6.2059999E-1
 -2.0776000E+0	 -6.2210000E-1
 -2.0795000E+0	 -6.2239999E-1
 -2.0845001E+0	 -6.2279999E-1
 -2.0869000E+0	 -6.2309998E-1
 -2.0901999E+0	 -6.2370002E-1
 -2.1148000E+0	 -6.2669998E-1
 -2.1336000E+0	 -6.2910002E-1
 -2.1370001E+0	 -6.2949997E-1
 -2.1499000E+0	 -6.3129997E-1
 -2.1552000E+0	 -6.3200003E-1
 -2.1582999E+0	 -6.3230002E-1
 -2.1610999E+0	 -6.3249999E-1
 -2.1767001E+0	 -6.3470000E-1
 -2.1987000E+0	 -6.3730001E-1
 -2.2004001E+0	 -6.3760000E-1
 -2.2005999E+0	 -6.3770002E-1
 -2.2012999E+0	 -6.3779998E-1
 -2.2042000E+0	 -6.3810003E-1
 -2.2197001E+0	 -6.3950002E-1
 -2.2226000E+0	 -6.4029998E-1
 -2.2288001E+0	 -6.4109999E-1
 -2.2342000E+0	 -6.4170003E-1
 -2.2402999E+0	 -6.4240003E-1
 -2.2411001E+0	 -6.4260000E-1
 -2.2421000E+0	 -6.4279997E-1
 -2.2440000E+0	 -6.4300001E-1
 -2.2486999E+0	 -6.4340001E-1
 -2.2537000E+0	 -6.4359999E-1
 -2.2704000E+0	 -6.4609998E-1
 -2.2767999E+0	 -6.4690000E-1
 -2.2774000E+0	 -6.4700001E-1
 -2.2774999E+0	 -6.4700001E-1
 -2.2778001E+0	 -6.4709997E-1
 -2.3055000E+0	 -6.5009999E-1
 -2.3311999E+0	 -6.5310001E-1
 -2.3338001E+0	 -6.5359998E-1
 -2.3343999E+0	 -6.5380001E-1
 -2.3405001E+0	 -6.5439999E-1
 -2.3541000E+0	 -6.5570003E-1
 -2.3603001E+0	 -6.5609998E-1
 -2.3757000E+0	 -6.5840000E-1
 -2.3855000E+0	 -6.5950000E-1
 -2.3931000E+0	 -6.6039997E-1
 -2.3987000E+0	 -6.6060001E-1
 -2.4114001E+0	 -6.6250002E-1
 -2.4261999E+0	 -6.6409999E-1
 -2.4389000E+0	 -6.6549999E-1
 -2.4447999E+0	 -6.6579998E-1
 -2.4528999E+0	 -6.6720003E-1
 -2.4553001E+0	 -6.6750002E-1
 -2.4560001E+0	 -6.6759998E-1
 -2.4577000E+0	 -6.6759998E-1
 -2.4610000E+0	 -6.6810000E-1
 -2.4667001E+0	 -6.6869998E-1
 -2.4719999E+0	 -6.6930002E-1
 -2.4756000E+0	 -6.6939998E-1
 -2.4816000E+0	 -6.7040002E-1
 -2.4951999E+0	 -6.7180002E-1
 -2.4995999E+0	 -6.7229998E-1
 -2.5019000E+0	 -6.7240000E-1
 -2.5051000E+0	 -6.7299998E-1
 -2.5211000E+0	 -6.7460001E-1
 -2.5439000E+0	 -6.7699999E-1
 -2.5566001E+0	 -6.7729998E-1
 -2.5643001E+0	 -6.7930001E-1
 -2.5683999E+0	 -6.7970002E-1
 -2.5725999E+0	 -6.8019998E-1
 -2.5795000E+0	 -6.8030000E-1
 -2.5908999E+0	 -6.8210000E-1
 -2.5934000E+0	 -6.8239999E-1
 -2.5971000E+0	 -6.8279999E-1
 -2.5987000E+0	 -6.8290001E-1
 -2.6020999E+0	 -6.8330002E-1
 -2.6094000E+0	 -6.8409997E-1
 -2.6221001E+0	 -6.8529999E-1
 -2.6250000E+0	 -6.8559998E-1
 -2.6257999E+0	 -6.8580002E-1
 -2.6379001E+0	 -6.8699998E-1
 -2.6487999E+0	 -6.8809998E-1
 -2.6500001E+0	 -6.8830001E-1
 -2.6507001E+0	 -6.8839997E-1
 -2.6515000E+0	 -6.8849999E-1
 -2.6557000E+0	 -6.8889999E-1
 -2.6661999E+0	 -6.8900001E-1
 -2.6808000E+0	 -6.9150001E-1
 -2.6856999E+0	 -6.9199997E-1
 -2.6873000E+0	 -6.9220001E-1
 -2.6902001E+0	 -6.9220001E-1
 -2.6930001E+0	 -6.9279999E-1
 -2.7175000E+0	 -6.9520003E-1
 -2.7265999E+0	 -6.9610000E-1
 -2.7309000E+0	 -6.9630003E-1
 -2.7356000E+0	 -6.9709998E-1
 -2.7400999E+0	 -6.9749999E-1
 -2.7657001E+0	 -6.9999999E-1
 -2.7923999E+0	 -7.0099998E-1
 -2.8023000E+0	 -7.0370001E-1
 -2.8169000E+0	 -7.0510000E-1
 -2.8302000E+0	 -7.0639998E-1
 -2.8388000E+0	 -7.0660001E-1
 -2.8478999E+0	 -7.0819998E-1
 -2.8556001E+0	 -7.0889997E-1
 -2.8740001E+0	 -7.1060002E-1
 -2.8954999E+0	 -7.1149999E-1
 -2.9031999E+0	 -7.1350002E-1
 -2.9215000E+0	 -7.1520001E-1
 -2.9438000E+0	 -7.1719998E-1
 -2.9577999E+0	 -7.1759999E-1
 -2.9703000E+0	 -7.1990001E-1
 -2.9707999E+0	 -7.2000003E-1
 -2.9707999E+0	 -7.2000003E-1
 -2.9707000E+0	 -7.2000003E-1
 -2.9707000E+0	 -7.2000003E-1
 -2.9705999E+0	 -7.2000003E-1
 -2.9705999E+0	 -7.2000003E-1
 -2.9705000E+0	 -7.2000003E-1
 -2.9705000E+0	 -7.2000003E-1
 -2.9705000E+0	 -7.2000003E-1
 -2.9704001E+0	 -7.2000003E-1
 -2.9703000E+0	 -7.2000003E-1
 -2.9704001E+0	 -7.2000003E-1
 -2.9704001E+0	 -7.2000003E-1
 -2.9698000E+0	 -7.1990001E-1
 -2.9654000E+0	 -7.1990001E-1
 -2.9616001E+0	 -7.1939999E-1
 -2.9380000E+0	 -7.1799999E-1
 -2.9261999E+0	 -7.1719998E-1
 -2.9158001E+0	 -7.1679997E-1
 -2.9142001E+0	 -7.1640003E-1
 -2.8980000E+0	 -7.1539998E-1
 -2.8900001E+0	 -7.1490002E-1
 -2.8878000E+0	 -7.1480000E-1
 -2.8864000E+0	 -7.1460003E-1
 -2.8548000E+0	 -7.1259999E-1
 -2.8506999E+0	 -7.1230000E-1
 -2.8494000E+0	 -7.1219999E-1
 -2.8492999E+0	 -7.1219999E-1
 -2.8473001E+0	 -7.1200001E-1
 -2.8415999E+0	 -7.1170002E-1
 -2.8360000E+0	 -7.1139997E-1
 -2.8348999E+0	 -7.1120000E-1
 -2.8267000E+0	 -7.1069998E-1
 -2.8243999E+0	 -7.1050000E-1
 -2.8238001E+0	 -7.1050000E-1
 -2.8237000E+0	 -7.1050000E-1
 -2.8225999E+0	 -7.1039999E-1
 -2.8176000E+0	 -7.0999998E-1
 -2.8083999E+0	 -7.0969999E-1
 -2.8071001E+0	 -7.0929998E-1
 -2.7913001E+0	 -7.0819998E-1
 -2.7614000E+0	 -7.0620000E-1
 -2.7537999E+0	 -7.0580000E-1
 -2.7523999E+0	 -7.0550001E-1
 -2.7521000E+0	 -7.0550001E-1
 -2.7514999E+0	 -7.0550001E-1
 -2.7479999E+0	 -7.0529997E-1
 -2.7474999E+0	 -7.0510000E-1
 -2.7453001E+0	 -7.0499998E-1
 -2.7412000E+0	 -7.0469999E-1
 -2.7341001E+0	 -7.0440000E-1
 -2.7328999E+0	 -7.0410001E-1
 -2.7249000E+0	 -7.0359999E-1
 -2.7244999E+0	 -7.0349997E-1
 -2.7241001E+0	 -7.0349997E-1
 -2.7242000E+0	 -7.0349997E-1
 -2.7228000E+0	 -7.0340002E-1
 -2.7224000E+0	 -7.0340002E-1
 -2.7221000E+0	 -7.0340002E-1
 -2.7221000E+0	 -7.0330000E-1
 -2.7221999E+0	 -7.0330000E-1
 -2.7202001E+0	 -7.0319998E-1
 -2.6959000E+0	 -7.0209998E-1
 -2.6917000E+0	 -7.0109999E-1
 -2.6842000E+0	 -7.0060003E-1
 -2.6726000E+0	 -6.9980001E-1
 -2.6686001E+0	 -6.9959998E-1
 -2.6681001E+0	 -6.9940001E-1
 -2.6668999E+0	 -6.9929999E-1
 -2.6664000E+0	 -6.9929999E-1
 -2.6661999E+0	 -6.9929999E-1
 -2.6661000E+0	 -6.9929999E-1
 -2.6654999E+0	 -6.9919997E-1
 -2.6631000E+0	 -6.9910002E-1
 -2.6601000E+0	 -6.9889998E-1
 -2.6596999E+0	 -6.9880003E-1
 -2.6543000E+0	 -6.9840002E-1
 -2.6526000E+0	 -6.9830000E-1
 -2.6515999E+0	 -6.9819999E-1
 -2.6515000E+0	 -6.9819999E-1
 -2.6510999E+0	 -6.9819999E-1
 -2.6503000E+0	 -6.9809997E-1
 -2.6477001E+0	 -6.9800001E-1
 -2.6473000E+0	 -6.9790000E-1
 -2.6178999E+0	 -6.9569999E-1
 -2.5934000E+0	 -6.9389999E-1
 -2.5869000E+0	 -6.9340003E-1
 -2.5859001E+0	 -6.9319999E-1
 -2.5782001E+0	 -6.9270003E-1
 -2.5778000E+0	 -6.9260001E-1
 -2.5778000E+0	 -6.9260001E-1
 -2.5778000E+0	 -6.9260001E-1
 -2.5780001E+0	 -6.9260001E-1
 -2.5771999E+0	 -6.9260001E-1
 -2.5771000E+0	 -6.9260001E-1
 -2.5769999E+0	 -6.9260001E-1
 -2.5720000E+0	 -6.9220001E-1
 -2.5532999E+0	 -6.9080001E-1
 -2.5323000E+0	 -6.8980002E-1
 -2.5294001E+0	 -6.8889999E-1
 -2.5218000E+0	 -6.8830001E-1
 -2.5190001E+0	 -6.8809998E-1
 -2.5190001E+0	 -6.8809998E-1
 -2.5190001E+0	 -6.8809998E-1
 -2.5190001E+0	 -6.8809998E-1
 -2.5193000E+0	 -6.8809998E-1
 -2.5192001E+0	 -6.8809998E-1
 -2.5192001E+0	 -6.8809998E-1
 -2.5192001E+0	 -6.8809998E-1
 -2.5091000E+0	 -6.8730003E-1
 -2.5086000E+0	 -6.8730003E-1
 -2.5086000E+0	 -6.8720001E-1
 -2.5072999E+0	 -6.8720001E-1
 -2.5033000E+0	 -6.8690002E-1
 -2.4949999E+0	 -6.8640000E-1
 -2.4937999E+0	 -6.8610001E-1
 -2.4816000E+0	 -6.8510002E-1
 -2.4765000E+0	 -6.8470001E-1
 -2.4693000E+0	 -6.8430001E-1
 -2.4684999E+0	 -6.8409997E-1
 -2.4616001E+0	 -6.8349999E-1
 -2.4461999E+0	 -6.8229997E-1
 -2.4453001E+0	 -6.8220001E-1
 -2.4452000E+0	 -6.8220001E-1
 -2.4440999E+0	 -6.8210000E-1
 -2.4349000E+0	 -6.8140000E-1
 -2.4298999E+0	 -6.8110001E-1
 -2.4293001E+0	 -6.8089998E-1
 -2.4277999E+0	 -6.8080002E-1
 -2.4237001E+0	 -6.8040001E-1
 -2.4233999E+0	 -6.8040001E-1
 -2.4233000E+0	 -6.8040001E-1
 -2.4228001E+0	 -6.8030000E-1
 -2.4147000E+0	 -6.7970002E-1
 -2.4086001E+0	 -6.7940003E-1
 -2.4079001E+0	 -6.7909998E-1
 -2.3882000E+0	 -6.7750001E-1
 -2.3857999E+0	 -6.7729998E-1
 -2.3817999E+0	 -6.7710000E-1
 -2.3814001E+0	 -6.7690003E-1
 -2.3682001E+0	 -6.7580003E-1
 -2.3343000E+0	 -6.7309999E-1
 -2.3134999E+0	 -6.7159998E-1
 -2.3103001E+0	 -6.7089999E-1
 -2.3097000E+0	 -6.7079997E-1
 -2.3083000E+0	 -6.7070001E-1
 -2.3073001E+0	 -6.7060000E-1
 -2.3072000E+0	 -6.7060000E-1
 -2.3073001E+0	 -6.7060000E-1
 -2.3083000E+0	 -6.7060000E-1
 -2.3104000E+0	 -6.7070001E-1
 -2.3106000E+0	 -6.7079997E-1
 -2.3130000E+0	 -6.7100000E-1
 -2.3129001E+0	 -6.7100000E-1
 -2.3125999E+0	 -6.7089999E-1
 -2.3125000E+0	 -6.7089999E-1
 -2.3085999E+0	 -6.7070001E-1
 -2.3025000E+0	 -6.7019999E-1
 -2.2879000E+0	 -6.6930002E-1
 -2.2860000E+0	 -6.6880000E-1
 -2.2783999E+0	 -6.6810000E-1
 -2.2772000E+0	 -6.6799998E-1
 -2.2706001E+0	 -6.6759998E-1
 -2.2695999E+0	 -6.6729999E-1
 -2.2655001E+0	 -6.6700000E-1
 -2.2632000E+0	 -6.6680002E-1
 -2.2444999E+0	 -6.6560000E-1
 -2.2420001E+0	 -6.6490000E-1
 -2.2263999E+0	 -6.6350001E-1
 -2.1965001E+0	 -6.6090000E-1
 -2.1902001E+0	 -6.6039997E-1
 -2.1894000E+0	 -6.6009998E-1
 -2.1894000E+0	 -6.6009998E-1
 -2.1482999E+0	 -6.5700001E-1
 -2.1338000E+0	 -6.5579998E-1
 -2.1184001E+0	 -6.5350002E-1
 -2.1055000E+0	 -6.5240002E-1
 -2.0943000E+0	 -6.5149999E-1
 -2.0922000E+0	 -6.5109998E-1
 -2.0752001E+0	 -6.4940000E-1
 -2.0520999E+0	 -6.4730000E-1
 -2.0406001E+0	 -6.4639997E-1
 -2.0390999E+0	 -6.4590001E-1
 -2.0167000E+0	 -6.4370000E-1
 -1.9814000E+0	 -6.4039999E-1
 -1.9687001E+0	 -6.3919997E-1
 -1.9675000E+0	 -6.3880002E-1
 -1.9572001E+0	 -6.3770002E-1
 -1.9485000E+0	 -6.3690001E-1
 -1.9391000E+0	 -6.3609999E-1
 -1.9373000E+0	 -6.3569999E-1
 -1.9184999E+0	 -6.3380003E-1
 -1.9040000E+0	 -6.3230002E-1
 -1.8872000E+0	 -6.3090003E-1
 -1.8845000E+0	 -6.3020003E-1
 -1.8703001E+0	 -6.2870002E-1
 -1.8595001E+0	 -6.2760001E-1
 -1.8426000E+0	 -6.2610000E-1
 -1.8399000E+0	 -6.2540001E-1
 -1.8370000E+0	 -6.2510002E-1
 -1.8358999E+0	 -6.2489998E-1
 -1.8320000E+0	 -6.2470001E-1
 -1.8315001E+0	 -6.2449998E-1
 -1.8281000E+0	 -6.2410003E-1
 -1.8279001E+0	 -6.2410003E-1
 -1.8250999E+0	 -6.2390000E-1
 -1.8245000E+0	 -6.2370002E-1
 -1.8204000E+0	 -6.2330002E-1
 -1.7967000E+0	 -6.2089998E-1
 -1.7857000E+0	 -6.1979997E-1
 -1.7838000E+0	 -6.1919999E-1
 -1.7763000E+0	 -6.1839998E-1
 -1.7681000E+0	 -6.1750001E-1
 -1.7498000E+0	 -6.1600000E-1
 -1.7460001E+0	 -6.1510003E-1
 -1.7278000E+0	 -6.1290002E-1
 -1.7249000E+0	 -6.1260003E-1
 -1.7162000E+0	 -6.1180001E-1
 -1.7137001E+0	 -6.1140001E-1
 -1.7018000E+0	 -6.1000001E-1
 -1.6957999E+0	 -6.0930002E-1
 -1.6916000E+0	 -6.0890001E-1
 -1.6906000E+0	 -6.0869998E-1
 -1.6838000E+0	 -6.0780001E-1
 -1.6726000E+0	 -6.0659999E-1
 -1.6700000E+0	 -6.0630000E-1
 -1.6691999E+0	 -6.0610002E-1
 -1.6587000E+0	 -6.0490000E-1
 -1.6532000E+0	 -6.0430002E-1
 -1.6364000E+0	 -6.0280001E-1
 -1.6188000E+0	 -6.0189998E-1
 -1.5887001E+0	 -5.9649998E-1
 -1.5861000E+0	 -5.9609997E-1
 -1.5836999E+0	 -5.9579998E-1
 -1.5815001E+0	 -5.9570003E-1
 -1.5633000E+0	 -5.9329998E-1
 -1.5513000E+0	 -5.9189999E-1
 -1.5439000E+0	 -5.9100002E-1
 -1.5427001E+0	 -5.9060001E-1
 -1.5426000E+0	 -5.9060001E-1
 -1.5425000E+0	 -5.9060001E-1
 -1.5418000E+0	 -5.9050000E-1
 -1.5416000E+0	 -5.9050000E-1
 -1.5398999E+0	 -5.9030002E-1
 -1.5281000E+0	 -5.8890003E-1
 -1.5229000E+0	 -5.8829999E-1
 -1.5220000E+0	 -5.8800000E-1
 -1.5216000E+0	 -5.8789998E-1
 -1.5218000E+0	 -5.8789998E-1
 -1.5206000E+0	 -5.8789998E-1
 -1.5207000E+0	 -5.8780003E-1
 -1.5225000E+0	 -5.8800000E-1
 -1.5216000E+0	 -5.8789998E-1
 -1.5170000E+0	 -5.8749998E-1
 -1.5157000E+0	 -5.8730000E-1
 -1.5077000E+0	 -5.8620000E-1
 -1.4895000E+0	 -5.8399999E-1
 -1.4894000E+0	 -5.8370000E-1
 -1.4893000E+0	 -5.8370000E-1
 -1.4892000E+0	 -5.8370000E-1
 -1.4871000E+0	 -5.8350003E-1
 -1.4807000E+0	 -5.8289999E-1
 -1.4794000E+0	 -5.8249998E-1
 -1.4755000E+0	 -5.8200002E-1
 -1.4726000E+0	 -5.8170003E-1
 -1.4540000E+0	 -5.7969999E-1
 -1.4497000E+0	 -5.7859999E-1
 -1.4461000E+0	 -5.7810003E-1
 -1.4384000E+0	 -5.7720000E-1
 -1.4351000E+0	 -5.7679999E-1
 -1.4344000E+0	 -5.7650000E-1
 -1.4331000E+0	 -5.7639998E-1
 -1.4298000E+0	 -5.7590002E-1
 -1.4293000E+0	 -5.7580000E-1
 -1.4282000E+0	 -5.7580000E-1
 -1.4224000E+0	 -5.7489997E-1
 -1.4196000E+0	 -5.7459998E-1
 -1.4076999E+0	 -5.7340002E-1
 -1.4040000E+0	 -5.7279998E-1
 -1.3915000E+0	 -5.7080001E-1
 -1.3674999E+0	 -5.6770003E-1
 -1.3570000E+0	 -5.6639999E-1
 -1.3544000E+0	 -5.6569999E-1
 -1.3435000E+0	 -5.6400001E-1
 -1.3214000E+0	 -5.6110001E-1
 -1.3120000E+0	 -5.5980003E-1
 -1.3089000E+0	 -5.5919999E-1
 -1.3006001E+0	 -5.5790001E-1
 -1.2982000E+0	 -5.5750000E-1
 -1.2902000E+0	 -5.5659997E-1
 -1.2878000E+0	 -5.5610001E-1
 -1.2814000E+0	 -5.5510002E-1
 -1.2799000E+0	 -5.5479997E-1
 -1.2793000E+0	 -5.5470002E-1
 -1.2790999E+0	 -5.5460000E-1
 -1.2779000E+0	 -5.5449998E-1
 -1.2684000E+0	 -5.5320001E-1
 -1.2653000E+0	 -5.5269998E-1
 -1.2636000E+0	 -5.5260003E-1
 -1.2561001E+0	 -5.5129999E-1
 -1.2384000E+0	 -5.4879999E-1
 -1.2306000E+0	 -5.4780000E-1
 -1.2295001E+0	 -5.4729998E-1
 -1.2289000E+0	 -5.4710001E-1
 -1.2229000E+0	 -5.4629999E-1
 -1.2114000E+0	 -5.4490000E-1
 -1.2072001E+0	 -5.4409999E-1
 -1.1962000E+0	 -5.4220003E-1
 -1.1815000E+0	 -5.4000002E-1
 -1.1802000E+0	 -5.3960001E-1
 -1.1798000E+0	 -5.3950000E-1
 -1.1775000E+0	 -5.3909999E-1
 -1.1616000E+0	 -5.3689998E-1
 -1.1373000E+0	 -5.3399998E-1
 -1.1338000E+0	 -5.3230000E-1
 -1.1303999E+0	 -5.3160000E-1
 -1.1260999E+0	 -5.3100002E-1
 -1.1200000E+0	 -5.3020000E-1
 -1.1180000E+0	 -5.2980000E-1
 -1.1118000E+0	 -5.2859998E-1
 -1.0727000E+0	 -5.2270001E-1
 -1.0571001E+0	 -5.2020001E-1
 -1.0533000E+0	 -5.1899999E-1
 -1.0431000E+0	 -5.1709998E-1
 -1.0369000E+0	 -5.1599997E-1
 -1.0202000E+0	 -5.1380002E-1
 -1.0154001E+0	 -5.1260000E-1
 -9.9959999E-1	 -5.0950003E-1
 -9.7970003E-1	 -5.0610000E-1
 -9.7039998E-1	 -5.0449997E-1
 -9.6850002E-1	 -5.0379997E-1
 -9.6550000E-1	 -5.0309998E-1
 -9.4970000E-1	 -5.0050002E-1
 -9.4749999E-1	 -4.9980000E-1
 -9.4730002E-1	 -4.9970001E-1
 -9.4720000E-1	 -4.9959999E-1
 -9.4510001E-1	 -4.9930000E-1
 -9.4150001E-1	 -4.9890000E-1
 -9.4010001E-1	 -4.9849999E-1
 -9.3709999E-1	 -4.9790001E-1
 -9.0869999E-1	 -4.9290001E-1
 -8.8819999E-1	 -4.8960000E-1
 -8.7840003E-1	 -4.8780000E-1
 -8.4859997E-1	 -4.8089999E-1
 -7.8740001E-1	 -4.6939999E-1
 -7.5260001E-1	 -4.6259999E-1
 -7.4239999E-1	 -4.5910001E-1
 -7.0880002E-1	 -4.5350000E-1
 -6.6119999E-1	 -4.4060001E-1
 -6.4520001E-1	 -4.3619999E-1
 -6.4039999E-1	 -4.3470001E-1
 -6.3010001E-1	 -4.3180001E-1
 -6.1540002E-1	 -4.2840001E-1
 -5.9570003E-1	 -4.2469999E-1
 -5.8679998E-1	 -4.2170000E-1
 -5.6809998E-1	 -4.1610000E-1
 -5.5170000E-1	 -4.1190001E-1
 -5.3839999E-1	 -4.0869999E-1
 -5.3240001E-1	 -4.0660000E-1
 -5.2139997E-1	 -4.0310001E-1
 -5.1249999E-1	 -4.0059999E-1
 -5.0220001E-1	 -3.9820001E-1
 -4.9559999E-1	 -3.9640000E-1
 -4.7650000E-1	 -3.9039999E-1
 -4.5680001E-1	 -3.8470000E-1
 -4.4440001E-1	 -3.8100001E-1
 -4.3910000E-1	 -3.7900001E-1
 -4.3040001E-1	 -3.7580001E-1
 -4.2170000E-1	 -3.7310001E-1
 -4.1010001E-1	 -3.7020001E-1
 -4.0450001E-1	 -3.6780000E-1
 -3.9309999E-1	 -3.6370000E-1
 -3.8569999E-1	 -3.6109999E-1
 -3.7400001E-1	 -3.5749999E-1
 -3.6890000E-1	 -3.5550001E-1
 -3.6269999E-1	 -3.5290000E-1
 -3.5409999E-1	 -3.5030001E-1
 -3.5100001E-1	 -3.4869999E-1
 -3.4840000E-1	 -3.4819999E-1
 -3.4259999E-1	 -3.4570000E-1
 -3.3289999E-1	 -3.4259999E-1
 -3.2220000E-1	 -3.3939999E-1
 -3.1650001E-1	 -3.3680001E-1
 -3.0829999E-1	 -3.3300000E-1
 -3.0360001E-1	 -3.3120000E-1
 -2.9640001E-1	 -3.2859999E-1
 -2.8999999E-1	 -3.2710001E-1
 -2.7559999E-1	 -3.2030001E-1
 -2.6471001E-1	 -3.1729999E-1
 -2.5838000E-1	 -3.1320000E-1
 -2.5279000E-1	 -3.1180000E-1
 -2.4648000E-1	 -3.0809999E-1
 -2.3450001E-1	 -3.0320001E-1
 -2.2291000E-1	 -2.9809999E-1
 -2.1551000E-1	 -2.9539999E-1
 -2.0285000E-1	 -2.8839999E-1
 -1.7929000E-1	 -2.7860001E-1
 -1.6899000E-1	 -2.7180001E-1
 -1.6327000E-1	 -2.6616001E-1
 -1.5294001E-1	 -2.6363000E-1
 -1.4714000E-1	 -2.6023999E-1
 -1.2967999E-1	 -2.5189000E-1
 -1.1580000E-1	 -2.4533001E-1
 -8.5129999E-2	 -2.2516000E-1
 -7.6200001E-2	 -2.1818000E-1
 -6.5430000E-2	 -2.1100999E-1
 -5.5560000E-2	 -2.0660999E-1
 -3.6929999E-2	 -1.9134000E-1
 -2.1090001E-2	 -1.8063000E-1
 -1.0320000E-2	 -1.7090000E-1
 -5.4700002E-3	 -1.6626000E-1
 -2.7300001E-3	 -1.6362000E-1
 -1.6600000E-3	 -1.6211000E-1
 -9.8000001E-4	 -1.6126999E-1
 -7.0999999E-4	 -1.6091999E-1
 -5.0000002E-4	 -1.6063000E-1
 -4.1000001E-4	 -1.6049001E-1
 -3.6000001E-4	 -1.6037001E-1
 -3.4000000E-4	 -1.6031000E-1
 -3.3000001E-4	 -1.6024999E-1
 -3.1000000E-4	 -1.6020000E-1
 -2.9000000E-4	 -1.6016001E-1
 -2.9000000E-4	 -1.6015001E-1
 -2.8000001E-4	 -1.6012000E-1
 -2.6000000E-4	 -1.6009000E-1
 -2.6000000E-4	 -1.6007000E-1
 -2.6000000E-4	 -1.6005000E-1
 -2.3000001E-4	 -1.6003001E-1
 7.0000002E-5	 -1.5996000E-1
 1.2000000E-4	 -1.5988000E-1
 1.5000001E-4	 -1.5984000E-1
 1.6000000E-4	 -1.5982001E-1
 1.5000001E-4	 -1.5979999E-1
 1.4000000E-4	 -1.5977000E-1
 1.5000001E-4	 -1.5977000E-1
 1.4000000E-4	 -1.5975000E-1
 1.5000001E-4	 -1.5973000E-1
 -9.0000001E-5	 -1.5976000E-1
 -1.8000000E-4	 -1.5977000E-1
 -1.8000000E-4	 -1.5977000E-1
 -1.8000000E-4	 -1.5976000E-1
 -1.8000000E-4	 -1.5974000E-1
 -1.8000000E-4	 -1.5975000E-1
 -1.9000001E-4	 -1.5974000E-1
 -1.7000000E-4	 -1.5974000E-1
 -1.8000000E-4	 -1.5974000E-1
 -1.6000000E-4	 -1.5974000E-1
 2.1000000E-4	 -1.5967999E-1
 1.9999999E-4	 -1.5966000E-1
 1.9999999E-4	 -1.5964000E-1
 2.1000000E-4	 -1.5964000E-1
 2.1000000E-4	 -1.5963000E-1
 2.1000000E-4	 -1.5962000E-1
 1.9999999E-4	 -1.5961000E-1
 1.9999999E-4	 -1.5960000E-1
 1.9000001E-4	 -1.5959001E-1
 1.9999999E-4	 -1.5960000E-1
 1.9999999E-4	 -1.5958001E-1
 2.1000000E-4	 -1.5956999E-1
 1.9999999E-4	 -1.5956999E-1
 2.2000000E-4	 -1.5955999E-1
 2.1000000E-4	 -1.5955000E-1
 1.9999999E-4	 -1.5955000E-1
 1.9999999E-4	 -1.5955000E-1
 2.2000000E-4	 -1.5954000E-1
 1.9000001E-4	 -1.5953000E-1
 1.9999999E-4	 -1.5953000E-1
 2.1000000E-4	 -1.5953000E-1
 2.1000000E-4	 -1.5952000E-1
 2.1000000E-4	 -1.5952000E-1
 1.9999999E-4	 -1.5951000E-1
 2.1000000E-4	 -1.5950000E-1
 2.1000000E-4	 -1.5950000E-1
 1.9999999E-4	 -1.5950000E-1
 2.2000000E-4	 -1.5950000E-1
 2.1000000E-4	 -1.5950000E-1
 2.1000000E-4	 -1.5950000E-1
 1.8000000E-4	 -1.5950000E-1
 2.1000000E-4	 -1.5949000E-1
 2.2000000E-4	 -1.5948001E-1
 1.9999999E-4	 -1.5948001E-1
 1.9000001E-4	 -1.5947001E-1
 1.9000001E-4	 -1.5947001E-1
 2.6900000E-3	 -1.5947001E-1
 9.1399997E-3	 -1.5515999E-1
 2.1010000E-2	 -1.4692999E-1
 2.9610001E-2	 -1.4190000E-1
 4.6009999E-2	 -1.2893000E-1
 5.9069999E-2	 -1.1737000E-1
 7.4660003E-2	 -1.0487000E-1
 8.3820000E-2	 -9.7630002E-2
 1.0096000E-1	 -8.3640002E-2
 1.1179000E-1	 -7.3129997E-2
 1.2486000E-1	 -6.2619999E-2
 1.3104001E-1	 -5.6800000E-2
 1.4032000E-1	 -4.9249999E-2
 1.4745000E-1	 -4.2459998E-2
 1.5809000E-1	 -3.4499999E-2
 1.6269000E-1	 -2.9619999E-2
 1.6827001E-1	 -2.2524999E-2
 1.7376000E-1	 -1.9951001E-2
 1.7615999E-1	 -1.7772000E-2
 1.7949000E-1	 -1.5974000E-2
 1.8773000E-1	 -1.0443000E-2
 1.9721000E-1	 -2.4550001E-3
 2.0698000E-1	 5.4350002E-3
 2.1091001E-1	 9.5910002E-3
 2.1592000E-1	 1.3712000E-2
 2.1968000E-1	 1.7127000E-2
 2.2472000E-1	 2.0868000E-2
 2.2689000E-1	 2.3136999E-2
 2.3062000E-1	 2.5319001E-2
 2.3535000E-1	 2.9317001E-2
 2.4699000E-1	 4.0490001E-2
 2.5571001E-1	 4.4539999E-2
 2.6177001E-1	 4.8050001E-2
 2.6769000E-1	 5.4150000E-2
 2.7726999E-1	 6.0640000E-2
 2.8404999E-1	 6.5279998E-2
 2.9414999E-1	 7.3519997E-2
 2.9857001E-1	 7.8019999E-2
 3.0880001E-1	 8.3070002E-2
 3.1860000E-1	 9.2330001E-2
 3.2440001E-1	 9.6799999E-2
 3.2690001E-1	 1.0016000E-1
 3.2879999E-1	 1.0192000E-1
 3.2969999E-1	 1.0297000E-1
 3.3050001E-1	 1.0373000E-1
 3.3100000E-1	 1.0420000E-1
 3.3379999E-1	 1.0549000E-1
 3.3660001E-1	 1.0684000E-1
 3.4180000E-1	 1.1020000E-1
 3.4639999E-1	 1.1408000E-1
 3.5560000E-1	 1.1949000E-1
 3.6010000E-1	 1.2334000E-1
 3.6489999E-1	 1.2695000E-1
 3.6849999E-1	 1.2995000E-1
 3.8670000E-1	 1.3902999E-1
 3.9640000E-1	 1.4672001E-1
 4.0599999E-1	 1.5407000E-1
 4.1049999E-1	 1.5819000E-1
 4.2370000E-1	 1.6493000E-1
 4.3000001E-1	 1.7020001E-1
 4.3570000E-1	 1.7459001E-1
 4.3730000E-1	 1.7636999E-1
 4.3830001E-1	 1.7737000E-1
 4.3869999E-1	 1.7781000E-1
 4.4020000E-1	 1.7813000E-1
 4.4340000E-1	 1.8009999E-1
 4.5339999E-1	 1.8487000E-1
 4.6290001E-1	 1.8956000E-1
 4.7420001E-1	 1.9758999E-1
 4.7999999E-1	 2.0204000E-1
 4.8629999E-1	 2.0593999E-1
 4.9759999E-1	 2.0914000E-1
 5.1749998E-1	 2.2052000E-1
 5.3160000E-1	 2.3040999E-1
 5.4839998E-1	 2.3974000E-1
 5.5470002E-1	 2.4424000E-1
 5.6169999E-1	 2.4762000E-1
 5.6660002E-1	 2.5110999E-1
 5.7410002E-1	 2.5468001E-1
 5.8209997E-1	 2.5766999E-1
 5.9759998E-1	 2.6361001E-1
 6.1240000E-1	 2.7307999E-1
 6.2360001E-1	 2.7936000E-1
 6.2760001E-1	 2.8162000E-1
 6.3209999E-1	 2.8380999E-1
 6.3470000E-1	 2.8571001E-1
 6.4039999E-1	 2.8806999E-1
 6.4539999E-1	 2.8983000E-1
 6.5560001E-1	 2.9291001E-1
 6.6039997E-1	 2.9719001E-1
 6.6589999E-1	 2.9986000E-1
 6.6820002E-1	 3.0113000E-1
 6.7079997E-1	 3.0210999E-1
 6.7299998E-1	 3.0500001E-1
 6.8959999E-1	 3.0930001E-1
 7.0400000E-1	 3.1430000E-1
 7.1840000E-1	 3.2060000E-1
 7.3159999E-1	 3.2740000E-1
 7.5419998E-1	 3.3579999E-1
 7.6719999E-1	 3.4050000E-1
 7.8109998E-1	 3.4580001E-1
 7.9259998E-1	 3.5139999E-1
 8.0900002E-1	 3.5730001E-1
 8.1790000E-1	 3.6030000E-1
 8.2599998E-1	 3.6359999E-1
 8.3389997E-1	 3.6649999E-1
 8.4549999E-1	 3.7059999E-1
 8.5610002E-1	 3.7360001E-1
 8.6500001E-1	 3.7709999E-1
 8.6919999E-1	 3.7930000E-1
 8.8309997E-1	 3.8339999E-1
 8.9690000E-1	 3.8659999E-1
 9.1210002E-1	 3.9109999E-1
 9.2379999E-1	 3.9680001E-1
 9.3790001E-1	 4.0099999E-1
 9.5319998E-1	 4.0439999E-1
 9.6399999E-1	 4.0860000E-1
 9.6869999E-1	 4.1090000E-1
 9.7250003E-1	 4.1209999E-1
 9.7610003E-1	 4.1290000E-1
 9.8030001E-1	 4.1389999E-1
 9.8339999E-1	 4.1540000E-1
 9.9169999E-1	 4.1760001E-1
 9.9839997E-1	 4.1900000E-1
 1.0034000E+0	 4.2080000E-1
 1.0057000E+0	 4.2190000E-1
 1.0121000E+0	 4.2350000E-1
 1.0173000E+0	 4.2469999E-1
 1.0236000E+0	 4.2600000E-1
 1.0290000E+0	 4.2829999E-1
 1.0361000E+0	 4.3020001E-1
 1.0398000E+0	 4.3110001E-1
 1.0451000E+0	 4.3200001E-1
 1.0494000E+0	 4.3399999E-1
 1.0588000E+0	 4.3630001E-1
 1.0705000E+0	 4.3849999E-1
 1.0869000E+0	 4.4139999E-1
 1.1028000E+0	 4.4769999E-1
 1.1278000E+0	 4.5370001E-1
 1.1322000E+0	 4.5539999E-1
 1.1356000E+0	 4.5609999E-1
 1.1378000E+0	 4.5699999E-1
 1.1437000E+0	 4.5829999E-1
 1.1512001E+0	 4.5960000E-1
 1.1607000E+0	 4.6120000E-1
 1.1688000E+0	 4.6430001E-1
 1.1720999E+0	 4.6529999E-1
 1.1785001E+0	 4.6630001E-1
 1.1857001E+0	 4.6770000E-1
 1.1911000E+0	 4.6970001E-1
 1.1936001E+0	 4.7049999E-1
 1.1940000E+0	 4.7070000E-1
 1.1962000E+0	 4.7080001E-1
 1.1980000E+0	 4.7150001E-1
 1.2196000E+0	 4.7589999E-1
 1.2283000E+0	 4.7780001E-1
 1.2392000E+0	 4.7950000E-1
 1.2480000E+0	 4.8269999E-1
 1.2766000E+0	 4.8850000E-1
 1.2864000E+0	 4.9070001E-1
 1.2958000E+0	 4.9219999E-1
 1.3066000E+0	 4.9550000E-1
 1.3547000E+0	 5.0459999E-1
 1.3756000E+0	 5.0840002E-1
 1.3887000E+0	 5.1130003E-1
 1.4012001E+0	 5.1480001E-1
 1.4017000E+0	 5.1520002E-1
 1.4043000E+0	 5.1550001E-1
 1.4046000E+0	 5.1580000E-1
 1.4043000E+0	 5.1580000E-1
 1.4049000E+0	 5.1590002E-1
 1.4457999E+0	 5.2079999E-1
 1.4749000E+0	 5.2630001E-1
 1.4887000E+0	 5.3140002E-1
 1.5096000E+0	 5.3500003E-1
 1.5316000E+0	 5.3810000E-1
 1.5441999E+0	 5.4049999E-1
 1.5558000E+0	 5.4350001E-1
 1.5707999E+0	 5.4610002E-1
 1.5869000E+0	 5.4830003E-1
 1.5987000E+0	 5.5030000E-1
 1.6108000E+0	 5.5299997E-1
 1.6303000E+0	 5.5610001E-1
 1.6531000E+0	 5.5900002E-1
 1.6679000E+0	 5.6120002E-1
 1.6826000E+0	 5.6489998E-1
 1.6966000E+0	 5.6709999E-1
 1.7201999E+0	 5.6999999E-1
 1.7289000E+0	 5.7190001E-1
 1.7335000E+0	 5.7309997E-1
 1.7427000E+0	 5.7450002E-1
 1.7517999E+0	 5.7550001E-1
 1.7587000E+0	 5.7630002E-1
 1.7658000E+0	 5.7810003E-1
 1.7903000E+0	 5.8160001E-1
 1.8018000E+0	 5.8310002E-1
 1.8076000E+0	 5.8399999E-1
 1.8127000E+0	 5.8520001E-1
 1.8197000E+0	 5.8620000E-1
 1.8261000E+0	 5.8700001E-1
 1.8329000E+0	 5.8749998E-1
 1.8365000E+0	 5.8880001E-1
 1.8490000E+0	 5.9050000E-1
 1.8578000E+0	 5.9149998E-1
 1.8683000E+0	 5.9230000E-1
 1.8806000E+0	 5.9520000E-1
 1.8995000E+0	 5.9780002E-1
 1.9038000E+0	 5.9840000E-1
 1.9088000E+0	 5.9880000E-1
 1.9137000E+0	 5.9990001E-1
 1.9230000E+0	 6.0119998E-1
 1.9405000E+0	 6.0299999E-1
 1.9528000E+0	 6.0420001E-1
 1.9653000E+0	 6.0710001E-1
 2.0078001E+0	 6.1269999E-1
 2.0393000E+0	 6.1629999E-1
 2.0532000E+0	 6.1809999E-1
 2.0574999E+0	 6.1960000E-1
 2.0664001E+0	 6.2080002E-1
 2.0774000E+0	 6.2190002E-1
 2.0895000E+0	 6.2260002E-1
 2.0983000E+0	 6.2489998E-1
 2.1428001E+0	 6.3050002E-1
 2.1642001E+0	 6.3270003E-1
 2.1722000E+0	 6.3380003E-1
 2.1777000E+0	 6.3510001E-1
 2.1853001E+0	 6.3599998E-1
 2.1868000E+0	 6.3620001E-1
 2.1947999E+0	 6.3639998E-1
 2.2010000E+0	 6.3800001E-1
 2.2295001E+0	 6.4130002E-1
 2.2498000E+0	 6.4340001E-1
 2.2622001E+0	 6.4440000E-1
 2.2735000E+0	 6.4679998E-1
 2.3046999E+0	 6.5039998E-1
 2.3195000E+0	 6.5189999E-1
 2.3261001E+0	 6.5249997E-1
 2.3311999E+0	 6.5359998E-1
 2.3620999E+0	 6.5710002E-1
 2.3733001E+0	 6.5829998E-1
 2.3747001E+0	 6.5869999E-1
 2.3747001E+0	 6.5869999E-1
 2.3812001E+0	 6.5939999E-1
 2.4182999E+0	 6.6299999E-1
 2.4316001E+0	 6.6409999E-1
 2.4414001E+0	 6.6619998E-1
 2.4616001E+0	 6.6839999E-1
 2.4802999E+0	 6.7019999E-1
 2.4946001E+0	 6.7100000E-1
 2.5039999E+0	 6.7320001E-1
 2.5308001E+0	 6.7600000E-1
 2.5609000E+0	 6.7890000E-1
 2.5827000E+0	 6.7989999E-1
 2.6008000E+0	 6.8360001E-1
 2.6113999E+0	 6.8470001E-1
 2.6429000E+0	 6.8739998E-1
 2.6600001E+0	 6.8849999E-1
 2.6724000E+0	 6.9110000E-1
 2.6935999E+0	 6.9319999E-1
 2.7147000E+0	 6.9499999E-1
 2.7300999E+0	 6.9580001E-1
 2.7377000E+0	 6.9770002E-1
 2.7569001E+0	 6.9959998E-1
 2.7744000E+0	 7.0120001E-1
 2.7855999E+0	 7.0160002E-1
 2.7925999E+0	 7.0319998E-1
 2.8296001E+0	 7.0670003E-1
 2.8354001E+0	 7.0740002E-1
 2.8394001E+0	 7.0749998E-1
 2.8408999E+0	 7.0800000E-1
 2.8670001E+0	 7.1039999E-1
 2.8845999E+0	 7.1200001E-1
 2.8893001E+0	 7.1230000E-1
 2.8910000E+0	 7.1280003E-1
 2.9051001E+0	 7.1410000E-1
 2.9356999E+0	 7.1679997E-1
 2.9456999E+0	 7.1730000E-1
 2.9512999E+0	 7.1850002E-1
 2.9535000E+0	 7.1880001E-1
 2.9535000E+0	 7.1880001E-1
 2.9535999E+0	 7.1880001E-1
 2.9537001E+0	 7.1880001E-1
 2.9537001E+0	 7.1880001E-1
 2.9537001E+0	 7.1880001E-1
 2.9535999E+0	 7.1880001E-1
 2.9533999E+0	 7.1880001E-1
 2.9533999E+0	 7.1880001E-1
 2.9533000E+0	 7.1880001E-1
 2.9533000E+0	 7.1880001E-1
 2.9533999E+0	 7.1880001E-1
 2.9535999E+0	 7.1880001E-1
 2.9535999E+0	 7.1880001E-1
 2.9189000E+0	 7.1670002E-1
 2.8880999E+0	 7.1480000E-1
 2.8680999E+0	 7.1429998E-1
 2.8613000E+0	 7.1289998E-1
 2.8571999E+0	 7.1270001E-1
 2.8552001E+0	 7.1249998E-1
 2.8538001E+0	 7.1249998E-1
 2.8534000E+0	 7.1240002E-1
 2.8510001E+0	 7.1219999E-1
 2.8485999E+0	 7.1210003E-1
 2.8213000E+0	 7.1149999E-1
 2.8118999E+0	 7.0959997E-1
 2.7997999E+0	 7.0880002E-1
 2.7997000E+0	 7.0880002E-1
 2.7987001E+0	 7.0870000E-1
 2.7985001E+0	 7.0870000E-1
 2.7893000E+0	 7.0810002E-1
 2.7827001E+0	 7.0760000E-1
 2.7716000E+0	 7.0709997E-1
 2.7690001E+0	 7.0670003E-1
 2.7465000E+0	 7.0510000E-1
 2.7462001E+0	 7.0499998E-1
 2.7462001E+0	 7.0499998E-1
 2.7460999E+0	 7.0499998E-1
 2.7456999E+0	 7.0499998E-1
 2.7409000E+0	 7.0469999E-1
 2.7253001E+0	 7.0440000E-1
 2.7207999E+0	 7.0319998E-1
 2.6719000E+0	 6.9970000E-1
 2.6657000E+0	 6.9929999E-1
 2.6605999E+0	 6.9910002E-1
 2.6593001E+0	 6.9880003E-1
 2.6440001E+0	 6.9760001E-1
 2.6278999E+0	 6.9650000E-1
 2.6201999E+0	 6.9630003E-1
 2.6166000E+0	 6.9569999E-1
 2.6006000E+0	 6.9440001E-1
 2.5973001E+0	 6.9419998E-1
 2.5943000E+0	 6.9410002E-1
 2.5936999E+0	 6.9389999E-1
 2.5878000E+0	 6.9340003E-1
 2.5803001E+0	 6.9290000E-1
 2.5604999E+0	 6.9220001E-1
 2.5537000E+0	 6.9080001E-1
 2.5248001E+0	 6.8860000E-1
 2.5174999E+0	 6.8800002E-1
 2.5143001E+0	 6.8790001E-1
 2.5134001E+0	 6.8769997E-1
 2.5107000E+0	 6.8750000E-1
 2.5093999E+0	 6.8739998E-1
 2.4988999E+0	 6.8709999E-1
 2.4958999E+0	 6.8629998E-1
 2.4581001E+0	 6.8330002E-1
 2.4331000E+0	 6.8129998E-1
 2.4240000E+0	 6.8099999E-1
 2.4214001E+0	 6.8030000E-1
 2.4044001E+0	 6.7890000E-1
 2.3773000E+0	 6.7670000E-1
 2.3408000E+0	 6.7549998E-1
 2.3311999E+0	 6.7269999E-1
 2.3110001E+0	 6.7100000E-1
 2.2914000E+0	 6.6939998E-1
 2.2713001E+0	 6.6860002E-1
 2.2648001E+0	 6.6700000E-1
 2.2358999E+0	 6.6439998E-1
 2.2110000E+0	 6.6229999E-1
 2.1872001E+0	 6.6100001E-1
 2.1793001E+0	 6.5930003E-1
 2.1389999E+0	 6.5560001E-1
 2.1008000E+0	 6.5210003E-1
 2.0938001E+0	 6.5160000E-1
 2.0915999E+0	 6.5100002E-1
 2.0768001E+0	 6.4969999E-1
 2.0293000E+0	 6.4529997E-1
 2.0218999E+0	 6.4459997E-1
 2.0193000E+0	 6.4399999E-1
 2.0174999E+0	 6.4380002E-1
 2.0095000E+0	 6.4310002E-1
 2.0046000E+0	 6.4279997E-1
 2.0030999E+0	 6.4240003E-1
 1.9856000E+0	 6.4069998E-1
 1.9545000E+0	 6.3770002E-1
 1.9337000E+0	 6.3650000E-1
 1.9262000E+0	 6.3459998E-1
 1.9147000E+0	 6.3340002E-1
 1.9066000E+0	 6.3260001E-1
 1.8925000E+0	 6.3200003E-1
 1.8908000E+0	 6.3090003E-1
 1.8870000E+0	 6.3050002E-1
 1.8710001E+0	 6.2889999E-1
 1.8473001E+0	 6.2750000E-1
 1.8374000E+0	 6.2529999E-1
 1.8302000E+0	 6.2440002E-1
 1.8205000E+0	 6.2339997E-1
 1.8044000E+0	 6.2269998E-1
 1.8023000E+0	 6.2129998E-1
 1.7961000E+0	 6.2070000E-1
 1.7869999E+0	 6.1970001E-1
 1.7596999E+0	 6.1849999E-1
 1.7558000E+0	 6.1619997E-1
 1.7277000E+0	 6.1299998E-1
 1.6933000E+0	 6.0930002E-1
 1.6755000E+0	 6.0790002E-1
 1.6587000E+0	 6.0600001E-1
 1.6422000E+0	 6.0299999E-1
 1.6131001E+0	 5.9969997E-1
 1.5949000E+0	 5.9859997E-1
 1.5920000E+0	 5.9689999E-1
 1.5706000E+0	 5.9420002E-1
 1.5498000E+0	 5.9179997E-1
 1.5295000E+0	 5.9030002E-1
 1.5204999E+0	 5.8789998E-1
 1.5071000E+0	 5.8620000E-1
 1.4690000E+0	 5.8160001E-1
 1.4533000E+0	 5.8010000E-1
 1.4475000E+0	 5.7830000E-1
 1.4406000E+0	 5.7740003E-1
 1.4286000E+0	 5.7590002E-1
 1.4087000E+0	 5.7459998E-1
 1.4052000E+0	 5.7260001E-1
 1.4037000E+0	 5.7239997E-1
 1.3735000E+0	 5.6870002E-1
 1.3444000E+0	 5.6629997E-1
 1.3365999E+0	 5.6330001E-1
 1.2760000E+0	 5.5449998E-1
 1.2666000E+0	 5.5290002E-1
 1.2577000E+0	 5.5199999E-1
 1.2531000E+0	 5.5089998E-1
 1.2277000E+0	 5.4710001E-1
 1.1845000E+0	 5.4100001E-1
 1.1505001E+0	 5.3770000E-1
 1.1424000E+0	 5.3359997E-1
 1.1372000E+0	 5.3270000E-1
 1.1364000E+0	 5.3250003E-1
 1.1192000E+0	 5.3149998E-1
 1.1137000E+0	 5.2910000E-1
 1.0453000E+0	 5.1789999E-1
 1.0016000E+0	 5.1040000E-1
 9.4999999E-1	 5.0520003E-1
 9.3409997E-1	 4.9770001E-1
 8.7709999E-1	 4.8690000E-1
 8.5829997E-1	 4.8289999E-1
 8.5339999E-1	 4.8170000E-1
 8.5149997E-1	 4.8109999E-1
 8.2859999E-1	 4.7670001E-1
 7.9790002E-1	 4.7080001E-1
 7.8430003E-1	 4.6810001E-1
 7.8039998E-1	 4.6630001E-1
 7.6289999E-1	 4.6270001E-1
 7.0160002E-1	 4.5050001E-1
 6.7110002E-1	 4.4459999E-1
 6.6210002E-1	 4.3950000E-1
 6.6119999E-1	 4.3889999E-1
 6.6000003E-1	 4.3860000E-1
 6.5910000E-1	 4.3840000E-1
 6.5880001E-1	 4.3820000E-1
 6.5609998E-1	 4.3770000E-1
 6.5420002E-1	 4.3720001E-1
 6.5350002E-1	 4.3700001E-1
 6.5310001E-1	 4.3689999E-1
 6.4880002E-1	 4.3599999E-1
 6.4200002E-1	 4.3450001E-1
 6.3749999E-1	 4.3370000E-1
 6.3540000E-1	 4.3279999E-1
 6.2360001E-1	 4.3000001E-1
 6.0780001E-1	 4.2640001E-1
 5.9680003E-1	 4.2429999E-1
 5.9240001E-1	 4.2210001E-1
 5.7660002E-1	 4.1800001E-1
 5.7520002E-1	 4.1720000E-1
 5.7160002E-1	 4.1670001E-1
 5.6889999E-1	 4.1589999E-1
 5.5220002E-1	 4.1150001E-1
 5.4920000E-1	 4.1029999E-1
 5.4600000E-1	 4.0970001E-1
 5.4430002E-1	 4.0900001E-1
 5.3219998E-1	 4.0590000E-1
 5.1859999E-1	 4.0230000E-1
 5.1300001E-1	 4.0059999E-1
 5.1109999E-1	 3.9969999E-1
 4.9970001E-1	 3.9660001E-1
 4.9739999E-1	 3.9559999E-1
 4.9480000E-1	 3.9510000E-1
 4.9239999E-1	 3.9449999E-1
 4.6950001E-1	 3.8820001E-1
 4.4859999E-1	 3.8209999E-1
 4.1760001E-1	 3.7670001E-1
 4.0079999E-1	 3.6719999E-1
 3.4750000E-1	 3.4970000E-1
 3.3000001E-1	 3.4160000E-1
 3.2060000E-1	 3.3840001E-1
 3.1560001E-1	 3.3600000E-1
 2.9179999E-1	 3.2740000E-1
 2.3682000E-1	 3.1180000E-1
 2.2518000E-1	 2.9920000E-1
 2.2041000E-1	 2.9629999E-1
 2.1540000E-1	 2.9370001E-1
 1.8615000E-1	 2.8230000E-1
 1.6205999E-1	 2.7230000E-1
 1.5113001E-1	 2.5982001E-1
 1.4215000E-1	 2.5734001E-1
 1.3863000E-1	 2.5529000E-1
 1.2461000E-1	 2.5156000E-1
 1.1283000E-1	 2.4243000E-1
 8.9010000E-2	 2.2880000E-1
 5.8979999E-2	 2.1056999E-1
 3.0430000E-2	 1.9396999E-1
 1.5629999E-2	 1.7676000E-1
 6.9700000E-3	 1.6880000E-1
 3.9300001E-3	 1.6481000E-1
 1.9700001E-3	 1.6275001E-1
 1.2200000E-3	 1.6168000E-1
 7.3000003E-4	 1.6108000E-1
 5.3999998E-4	 1.6075000E-1
 3.9000000E-4	 1.6055000E-1
 3.4000000E-4	 1.6041000E-1
 2.9000000E-4	 1.6031000E-1
 2.6999999E-4	 1.6026001E-1
 2.3000001E-4	 1.6020000E-1
 2.3000001E-4	 1.6017000E-1
 2.2000000E-4	 1.6012999E-1
 1.9999999E-4	 1.6010000E-1
 1.8000000E-4	 1.6007000E-1
 1.7000000E-4	 1.6005000E-1
 -4.9999999E-5	 1.6001999E-1
 -1.5000001E-4	 1.5990999E-1
 -1.9000001E-4	 1.5987000E-1
 -1.9999999E-4	 1.5984000E-1
 -2.1000000E-4	 1.5981001E-1
 -1.9999999E-4	 1.5978999E-1
 -2.2000000E-4	 1.5976000E-1
 -2.2000000E-4	 1.5975000E-1
 -2.2000000E-4	 1.5972000E-1
 -1.9999999E-4	 1.5970001E-1
 -1.9999999E-4	 1.5967999E-1
 -2.2000000E-4	 1.5967000E-1
 -2.1000000E-4	 1.5966000E-1
 -1.9000001E-4	 1.5965000E-1
 -1.9999999E-4	 1.5965000E-1
 -1.9000001E-4	 1.5964000E-1
 -1.9999999E-4	 1.5963000E-1
 -1.8000000E-4	 1.5963000E-1
 -1.7000000E-4	 1.5962000E-1
 -1.9000001E-4	 1.5961000E-1
 -1.7000000E-4	 1.5961000E-1
 -1.7000000E-4	 1.5960000E-1
 -1.9000001E-4	 1.5959001E-1
 -1.8000000E-4	 1.5959001E-1
 -1.6000000E-4	 1.5958001E-1
 -1.5000001E-4	 1.5956999E-1
 -1.8000000E-4	 1.5958001E-1
 -1.7000000E-4	 1.5956999E-1
 -1.9000001E-4	 1.5955999E-1
 -1.6000000E-4	 1.5955999E-1
 -1.9000001E-4	 1.5955000E-1
 -1.9000001E-4	 1.5955000E-1
 -2.1000000E-4	 1.5954000E-1
 -1.9999999E-4	 1.5953000E-1
 -1.8000000E-4	 1.5953000E-1
 -1.9000001E-4	 1.5954000E-1
 -1.9000001E-4	 1.5951000E-1
 -1.7000000E-4	 1.5951000E-1
 -1.9000001E-4	 1.5950000E-1
 -1.9999999E-4	 1.5950000E-1
 -1.8000000E-4	 1.5949000E-1
 -1.9000001E-4	 1.5949000E-1
 -1.9999999E-4	 1.5949000E-1
 -2.1000000E-4	 1.5949000E-1
 -1.9000001E-4	 1.5948001E-1
 -2.1000000E-4	 1.5947001E-1
 -1.9000001E-4	 1.5947001E-1
 -1.9999999E-4	 1.5947001E-1
 -2.2000000E-4	 1.5947001E-1
 -2.1000000E-4	 1.5945999E-1
 -2.1000000E-4	 1.5945999E-1
 -2.1000000E-4	 1.5944999E-1
 -2.2000000E-4	 1.5945999E-1
 -1.9000001E-4	 1.5944999E-1
 -1.9000001E-4	 1.5944999E-1
 -2.1000000E-4	 1.5944999E-1
 -2.2000000E-4	 1.5944000E-1
 -1.9999999E-4	 1.5944000E-1
 -2.2000000E-4	 1.5944000E-1
 -1.9999999E-4	 1.5943000E-1
 -2.1000000E-4	 1.5942000E-1
 -2.1000000E-4	 1.5942000E-1
 -2.1000000E-4	 1.5943000E-1
 -2.2000000E-4	 1.5942000E-1
 -1.9999999E-4	 1.5943000E-1
 -1.9999999E-4	 1.5943000E-1
 -1.9000001E-4	 1.5942000E-1
