12/12/200519:14I (A)          B (T)      -2.3000001E-4	 -3.2469999E-2
 -2.3000001E-4	 -3.2469999E-2
 -2.3000001E-4	 -3.2469999E-2
 -2.2000000E-4	 -3.2460000E-2
 -2.2000000E-4	 -3.2469999E-2
 -2.1000000E-4	 -3.2469999E-2
 -2.2000000E-4	 -3.2469999E-2
 -2.2000000E-4	 -3.2469999E-2
 -2.1000000E-4	 -3.2460000E-2
 -2.2000000E-4	 -3.2469999E-2
 -2.3000001E-4	 -3.2480001E-2
 -2.2000000E-4	 -3.2469999E-2
 -2.3999999E-4	 -3.2480001E-2
 -2.2000000E-4	 -3.2469999E-2
 -2.2000000E-4	 -3.2460000E-2
 -2.1000000E-4	 -3.2460000E-2
 -2.2000000E-4	 -3.2460000E-2
 -2.3000001E-4	 -3.2460000E-2
 -2.2000000E-4	 -3.2469999E-2
 -2.3999999E-4	 -3.2480001E-2
 -2.3000001E-4	 -3.2469999E-2
 -2.3000001E-4	 -3.2480001E-2
 -2.3000001E-4	 -3.2480001E-2
 -2.2000000E-4	 -3.2469999E-2
 -2.2000000E-4	 -3.2460000E-2
 -2.1000000E-4	 -3.2460000E-2
 -2.1000000E-4	 -3.2460000E-2
 -2.2000000E-4	 -3.2469999E-2
 -2.2000000E-4	 -3.2469999E-2
 -2.2000000E-4	 -3.2460000E-2
 -2.3000001E-4	 -3.2469999E-2
 -2.2000000E-4	 -3.2480001E-2
 -2.1000000E-4	 -3.2469999E-2
 -2.1000000E-4	 -3.2460000E-2
 -2.2000000E-4	 -3.2469999E-2
 -1.9999999E-4	 -3.2460000E-2
 -1.9000001E-4	 -3.2460000E-2
 -1.9999999E-4	 -3.2450002E-2
 -7.7499999E-3	 -3.6660001E-2
 -1.7470000E-2	 -4.2870000E-2
 -2.7780000E-2	 -5.1180001E-2
 -3.8770001E-2	 -5.9280001E-2
 -4.8340000E-2	 -6.7790002E-2
 -5.6729998E-2	 -7.4290000E-2
 -6.9700003E-2	 -8.7080002E-2
 -8.4830001E-2	 -1.0043000E-1
 -1.0027000E-1	 -1.1583000E-1
 -1.1403000E-1	 -1.2907000E-1
 -1.2894000E-1	 -1.4633000E-1
 -1.4173999E-1	 -1.5908000E-1
 -1.5717000E-1	 -1.7580999E-1
 -1.7468999E-1	 -1.9373000E-1
 -1.8994001E-1	 -2.1275000E-1
 -2.0365000E-1	 -2.2774000E-1
 -2.1808000E-1	 -2.4388000E-1
 -2.3217000E-1	 -2.5949001E-1
 -2.4766999E-1	 -2.7834001E-1
 -2.5939000E-1	 -2.9150000E-1
 -2.6809001E-1	 -3.0232999E-1
 -2.7537999E-1	 -3.1779999E-1
 -2.9374000E-1	 -3.2550001E-1
 -3.1510001E-1	 -3.4610000E-1
 -3.2300001E-1	 -3.6600000E-1
 -3.3770001E-1	 -3.8249999E-1
 -3.5420001E-1	 -4.0040001E-1
 -3.7390000E-1	 -4.1859999E-1
 -3.8429999E-1	 -4.3390000E-1
 -3.9739999E-1	 -4.5070001E-1
 -4.1790000E-1	 -4.7180000E-1
 -4.4220001E-1	 -4.9820000E-1
 -4.6660000E-1	 -5.2480000E-1
 -4.8870000E-1	 -5.5210000E-1
 -5.0190002E-1	 -5.6779999E-1
 -5.1260000E-1	 -5.7900000E-1
 -5.2249998E-1	 -5.8960003E-1
 -5.3380001E-1	 -6.0299999E-1
 -5.4390001E-1	 -6.1379999E-1
 -5.5449998E-1	 -6.2540001E-1
 -5.6569999E-1	 -6.3639998E-1
 -5.7770002E-1	 -6.5090001E-1
 -5.8690000E-1	 -6.6100001E-1
 -5.9340000E-1	 -6.6790003E-1
 -5.9780002E-1	 -6.7299998E-1
 -6.0100001E-1	 -6.7619997E-1
 -6.0229999E-1	 -6.7820001E-1
 -6.0720003E-1	 -6.8159997E-1
 -6.1119998E-1	 -6.8660003E-1
 -6.1790001E-1	 -6.9309998E-1
 -6.3150001E-1	 -7.0700002E-1
 -6.4499998E-1	 -7.2000003E-1
 -6.5200001E-1	 -7.2890002E-1
 -6.6009998E-1	 -7.3720002E-1
 -6.6680002E-1	 -7.4500000E-1
 -6.7470002E-1	 -7.5199997E-1
 -6.8220001E-1	 -7.5870001E-1
 -6.9840002E-1	 -7.7440000E-1
 -7.2079998E-1	 -7.9820001E-1
 -7.4919999E-1	 -8.2150000E-1
 -7.6419997E-1	 -8.3999997E-1
 -7.8219998E-1	 -8.5600001E-1
 -7.9960001E-1	 -8.7510002E-1
 -8.2020003E-1	 -8.9120001E-1
 -8.3249998E-1	 -9.0480000E-1
 -8.5079998E-1	 -9.1970003E-1
 -8.6750001E-1	 -9.3660003E-1
 -8.8569999E-1	 -9.5069999E-1
 -8.9780003E-1	 -9.6259999E-1
 -9.1820002E-1	 -9.7729999E-1
 -9.4440001E-1	 -1.0020000E+0
 -9.7070003E-1	 -1.0210000E+0
 -9.9129999E-1	 -1.0362999E+0
 -1.0250000E+0	 -1.0632000E+0
 -1.0404000E+0	 -1.0777000E+0
 -1.0486000E+0	 -1.0836999E+0
 -1.0506001E+0	 -1.0858999E+0
 -1.0540000E+0	 -1.0868000E+0
 -1.0656000E+0	 -1.0954000E+0
 -1.1014000E+0	 -1.1133000E+0
 -1.1266000E+0	 -1.1317000E+0
 -1.1643000E+0	 -1.1502000E+0
 -1.2040000E+0	 -1.1748000E+0
 -1.2565000E+0	 -1.1944000E+0
 -1.2855999E+0	 -1.2079999E+0
 -1.3300000E+0	 -1.2213000E+0
 -1.3843000E+0	 -1.2448000E+0
 -1.4026999E+0	 -1.2506000E+0
 -1.4212000E+0	 -1.2545000E+0
 -1.4517000E+0	 -1.2618001E+0
 -1.4861000E+0	 -1.2744000E+0
 -1.5074000E+0	 -1.2793000E+0
 -1.5217000E+0	 -1.2823000E+0
 -1.5383000E+0	 -1.2860000E+0
 -1.5537000E+0	 -1.2914000E+0
 -1.5831000E+0	 -1.2973000E+0
 -1.5951999E+0	 -1.3002000E+0
 -1.6098000E+0	 -1.3028001E+0
 -1.6235000E+0	 -1.3074000E+0
 -1.6567000E+0	 -1.3137000E+0
 -1.6806999E+0	 -1.3176000E+0
 -1.7000000E+0	 -1.3223000E+0
 -1.7117000E+0	 -1.3259000E+0
 -1.7401000E+0	 -1.3308001E+0
 -1.7539001E+0	 -1.3333000E+0
 -1.7723000E+0	 -1.3356000E+0
 -1.7912000E+0	 -1.3413000E+0
 -1.8178000E+0	 -1.3457000E+0
 -1.8410000E+0	 -1.3489000E+0
 -1.8508000E+0	 -1.3521000E+0
 -1.8817000E+0	 -1.3575000E+0
 -1.8927000E+0	 -1.3593000E+0
 -1.9053000E+0	 -1.3608000E+0
 -1.9196000E+0	 -1.3624001E+0
 -1.9299999E+0	 -1.3657000E+0
 -1.9536000E+0	 -1.3693000E+0
 -1.9785000E+0	 -1.3724000E+0
 -1.9934000E+0	 -1.3751000E+0
 -2.0013001E+0	 -1.3773000E+0
 -2.0335000E+0	 -1.3820000E+0
 -2.0558000E+0	 -1.3846999E+0
 -2.0741999E+0	 -1.3868999E+0
 -2.0876999E+0	 -1.3906000E+0
 -2.1206999E+0	 -1.3951000E+0
 -2.1303999E+0	 -1.3964000E+0
 -2.1401000E+0	 -1.3973000E+0
 -2.1480000E+0	 -1.3994000E+0
 -2.1642001E+0	 -1.4016000E+0
 -2.1763000E+0	 -1.4026999E+0
 -2.1993001E+0	 -1.4038000E+0
 -2.2219000E+0	 -1.4097000E+0
 -2.2620001E+0	 -1.4151000E+0
 -2.2839999E+0	 -1.4170001E+0
 -2.3004000E+0	 -1.4187000E+0
 -2.3055999E+0	 -1.4209000E+0
 -2.3187001E+0	 -1.4225000E+0
 -2.3410001E+0	 -1.4246000E+0
 -2.3534999E+0	 -1.4260000E+0
 -2.3612001E+0	 -1.4280000E+0
 -2.4001000E+0	 -1.4326000E+0
 -2.4312000E+0	 -1.4355000E+0
 -2.4449000E+0	 -1.4374000E+0
 -2.4512000E+0	 -1.4391000E+0
 -2.4823999E+0	 -1.4426000E+0
 -2.5139999E+0	 -1.4455000E+0
 -2.5351000E+0	 -1.4471999E+0
 -2.5483000E+0	 -1.4505000E+0
 -2.5639000E+0	 -1.4522001E+0
 -2.5873001E+0	 -1.4540000E+0
 -2.6085000E+0	 -1.4564000E+0
 -2.6238000E+0	 -1.4589000E+0
 -2.6671000E+0	 -1.4637001E+0
 -2.6968999E+0	 -1.4658999E+0
 -2.7042000E+0	 -1.4672000E+0
 -2.7077999E+0	 -1.4681000E+0
 -2.7224000E+0	 -1.4696000E+0
 -2.7421999E+0	 -1.4713000E+0
 -2.7507000E+0	 -1.4721000E+0
 -2.7553000E+0	 -1.4730999E+0
 -2.7641001E+0	 -1.4740000E+0
 -2.7772000E+0	 -1.4750000E+0
 -2.7939000E+0	 -1.4759001E+0
 -2.7979000E+0	 -1.4775000E+0
 -2.8166001E+0	 -1.4794000E+0
 -2.8294001E+0	 -1.4805000E+0
 -2.8462999E+0	 -1.4812000E+0
 -2.8559000E+0	 -1.4833000E+0
 -2.8792000E+0	 -1.4856000E+0
 -2.9008000E+0	 -1.4873000E+0
 -2.9345000E+0	 -1.4888999E+0
 -2.9426000E+0	 -1.4918000E+0
 -2.9468000E+0	 -1.4922000E+0
 -2.9468000E+0	 -1.4923000E+0
 -2.9467001E+0	 -1.4923000E+0
 -2.9466000E+0	 -1.4922000E+0
 -2.9465001E+0	 -1.4922000E+0
 -2.9465001E+0	 -1.4922000E+0
 -2.9463999E+0	 -1.4922000E+0
 -2.9463999E+0	 -1.4922000E+0
 -2.9463999E+0	 -1.4922000E+0
 -2.9463000E+0	 -1.4922000E+0
 -2.9463000E+0	 -1.4922000E+0
 -2.9463000E+0	 -1.4922000E+0
 -2.9461999E+0	 -1.4922000E+0
 -2.9461999E+0	 -1.4922000E+0
 -2.9461999E+0	 -1.4922000E+0
 -2.9461999E+0	 -1.4922000E+0
 -2.9461000E+0	 -1.4922000E+0
 -2.9461000E+0	 -1.4922000E+0
 -2.9461000E+0	 -1.4922000E+0
 -2.9461000E+0	 -1.4922000E+0
 -2.9461000E+0	 -1.4922000E+0
 -2.9461000E+0	 -1.4922000E+0
 -2.9423001E+0	 -1.4922000E+0
 -2.9375000E+0	 -1.4915000E+0
 -2.9059999E+0	 -1.4888999E+0
 -2.8638000E+0	 -1.4858000E+0
 -2.8485999E+0	 -1.4845999E+0
 -2.8471000E+0	 -1.4838001E+0
 -2.8104000E+0	 -1.4805000E+0
 -2.7835000E+0	 -1.4786000E+0
 -2.7753999E+0	 -1.4777000E+0
 -2.7743001E+0	 -1.4772000E+0
 -2.7665999E+0	 -1.4765000E+0
 -2.7650001E+0	 -1.4764000E+0
 -2.7630999E+0	 -1.4763000E+0
 -2.7620001E+0	 -1.4761000E+0
 -2.7227001E+0	 -1.4725000E+0
 -2.6900001E+0	 -1.4699000E+0
 -2.6659999E+0	 -1.4684000E+0
 -2.6617000E+0	 -1.4665999E+0
 -2.6499000E+0	 -1.4655000E+0
 -2.6222000E+0	 -1.4631000E+0
 -2.6190000E+0	 -1.4625000E+0
 -2.6180999E+0	 -1.4622999E+0
 -2.6050000E+0	 -1.4610000E+0
 -2.5869000E+0	 -1.4594001E+0
 -2.5711000E+0	 -1.4584000E+0
 -2.5632999E+0	 -1.4568000E+0
 -2.5509000E+0	 -1.4556000E+0
 -2.5406001E+0	 -1.4547000E+0
 -2.5146999E+0	 -1.4536000E+0
 -2.5093000E+0	 -1.4512000E+0
 -2.4807999E+0	 -1.4482000E+0
 -2.4638000E+0	 -1.4467000E+0
 -2.4495001E+0	 -1.4457000E+0
 -2.4463000E+0	 -1.4445000E+0
 -2.4256999E+0	 -1.4421999E+0
 -2.4012001E+0	 -1.4399000E+0
 -2.3829000E+0	 -1.4385000E+0
 -2.3738000E+0	 -1.4364001E+0
 -2.3647001E+0	 -1.4354000E+0
 -2.3419001E+0	 -1.4332000E+0
 -2.3311000E+0	 -1.4321001E+0
 -2.3250000E+0	 -1.4308000E+0
 -2.3196001E+0	 -1.4302000E+0
 -2.3153999E+0	 -1.4298000E+0
 -2.3051000E+0	 -1.4291000E+0
 -2.2983000E+0	 -1.4277000E+0
 -2.2832999E+0	 -1.4259000E+0
 -2.2795999E+0	 -1.4255000E+0
 -2.2762001E+0	 -1.4253000E+0
 -2.2744000E+0	 -1.4248000E+0
 -2.2530999E+0	 -1.4223000E+0
 -2.2456000E+0	 -1.4215000E+0
 -2.2296000E+0	 -1.4204000E+0
 -2.2184000E+0	 -1.4180000E+0
 -2.1842999E+0	 -1.4138000E+0
 -2.1671000E+0	 -1.4119000E+0
 -2.1540000E+0	 -1.4105999E+0
 -2.1454999E+0	 -1.4087000E+0
 -2.1129000E+0	 -1.4045000E+0
 -2.0731001E+0	 -1.4002000E+0
 -2.0446999E+0	 -1.3972000E+0
 -2.0302000E+0	 -1.3931000E+0
 -2.0021000E+0	 -1.3892000E+0
 -1.9782000E+0	 -1.3862000E+0
 -1.9617000E+0	 -1.3843000E+0
 -1.9519000E+0	 -1.3818001E+0
 -1.9420000E+0	 -1.3803999E+0
 -1.9308000E+0	 -1.3789999E+0
 -1.9232000E+0	 -1.3781000E+0
 -1.9184000E+0	 -1.3767999E+0
 -1.8958000E+0	 -1.3734000E+0
 -1.8757000E+0	 -1.3707000E+0
 -1.8673000E+0	 -1.3693000E+0
 -1.8631001E+0	 -1.3681999E+0
 -1.8469000E+0	 -1.3656000E+0
 -1.8146000E+0	 -1.3613000E+0
 -1.7914000E+0	 -1.3584000E+0
 -1.7790999E+0	 -1.3544000E+0
 -1.7691000E+0	 -1.3527000E+0
 -1.7536000E+0	 -1.3506000E+0
 -1.7448000E+0	 -1.3491000E+0
 -1.7393000E+0	 -1.3476000E+0
 -1.7265000E+0	 -1.3454000E+0
 -1.7201999E+0	 -1.3444000E+0
 -1.7097000E+0	 -1.3434000E+0
 -1.7026000E+0	 -1.3411000E+0
 -1.6834000E+0	 -1.3376000E+0
 -1.6673000E+0	 -1.3352000E+0
 -1.6573000E+0	 -1.3334000E+0
 -1.6506000E+0	 -1.3315001E+0
 -1.6313000E+0	 -1.3278000E+0
 -1.6170000E+0	 -1.3243999E+0
 -1.6034000E+0	 -1.3227000E+0
 -1.6009001E+0	 -1.3218000E+0
 -1.5911000E+0	 -1.3200001E+0
 -1.5810000E+0	 -1.3183000E+0
 -1.5639000E+0	 -1.3163000E+0
 -1.5520999E+0	 -1.3120000E+0
 -1.5473000E+0	 -1.3110000E+0
 -1.5463001E+0	 -1.3108000E+0
 -1.5366000E+0	 -1.3099999E+0
 -1.5271000E+0	 -1.3068000E+0
 -1.5166000E+0	 -1.3045000E+0
 -1.4878000E+0	 -1.2995000E+0
 -1.4721000E+0	 -1.2956001E+0
 -1.4642000E+0	 -1.2929000E+0
 -1.4599000E+0	 -1.2919000E+0
 -1.4547000E+0	 -1.2909000E+0
 -1.4503000E+0	 -1.2900000E+0
 -1.4474000E+0	 -1.2889000E+0
 -1.4380000E+0	 -1.2868000E+0
 -1.4299999E+0	 -1.2852000E+0
 -1.4176000E+0	 -1.2833000E+0
 -1.4071000E+0	 -1.2793000E+0
 -1.4033999E+0	 -1.2783999E+0
 -1.4026000E+0	 -1.2781000E+0
 -1.4015000E+0	 -1.2779000E+0
 -1.4006000E+0	 -1.2776000E+0
 -1.3931000E+0	 -1.2758000E+0
 -1.3724999E+0	 -1.2718000E+0
 -1.3572000E+0	 -1.2677000E+0
 -1.3471000E+0	 -1.2638000E+0
 -1.3377000E+0	 -1.2613000E+0
 -1.3356000E+0	 -1.2606000E+0
 -1.3345000E+0	 -1.2603000E+0
 -1.3340000E+0	 -1.2601000E+0
 -1.3290000E+0	 -1.2588000E+0
 -1.3254000E+0	 -1.2579000E+0
 -1.3193001E+0	 -1.2568001E+0
 -1.3137000E+0	 -1.2544000E+0
 -1.2861000E+0	 -1.2467000E+0
 -1.2809000E+0	 -1.2447000E+0
 -1.2762001E+0	 -1.2438000E+0
 -1.2713000E+0	 -1.2416000E+0
 -1.2665000E+0	 -1.2402000E+0
 -1.2627000E+0	 -1.2391000E+0
 -1.2539001E+0	 -1.2374001E+0
 -1.2449000E+0	 -1.2331001E+0
 -1.2199000E+0	 -1.2250000E+0
 -1.1870000E+0	 -1.2153000E+0
 -1.1608000E+0	 -1.2038000E+0
 -1.1450000E+0	 -1.1950001E+0
 -1.1396000E+0	 -1.1923000E+0
 -1.1363000E+0	 -1.1910000E+0
 -1.1252000E+0	 -1.1890000E+0
 -1.1194000E+0	 -1.1829000E+0
 -1.0864000E+0	 -1.1673000E+0
 -1.0561000E+0	 -1.1516000E+0
 -1.0273000E+0	 -1.1319000E+0
 -1.0108000E+0	 -1.1184000E+0
 -1.0013000E+0	 -1.1109999E+0
 -9.9349999E-1	 -1.1058000E+0
 -9.8280001E-1	 -1.0989000E+0
 -9.7899997E-1	 -1.0939000E+0
 -9.6609998E-1	 -1.0845000E+0
 -9.5160002E-1	 -1.0739000E+0
 -9.3470001E-1	 -1.0596000E+0
 -9.2659998E-1	 -1.0513000E+0
 -9.1509998E-1	 -1.0418000E+0
 -9.0530002E-1	 -1.0339000E+0
 -8.9480001E-1	 -1.0242000E+0
 -8.8840002E-1	 -1.0176001E+0
 -8.6669999E-1	 -1.0002000E+0
 -8.5579997E-1	 -9.8809999E-1
 -8.4920001E-1	 -9.8170000E-1
 -8.4649998E-1	 -9.7880000E-1
 -8.3800000E-1	 -9.7149998E-1
 -8.2040000E-1	 -9.5800000E-1
 -7.9970002E-1	 -9.3550003E-1
 -7.9200000E-1	 -9.2720002E-1
 -7.8759998E-1	 -9.2240000E-1
 -7.8520000E-1	 -9.1990000E-1
 -7.8299999E-1	 -9.1780001E-1
 -7.8219998E-1	 -9.1670001E-1
 -7.8020000E-1	 -9.1490000E-1
 -7.7829999E-1	 -9.1310000E-1
 -7.7289999E-1	 -9.0990001E-1
 -7.6419997E-1	 -8.9960003E-1
 -7.4589998E-1	 -8.8270003E-1
 -7.3379999E-1	 -8.7010002E-1
 -7.2460002E-1	 -8.6000001E-1
 -7.2079998E-1	 -8.5530001E-1
 -7.1740001E-1	 -8.5189998E-1
 -7.1289998E-1	 -8.4759998E-1
 -7.0520002E-1	 -8.4079999E-1
 -6.9800001E-1	 -8.3219999E-1
 -6.7809999E-1	 -8.1360000E-1
 -6.6339999E-1	 -7.9729998E-1
 -6.4770001E-1	 -7.8179997E-1
 -6.3489997E-1	 -7.6630002E-1
 -6.2040001E-1	 -7.5150001E-1
 -6.1170000E-1	 -7.4119997E-1
 -6.0039997E-1	 -7.3220003E-1
 -5.8690000E-1	 -7.1490002E-1
 -5.6529999E-1	 -6.9279999E-1
 -5.5220002E-1	 -6.7769998E-1
 -5.4079998E-1	 -6.6520000E-1
 -5.3289998E-1	 -6.5499997E-1
 -5.1920003E-1	 -6.4099997E-1
 -5.0319999E-1	 -6.2540001E-1
 -4.8469999E-1	 -6.0339999E-1
 -4.7470000E-1	 -5.9050000E-1
 -4.6370000E-1	 -5.7840002E-1
 -4.5620000E-1	 -5.6959999E-1
 -4.4780001E-1	 -5.6080002E-1
 -4.4119999E-1	 -5.5239999E-1
 -4.3120000E-1	 -5.4159999E-1
 -4.2510000E-1	 -5.3439999E-1
 -4.1970000E-1	 -5.2829999E-1
 -4.1549999E-1	 -5.2280003E-1
 -4.1090000E-1	 -5.1770002E-1
 -4.0770000E-1	 -5.1419997E-1
 -4.0329999E-1	 -5.1040000E-1
 -3.9700001E-1	 -5.0199997E-1
 -3.8720000E-1	 -4.9149999E-1
 -3.8130000E-1	 -4.8420000E-1
 -3.7599999E-1	 -4.7830001E-1
 -3.7369999E-1	 -4.7479999E-1
 -3.6570001E-1	 -4.6650001E-1
 -3.5780001E-1	 -4.5789999E-1
 -3.4920001E-1	 -4.4729999E-1
 -3.4330001E-1	 -4.4029999E-1
 -3.3469999E-1	 -4.3099999E-1
 -3.2710001E-1	 -4.2240000E-1
 -3.1779999E-1	 -4.1200000E-1
 -3.1130001E-1	 -4.0340000E-1
 -3.0090001E-1	 -3.9210001E-1
 -2.8979999E-1	 -3.8000000E-1
 -2.7200001E-1	 -3.6199999E-1
 -2.4347000E-1	 -3.3860001E-1
 -2.3198999E-1	 -3.1209999E-1
 -2.2005001E-1	 -2.9850000E-1
 -2.0558999E-1	 -2.8320000E-1
 -1.9128001E-1	 -2.5391001E-1
 -1.7330000E-1	 -2.4286000E-1
 -1.6432001E-1	 -2.3146001E-1
 -1.5135001E-1	 -2.1771000E-1
 -1.4116000E-1	 -2.0376000E-1
 -1.2558000E-1	 -1.8604000E-1
 -1.1293000E-1	 -1.7148000E-1
 -9.8449998E-2	 -1.5552001E-1
 -8.5230000E-2	 -1.3738000E-1
 -6.3309997E-2	 -1.1270000E-1
 -4.7300000E-2	 -9.3020000E-2
 -2.7850000E-2	 -7.3720001E-2
 -1.7619999E-2	 -5.6120001E-2
 -8.1000002E-3	 -4.4939999E-2
 -5.2200002E-3	 -3.9880000E-2
 -2.7500000E-3	 -3.6669999E-2
 -1.6300000E-3	 -3.5190001E-2
 -9.2999998E-4	 -3.4260001E-2
 -6.3000002E-4	 -3.3820000E-2
 -4.1000001E-4	 -3.3539999E-2
 -3.3000001E-4	 -3.3420000E-2
 -2.8000001E-4	 -3.3330001E-2
 -2.6000000E-4	 -3.3300001E-2
 -2.3999999E-4	 -3.3270001E-2
 -2.3000001E-4	 -3.3250000E-2
 -2.2000000E-4	 -3.3229999E-2
 -2.2000000E-4	 -3.3229999E-2
 -2.1000000E-4	 -3.3209998E-2
 -2.1000000E-4	 -3.3209998E-2
 -2.2000000E-4	 -3.3199999E-2
 -2.2000000E-4	 -3.3199999E-2
 -7.0000002E-5	 -3.3130001E-2
 1.9999999E-5	 -3.2979999E-2
 1.2000000E-4	 -3.2869998E-2
 1.5000001E-4	 -3.2800000E-2
 1.7000000E-4	 -3.2760002E-2
 1.9000001E-4	 -3.2729998E-2
 1.9000001E-4	 -3.2710001E-2
 1.9000001E-4	 -3.2710001E-2
 1.8000000E-4	 -3.2699998E-2
 -9.0000001E-5	 -3.2839999E-2
 -1.7000000E-4	 -3.2889999E-2
 -1.7000000E-4	 -3.2889999E-2
 -1.8000000E-4	 -3.2889999E-2
 -1.9000001E-4	 -3.2900002E-2
 -1.9999999E-4	 -3.2900002E-2
 -1.9999999E-4	 -3.2910001E-2
 -2.1000000E-4	 -3.2900002E-2
 -9.9999997E-5	 -3.2889999E-2
 1.6000000E-4	 -3.2729998E-2
 1.9000001E-4	 -3.2680001E-2
 1.9999999E-4	 -3.2669999E-2
 1.9999999E-4	 -3.2660000E-2
 1.9999999E-4	 -3.2660000E-2
 2.1000000E-4	 -3.2650001E-2
 1.9999999E-4	 -3.2650001E-2
 2.1000000E-4	 -3.2639999E-2
 2.2000000E-4	 -3.2630000E-2
 2.1000000E-4	 -3.2639999E-2
 1.9999999E-4	 -3.2650001E-2
 1.9000001E-4	 -3.2650001E-2
 1.9000001E-4	 -3.2639999E-2
 2.2000000E-4	 -3.2620002E-2
 2.1000000E-4	 -3.2620002E-2
 2.1000000E-4	 -3.2620002E-2
 1.9999999E-4	 -3.2630000E-2
 2.1000000E-4	 -3.2620002E-2
 2.2000000E-4	 -3.2620002E-2
 2.2000000E-4	 -3.2609999E-2
 2.3999999E-4	 -3.2590002E-2
 7.5900001E-3	 -1.8022999E-2
 2.8270001E-2	 -3.9659999E-3
 4.0690001E-2	 1.4027000E-2
 7.4720003E-2	 6.6019997E-2
 1.0438000E-1	 8.8349998E-2
 1.2336000E-1	 1.0923000E-1
 1.3639000E-1	 1.2840000E-1
 1.7021000E-1	 1.6213000E-1
 1.9582000E-1	 1.9496000E-1
 2.3193000E-1	 2.3576000E-1
 2.4958000E-1	 2.6126000E-1
 2.7327001E-1	 2.8738001E-1
 2.8791001E-1	 3.1580001E-1
 3.1520000E-1	 3.2760000E-1
 3.2800001E-1	 3.5060000E-1
 3.4160000E-1	 3.6800000E-1
 3.5389999E-1	 3.8200000E-1
 3.6809999E-1	 3.9579999E-1
 3.7729999E-1	 4.0920001E-1
 3.9390001E-1	 4.2559999E-1
 4.0970001E-1	 4.4350001E-1
 4.3889999E-1	 4.7160000E-1
 4.5539999E-1	 4.9570000E-1
 4.8010001E-1	 5.2190000E-1
 4.9550000E-1	 5.3950000E-1
 5.1800001E-1	 5.6239998E-1
 5.2910000E-1	 5.7800001E-1
 5.5199999E-1	 5.9969997E-1
 5.6950003E-1	 6.2029999E-1
 6.0070002E-1	 6.4870000E-1
 6.1989999E-1	 6.7449999E-1
 6.5179998E-1	 7.0620000E-1
 6.7019999E-1	 7.2630000E-1
 6.9150001E-1	 7.4809998E-1
 6.9989997E-1	 7.5970000E-1
 7.0870000E-1	 7.6870000E-1
 7.1350002E-1	 7.7380002E-1
 7.2180003E-1	 7.8090000E-1
 7.2740000E-1	 7.8820002E-1
 7.3500001E-1	 7.9530001E-1
 7.3970002E-1	 8.0049998E-1
 7.5120002E-1	 8.0890000E-1
 7.6040000E-1	 8.2080001E-1
 7.8810000E-1	 8.4520000E-1
 8.0100000E-1	 8.5970002E-1
 8.1459999E-1	 8.7300003E-1
 8.1959999E-1	 8.7910002E-1
 8.2709998E-1	 8.8569999E-1
 8.3420002E-1	 8.9240003E-1
 8.4719998E-1	 9.0259999E-1
 8.5519999E-1	 9.1240001E-1
 8.6739999E-1	 9.2320001E-1
 8.7639999E-1	 9.3159997E-1
 8.9230001E-1	 9.4349998E-1
 9.0109998E-1	 9.5429999E-1
 9.2330003E-1	 9.7229999E-1
 9.4069999E-1	 9.8860002E-1
 9.6210003E-1	 1.0046000E+0
 9.7079998E-1	 1.0144000E+0
 9.8740000E-1	 1.0271000E+0
 1.0008000E+0	 1.0379000E+0
 1.0194000E+0	 1.0511000E+0
 1.0276000E+0	 1.0598000E+0
 1.0451000E+0	 1.0718000E+0
 1.0635000E+0	 1.0842000E+0
 1.0796000E+0	 1.0969000E+0
 1.0826000E+0	 1.0999000E+0
 1.1121000E+0	 1.1154000E+0
 1.1289001E+0	 1.1275001E+0
 1.1496000E+0	 1.1395000E+0
 1.1748000E+0	 1.1548001E+0
 1.2066000E+0	 1.1700000E+0
 1.2233000E+0	 1.1777000E+0
 1.2457000E+0	 1.1888000E+0
 1.2630000E+0	 1.1976000E+0
 1.2932000E+0	 1.2086000E+0
 1.3092999E+0	 1.2143000E+0
 1.3293999E+0	 1.2224000E+0
 1.3502001E+0	 1.2308000E+0
 1.3740000E+0	 1.2381999E+0
 1.3842000E+0	 1.2412000E+0
 1.3977000E+0	 1.2454000E+0
 1.4177999E+0	 1.2525001E+0
 1.4385999E+0	 1.2582999E+0
 1.4576000E+0	 1.2622000E+0
 1.4840000E+0	 1.2695000E+0
 1.5177000E+0	 1.2800000E+0
 1.5434000E+0	 1.2862000E+0
 1.5536000E+0	 1.2883000E+0
 1.5694000E+0	 1.2911000E+0
 1.5962000E+0	 1.2992001E+0
 1.6425000E+0	 1.3089000E+0
 1.6691000E+0	 1.3127000E+0
 1.6957000E+0	 1.3191000E+0
 1.7251000E+0	 1.3269000E+0
 1.7553999E+0	 1.3326000E+0
 1.7738000E+0	 1.3347000E+0
 1.7927001E+0	 1.3385000E+0
 1.8207999E+0	 1.3453000E+0
 1.8587000E+0	 1.3519000E+0
 1.8772000E+0	 1.3550000E+0
 1.8926001E+0	 1.3572000E+0
 1.9093000E+0	 1.3611000E+0
 1.9780999E+0	 1.3721000E+0
 1.9985000E+0	 1.3745000E+0
 2.0111001E+0	 1.3772000E+0
 2.0225000E+0	 1.3796999E+0
 2.0499001E+0	 1.3838000E+0
 2.0623000E+0	 1.3851000E+0
 2.0739999E+0	 1.3867000E+0
 2.0878000E+0	 1.3898000E+0
 2.1236999E+0	 1.3949000E+0
 2.1389000E+0	 1.3965000E+0
 2.1479001E+0	 1.3980000E+0
 2.1559999E+0	 1.3997999E+0
 2.1874001E+0	 1.4040999E+0
 2.2112999E+0	 1.4062999E+0
 2.2214999E+0	 1.4085000E+0
 2.2290001E+0	 1.4101000E+0
 2.2320001E+0	 1.4105000E+0
 2.2423999E+0	 1.4115000E+0
 2.2505000E+0	 1.4124000E+0
 2.2590001E+0	 1.4141999E+0
 2.2890999E+0	 1.4181000E+0
 2.2966001E+0	 1.4188000E+0
 2.3095000E+0	 1.4194000E+0
 2.3283000E+0	 1.4233000E+0
 2.3413999E+0	 1.4250000E+0
 2.3482001E+0	 1.4256001E+0
 2.3778999E+0	 1.4261000E+0
 2.4238999E+0	 1.4353000E+0
 2.4326000E+0	 1.4364001E+0
 2.4475000E+0	 1.4375000E+0
 2.4768000E+0	 1.4387000E+0
 2.5149000E+0	 1.4462000E+0
 2.5271001E+0	 1.4477000E+0
 2.5360000E+0	 1.4483000E+0
 2.5429001E+0	 1.4489000E+0
 2.5502999E+0	 1.4504000E+0
 2.6269000E+0	 1.4588000E+0
 2.6589000E+0	 1.4615999E+0
 2.6786001E+0	 1.4632000E+0
 2.6970000E+0	 1.4667000E+0
 2.7239001E+0	 1.4694999E+0
 2.7600999E+0	 1.4720000E+0
 2.7769001E+0	 1.4736000E+0
 2.7958000E+0	 1.4770000E+0
 2.8181000E+0	 1.4793000E+0
 2.8643000E+0	 1.4828000E+0
 2.8891001E+0	 1.4845999E+0
 2.8975000E+0	 1.4873000E+0
 2.9267001E+0	 1.4901000E+0
 2.9296999E+0	 1.4903001E+0
 2.9296999E+0	 1.4904000E+0
 2.9296000E+0	 1.4904000E+0
 2.9296000E+0	 1.4904000E+0
 2.9294000E+0	 1.4904000E+0
 2.9293001E+0	 1.4904000E+0
 2.9293001E+0	 1.4904000E+0
 2.9294000E+0	 1.4904000E+0
 2.9293001E+0	 1.4904000E+0
 2.9294000E+0	 1.4904000E+0
 2.9282999E+0	 1.4903001E+0
 2.8596001E+0	 1.4845001E+0
 2.7802999E+0	 1.4788001E+0
 2.7314999E+0	 1.4768000E+0
 2.6867001E+0	 1.4687001E+0
 2.6447999E+0	 1.4647000E+0
 2.6150000E+0	 1.4622999E+0
 2.6017001E+0	 1.4614000E+0
 2.5885999E+0	 1.4591000E+0
 2.5799999E+0	 1.4582000E+0
 2.5636001E+0	 1.4569000E+0
 2.5531001E+0	 1.4564000E+0
 2.5421000E+0	 1.4543999E+0
 2.5344000E+0	 1.4536000E+0
 2.5300000E+0	 1.4531000E+0
 2.5260999E+0	 1.4531000E+0
 2.5214000E+0	 1.4522001E+0
 2.5129001E+0	 1.4514000E+0
 2.5084000E+0	 1.4509000E+0
 2.5056000E+0	 1.4509000E+0
 2.5025001E+0	 1.4503000E+0
 2.4920001E+0	 1.4492000E+0
 2.4849999E+0	 1.4485000E+0
 2.4833000E+0	 1.4483000E+0
 2.4814999E+0	 1.4480000E+0
 2.4775000E+0	 1.4476000E+0
 2.4735999E+0	 1.4471999E+0
 2.4712000E+0	 1.4471999E+0
 2.4684999E+0	 1.4466000E+0
 2.4575000E+0	 1.4455000E+0
 2.4461000E+0	 1.4444000E+0
 2.4430001E+0	 1.4441000E+0
 2.4403999E+0	 1.4436001E+0
 2.4312000E+0	 1.4426000E+0
 2.4216001E+0	 1.4417000E+0
 2.4138000E+0	 1.4414999E+0
 2.4042001E+0	 1.4396000E+0
 2.3866999E+0	 1.4377000E+0
 2.3694999E+0	 1.4360000E+0
 2.3566000E+0	 1.4356000E+0
 2.3417001E+0	 1.4326000E+0
 2.3353000E+0	 1.4318000E+0
 2.3273001E+0	 1.4310000E+0
 2.3248000E+0	 1.4308000E+0
 2.3225000E+0	 1.4303000E+0
 2.3213000E+0	 1.4302000E+0
 2.3164999E+0	 1.4297000E+0
 2.3132999E+0	 1.4296000E+0
 2.3095000E+0	 1.4288000E+0
 2.2918000E+0	 1.4268000E+0
 2.2729001E+0	 1.4248000E+0
 2.2660999E+0	 1.4243000E+0
 2.2593000E+0	 1.4227999E+0
 2.2537999E+0	 1.4222000E+0
 2.2425001E+0	 1.4210000E+0
 2.2348001E+0	 1.4207000E+0
 2.2255001E+0	 1.4187000E+0
 2.2076001E+0	 1.4165000E+0
 2.1833999E+0	 1.4137000E+0
 2.1760001E+0	 1.4132000E+0
 2.1687000E+0	 1.4116000E+0
 2.1531999E+0	 1.4096000E+0
 2.1156001E+0	 1.4051000E+0
 2.0987999E+0	 1.4043000E+0
 2.0801001E+0	 1.3999000E+0
 2.0539000E+0	 1.3964000E+0
 2.0341001E+0	 1.3938000E+0
 2.0225999E+0	 1.3934000E+0
 2.0090001E+0	 1.3900000E+0
 1.9845001E+0	 1.3866000E+0
 1.9596000E+0	 1.3832999E+0
 1.9424000E+0	 1.3819000E+0
 1.9191999E+0	 1.3767999E+0
 1.9006000E+0	 1.3740000E+0
 1.8927000E+0	 1.3729000E+0
 1.8911000E+0	 1.3726000E+0
 1.8899000E+0	 1.3723000E+0
 1.8749000E+0	 1.3700000E+0
 1.8401999E+0	 1.3650000E+0
 1.8263000E+0	 1.3638000E+0
 1.8099999E+0	 1.3595001E+0
 1.7812001E+0	 1.3549000E+0
 1.7673000E+0	 1.3526000E+0
 1.7536000E+0	 1.3520000E+0
 1.7330000E+0	 1.3464000E+0
 1.7018000E+0	 1.3410000E+0
 1.6842000E+0	 1.3379000E+0
 1.6727999E+0	 1.3372000E+0
 1.6573000E+0	 1.3327000E+0
 1.6463000E+0	 1.3307000E+0
 1.6266000E+0	 1.3273000E+0
 1.6166000E+0	 1.3262000E+0
 1.6040000E+0	 1.3225000E+0
 1.5789000E+0	 1.3176000E+0
 1.5541000E+0	 1.3130000E+0
 1.5386000E+0	 1.3115000E+0
 1.5168000E+0	 1.3046000E+0
 1.4931999E+0	 1.2996000E+0
 1.4857000E+0	 1.2979000E+0
 1.4795001E+0	 1.2973000E+0
 1.4687001E+0	 1.2939000E+0
 1.4543000E+0	 1.2907000E+0
 1.4381000E+0	 1.2873000E+0
 1.4296000E+0	 1.2859000E+0
 1.4179000E+0	 1.2819999E+0
 1.3885000E+0	 1.2751000E+0
 1.3615000E+0	 1.2685000E+0
 1.3507000E+0	 1.2658000E+0
 1.3408000E+0	 1.2621000E+0
 1.3257999E+0	 1.2581000E+0
 1.3188000E+0	 1.2562000E+0
 1.3127000E+0	 1.2553999E+0
 1.3008000E+0	 1.2508000E+0
 1.2886000E+0	 1.2473000E+0
 1.2851000E+0	 1.2460001E+0
 1.2821000E+0	 1.2452000E+0
 1.2801000E+0	 1.2445000E+0
 1.2588000E+0	 1.2383000E+0
 1.2395000E+0	 1.2322000E+0
 1.2275000E+0	 1.2288001E+0
 1.2132000E+0	 1.2224000E+0
 1.1917000E+0	 1.2147000E+0
 1.1572000E+0	 1.2027000E+0
 1.1280000E+0	 1.1914999E+0
 1.1015000E+0	 1.1746000E+0
 1.0729001E+0	 1.1599000E+0
 1.0538000E+0	 1.1479000E+0
 1.0405999E+0	 1.1396000E+0
 1.0288000E+0	 1.1307000E+0
 1.0009000E+0	 1.1128000E+0
 9.7780001E-1	 1.0956000E+0
 9.6050000E-1	 1.0810000E+0
 9.5039999E-1	 1.0714000E+0
 9.3120003E-1	 1.0566000E+0
 9.0689999E-1	 1.0378000E+0
 8.8690001E-1	 1.0181000E+0
 8.7699997E-1	 1.0074000E+0
 8.6769998E-1	 9.9940002E-1
 8.5949999E-1	 9.9190003E-1
 8.5200000E-1	 9.8519999E-1
 8.4590000E-1	 9.7860003E-1
 8.2410002E-1	 9.6039999E-1
 8.0750000E-1	 9.4370002E-1
 7.9549998E-1	 9.3169999E-1
 7.8719997E-1	 9.2250001E-1
 7.6929998E-1	 9.0670002E-1
 7.5449997E-1	 8.9099997E-1
 7.4339998E-1	 8.7970001E-1
 7.3619998E-1	 8.7120003E-1
 7.3189998E-1	 8.6669999E-1
 7.2810000E-1	 8.6309999E-1
 7.2160000E-1	 8.5860002E-1
 7.1010000E-1	 8.4509999E-1
 6.8540001E-1	 8.2179999E-1
 6.6710001E-1	 8.0260003E-1
 6.5660000E-1	 7.9000002E-1
 6.4880002E-1	 7.8070003E-1
 6.2849998E-1	 7.6130003E-1
 6.1040002E-1	 7.4140000E-1
 5.9509999E-1	 7.2520000E-1
 5.8289999E-1	 7.1050000E-1
 5.6110001E-1	 6.8809998E-1
 5.4659998E-1	 6.7110002E-1
 5.3799999E-1	 6.6090000E-1
 5.3359997E-1	 6.5549999E-1
 5.3119999E-1	 6.5259999E-1
 5.2869999E-1	 6.4990002E-1
 5.2359998E-1	 6.4609998E-1
 5.1429999E-1	 6.3440001E-1
 4.9309999E-1	 6.1299998E-1
 4.7610000E-1	 5.9359998E-1
 4.6360001E-1	 5.7870001E-1
 4.5480001E-1	 5.6790000E-1
 4.4389999E-1	 5.5589998E-1
 4.3000001E-1	 5.4170001E-1
 4.1540000E-1	 5.2579999E-1
 4.0279999E-1	 5.0910002E-1
 3.9199999E-1	 4.9689999E-1
 3.8029999E-1	 4.8410001E-1
 3.6640000E-1	 4.6959999E-1
 3.5089999E-1	 4.5030001E-1
 3.3970001E-1	 4.3689999E-1
 3.3270001E-1	 4.2829999E-1
 3.2730001E-1	 4.2240000E-1
 3.2210001E-1	 4.1580001E-1
 3.1420001E-1	 4.0709999E-1
 3.0280000E-1	 3.9500001E-1
 2.8979999E-1	 3.8100001E-1
 2.7640000E-1	 3.6350000E-1
 2.5501001E-1	 3.4700000E-1
 2.4621999E-1	 3.2789999E-1
 2.3597001E-1	 3.1909999E-1
 2.2492000E-1	 3.0360001E-1
 2.0276000E-1	 2.7880001E-1
 1.8001001E-1	 2.3865999E-1
 1.5389000E-1	 2.2339000E-1
 1.4340000E-1	 2.0787001E-1
 1.2590000E-1	 1.8833999E-1
 1.0758000E-1	 1.6616000E-1
 8.9089997E-2	 1.4576000E-1
 7.3930003E-2	 1.2502000E-1
 5.3649999E-2	 1.0154000E-1
 3.8449999E-2	 8.2630001E-2
 2.5920000E-2	 6.7850001E-2
 1.4940000E-2	 5.3530000E-2
 8.1200004E-3	 4.4849999E-2
 4.6199998E-3	 3.9770000E-2
 2.5200001E-3	 3.7140001E-2
 1.4299999E-3	 3.5640001E-2
 8.6999999E-4	 3.4910001E-2
 5.5000000E-4	 3.4480002E-2
 3.9999999E-4	 3.4249999E-2
 3.1000000E-4	 3.4139998E-2
 2.8000001E-4	 3.4070000E-2
 2.5000001E-4	 3.4030002E-2
 2.3999999E-4	 3.4019999E-2
 2.3000001E-4	 3.3980001E-2
 2.2000000E-4	 3.3969998E-2
 2.2000000E-4	 3.3969998E-2
 2.2000000E-4	 3.3960000E-2
 2.3000001E-4	 3.3960000E-2
 2.3000001E-4	 3.3960000E-2
 2.3000001E-4	 3.3960000E-2
 2.3000001E-4	 3.3960000E-2
 2.3999999E-4	 3.3950001E-2
 2.3999999E-4	 3.3950001E-2
 2.2000000E-4	 3.3939999E-2
 2.2000000E-4	 3.3939999E-2
 2.3000001E-4	 3.3939999E-2
 2.3000001E-4	 3.3920001E-2
 1.9999999E-4	 3.3909999E-2
 -9.9999997E-6	 3.3739999E-2
 -1.2000000E-4	 3.3599999E-2
 -1.9000001E-4	 3.3500001E-2
 -1.9999999E-4	 3.3459999E-2
 -2.2000000E-4	 3.3429999E-2
 -2.2000000E-4	 3.3410002E-2
 -2.3000001E-4	 3.3399999E-2
 -2.3000001E-4	 3.3390000E-2
 -2.2000000E-4	 3.3399999E-2
 -2.3999999E-4	 3.3390000E-2
 7.9999998E-5	 3.3530001E-2
 1.7000000E-4	 3.3590000E-2
 1.9999999E-4	 3.3610001E-2
 1.9000001E-4	 3.3610001E-2
 1.9000001E-4	 3.3610001E-2
 1.9999999E-4	 3.3610001E-2
 2.1000000E-4	 3.3620000E-2
 2.1000000E-4	 3.3610001E-2
 2.1000000E-4	 3.3599999E-2
 1.9999999E-4	 3.3610001E-2
 -5.9999998E-5	 3.3480000E-2
 -1.6000000E-4	 3.3410002E-2
 -1.8000000E-4	 3.3390000E-2
 -1.9999999E-4	 3.3380002E-2
 -1.9999999E-4	 3.3360001E-2
 -1.9999999E-4	 3.3360001E-2
 -1.9999999E-4	 3.3360001E-2
 -2.1000000E-4	 3.3349998E-2
 -2.1000000E-4	 3.3349998E-2
 -2.1000000E-4	 3.3360001E-2
 -2.2000000E-4	 3.3340000E-2
 -2.2000000E-4	 3.3349998E-2
 -2.1000000E-4	 3.3340000E-2
 -2.3000001E-4	 3.3349998E-2
 -2.3000001E-4	 3.3330001E-2
 -2.3999999E-4	 3.3340000E-2
 -2.3000001E-4	 3.3340000E-2
 -2.3999999E-4	 3.3330001E-2
 -2.2000000E-4	 3.3340000E-2
 -2.3000001E-4	 3.3330001E-2
 -2.2000000E-4	 3.3330001E-2
 -2.3000001E-4	 3.3340000E-2
 -2.3000001E-4	 3.3340000E-2
 -6.3999998E-4	 3.3030000E-2
 -5.3699999E-3	 3.0530000E-2
 -1.3070000E-2	 9.3350001E-3
 -3.1160001E-2	 -1.9220000E-3
 -3.9740000E-2	 -1.2993000E-2
 -5.4370001E-2	 -2.9629000E-2
 -6.7869999E-2	 -6.2339999E-2
 -9.9220000E-2	 -8.1510000E-2
 -1.1610000E-1	 -1.0167000E-1
 -1.3302000E-1	 -1.2268000E-1
 -1.4149000E-1	 -1.3460000E-1
 -1.4945000E-1	 -1.4441000E-1
 -1.5634000E-1	 -1.5273000E-1
 -1.6618000E-1	 -1.6382000E-1
 -1.7515001E-1	 -1.7524000E-1
 -1.8837000E-1	 -1.9066000E-1
 -1.9845000E-1	 -2.0157000E-1
 -2.1438999E-1	 -2.1980000E-1
 -2.2989000E-1	 -2.3795000E-1
 -2.5077999E-1	 -2.6183999E-1
 -2.6071000E-1	 -2.7436000E-1
 -2.7237001E-1	 -2.8755000E-1
 -2.7884999E-1	 -2.9646000E-1
 -2.8850999E-1	 -3.1250000E-1
 -2.9815000E-1	 -3.1950000E-1
 -3.1709999E-1	 -3.2969999E-1
 -3.2949999E-1	 -3.5130000E-1
 -3.4500000E-1	 -3.7189999E-1
 -3.5839999E-1	 -3.8720000E-1
 -3.6939999E-1	 -4.0000001E-1
 -3.8740000E-1	 -4.2060000E-1
 -3.9890000E-1	 -4.3329999E-1
 -4.1229999E-1	 -4.4610000E-1
 -4.2820001E-1	 -4.6660000E-1
 -4.4970000E-1	 -4.9059999E-1
 -4.6160001E-1	 -5.0349998E-1
 -4.7080001E-1	 -5.1490003E-1
 -4.7580001E-1	 -5.2060002E-1
 -4.8190001E-1	 -5.2759999E-1
 -4.9200001E-1	 -5.3710002E-1
 -5.0620002E-1	 -5.5309999E-1
 -5.1740003E-1	 -5.6580001E-1
 -5.3079998E-1	 -5.8099997E-1
 -5.4180002E-1	 -5.9219998E-1
 -5.5400002E-1	 -6.0570002E-1
 -5.6260002E-1	 -6.1530000E-1
 -5.7389998E-1	 -6.2760001E-1
 -5.8389997E-1	 -6.3770002E-1
 -5.9700000E-1	 -6.5179998E-1
 -6.0740000E-1	 -6.6310000E-1
 -6.2339997E-1	 -6.8040001E-1
 -6.3849998E-1	 -6.9510001E-1
 -6.5730000E-1	 -7.1460003E-1
 -6.7189997E-1	 -7.3070002E-1
 -6.8349999E-1	 -7.4349999E-1
 -6.9330001E-1	 -7.5279999E-1
 -7.0499998E-1	 -7.6450002E-1
 -7.1289998E-1	 -7.7340001E-1
 -7.2369999E-1	 -7.8469998E-1
 -7.3100001E-1	 -7.9159999E-1
 -7.3860002E-1	 -7.9939997E-1
 -7.4419999E-1	 -8.0530000E-1
 -7.5550002E-1	 -8.1650001E-1
 -7.7100003E-1	 -8.3050001E-1
 -7.8930002E-1	 -8.4810001E-1
 -8.0150002E-1	 -8.6030000E-1
 -8.1160003E-1	 -8.7140000E-1
 -8.1809998E-1	 -8.7769997E-1
 -8.2810003E-1	 -8.8749999E-1
 -8.3719999E-1	 -8.9579999E-1
 -8.5020000E-1	 -9.0799999E-1
 -8.5909998E-1	 -9.1610003E-1
 -8.6909997E-1	 -9.2519999E-1
 -8.7610000E-1	 -9.3220001E-1
 -8.9010000E-1	 -9.4470000E-1
 -8.9980000E-1	 -9.5310003E-1
 -9.1259998E-1	 -9.6380001E-1
 -9.2180002E-1	 -9.7289997E-1
 -9.3900001E-1	 -9.8769999E-1
 -9.5069999E-1	 -9.9730003E-1
 -9.6190000E-1	 -1.0070000E+0
 -9.6890002E-1	 -1.0134000E+0
 -9.8259997E-1	 -1.0243000E+0
 -9.9430001E-1	 -1.0335000E+0
 -1.0071000E+0	 -1.0433000E+0
 -1.0147001E+0	 -1.0501000E+0
 -1.0258000E+0	 -1.0585001E+0
 -1.0340000E+0	 -1.0646000E+0
 -1.0444000E+0	 -1.0721000E+0
 -1.0520999E+0	 -1.0782000E+0
 -1.0626000E+0	 -1.0857000E+0
 -1.0763000E+0	 -1.0944000E+0
 -1.0892000E+0	 -1.1034000E+0
 -1.0955000E+0	 -1.1084000E+0
 -1.1023999E+0	 -1.1130000E+0
 -1.1118000E+0	 -1.1185000E+0
 -1.1264000E+0	 -1.1267999E+0
 -1.1356000E+0	 -1.1334000E+0
 -1.1521000E+0	 -1.1431000E+0
 -1.1729000E+0	 -1.1537000E+0
 -1.1914999E+0	 -1.1636000E+0
 -1.2004000E+0	 -1.1691000E+0
 -1.2122999E+0	 -1.1750000E+0
 -1.2268000E+0	 -1.1816000E+0
 -1.2447000E+0	 -1.1888000E+0
 -1.2528000E+0	 -1.1935000E+0
 -1.2679000E+0	 -1.1999000E+0
 -1.2853000E+0	 -1.2062000E+0
 -1.3008000E+0	 -1.2122999E+0
 -1.3078001E+0	 -1.2158000E+0
 -1.3210000E+0	 -1.2207000E+0
 -1.3319000E+0	 -1.2246000E+0
 -1.3490000E+0	 -1.2299000E+0
 -1.3562000E+0	 -1.2331001E+0
 -1.3787000E+0	 -1.2406000E+0
 -1.4055001E+0	 -1.2483000E+0
 -1.4342000E+0	 -1.2561001E+0
 -1.4433000E+0	 -1.2600000E+0
 -1.4667000E+0	 -1.2666000E+0
 -1.4876000E+0	 -1.2719001E+0
 -1.5059000E+0	 -1.2765000E+0
 -1.5112000E+0	 -1.2783999E+0
 -1.5379000E+0	 -1.2852000E+0
 -1.5653000E+0	 -1.2916000E+0
 -1.5877000E+0	 -1.2965000E+0
 -1.5927000E+0	 -1.2983000E+0
 -1.6133000E+0	 -1.3031000E+0
 -1.6289999E+0	 -1.3063999E+0
 -1.6362000E+0	 -1.3080000E+0
 -1.6375000E+0	 -1.3085001E+0
 -1.6404999E+0	 -1.3092000E+0
 -1.7067000E+0	 -1.3225000E+0
 -1.7685000E+0	 -1.3338000E+0
 -1.7783999E+0	 -1.3371000E+0
 -1.8286999E+0	 -1.3466001E+0
 -1.8579000E+0	 -1.3518000E+0
 -1.8855000E+0	 -1.3563000E+0
 -1.8895000E+0	 -1.3573999E+0
 -1.9186000E+0	 -1.3625000E+0
 -1.9374000E+0	 -1.3656000E+0
 -1.9510000E+0	 -1.3677000E+0
 -1.9536000E+0	 -1.3681999E+0
 -1.9933000E+0	 -1.3749000E+0
 -2.0195999E+0	 -1.3789001E+0
 -2.0295999E+0	 -1.3805000E+0
 -2.0344000E+0	 -1.3808000E+0
 -2.0808001E+0	 -1.3885000E+0
 -2.0938001E+0	 -1.3904001E+0
 -2.1226001E+0	 -1.3943000E+0
 -2.1300001E+0	 -1.3950000E+0
 -2.1645999E+0	 -1.4008000E+0
 -2.1940000E+0	 -1.4049000E+0
 -2.2242999E+0	 -1.4086000E+0
 -2.2293000E+0	 -1.4093000E+0
 -2.2688000E+0	 -1.4152000E+0
 -2.3048999E+0	 -1.4198999E+0
 -2.3269999E+0	 -1.4226000E+0
 -2.3368001E+0	 -1.4229000E+0
 -2.4022999E+0	 -1.4324000E+0
 -2.4877000E+0	 -1.4426000E+0
 -2.5638001E+0	 -1.4509000E+0
 -2.5706000E+0	 -1.4518000E+0
 -2.6154001E+0	 -1.4574000E+0
 -2.6787000E+0	 -1.4643000E+0
 -2.7286000E+0	 -1.4693000E+0
 -2.7351999E+0	 -1.4697000E+0
 -2.7704000E+0	 -1.4740000E+0
 -2.8354001E+0	 -1.4806000E+0
 -2.8836000E+0	 -1.4852000E+0
 -2.8947001E+0	 -1.4856000E+0
 -2.9412999E+0	 -1.4911000E+0
 -2.9435000E+0	 -1.4913000E+0
 -2.9433000E+0	 -1.4913000E+0
 -2.9433000E+0	 -1.4913000E+0
 -2.9432001E+0	 -1.4913000E+0
 -2.9431000E+0	 -1.4913000E+0
 -2.9431000E+0	 -1.4913000E+0
 -2.9430001E+0	 -1.4913000E+0
 -2.9430001E+0	 -1.4913000E+0
 -2.9428999E+0	 -1.4913000E+0
 -2.9428999E+0	 -1.4913000E+0
 -2.9428999E+0	 -1.4913000E+0
 -2.9428000E+0	 -1.4913000E+0
 -2.9428000E+0	 -1.4913000E+0
 -2.9428000E+0	 -1.4913000E+0
 -2.9426999E+0	 -1.4913000E+0
 -2.9426999E+0	 -1.4913000E+0
 -2.9426000E+0	 -1.4913000E+0
 -2.9426000E+0	 -1.4913000E+0
 -2.9426000E+0	 -1.4913000E+0
 -2.9426000E+0	 -1.4913000E+0
 -2.9426000E+0	 -1.4913000E+0
 -2.9426000E+0	 -1.4913000E+0
 -2.9425001E+0	 -1.4913000E+0
 -2.9425001E+0	 -1.4914000E+0
 -2.9425001E+0	 -1.4913000E+0
 -2.9425001E+0	 -1.4913000E+0
 -2.9425001E+0	 -1.4913000E+0
 -2.9425001E+0	 -1.4913000E+0
 -2.9407001E+0	 -1.4912000E+0
 -2.8591001E+0	 -1.4845001E+0
 -2.8520000E+0	 -1.4840000E+0
 -2.8322001E+0	 -1.4819000E+0
 -2.8023000E+0	 -1.4792000E+0
 -2.7597001E+0	 -1.4755000E+0
 -2.7551000E+0	 -1.4752001E+0
 -2.7421000E+0	 -1.4737000E+0
 -2.7304001E+0	 -1.4726000E+0
 -2.6829000E+0	 -1.4683000E+0
 -2.6721001E+0	 -1.4680001E+0
 -2.6441000E+0	 -1.4644001E+0
 -2.6222999E+0	 -1.4622000E+0
 -2.6063001E+0	 -1.4607000E+0
 -2.6029999E+0	 -1.4606000E+0
 -2.5929000E+0	 -1.4593000E+0
 -2.5843000E+0	 -1.4584000E+0
 -2.5683000E+0	 -1.4569000E+0
 -2.5625999E+0	 -1.4567000E+0
 -2.5474000E+0	 -1.4547000E+0
 -2.5279000E+0	 -1.4527000E+0
 -2.5146999E+0	 -1.4513000E+0
 -2.5098000E+0	 -1.4512000E+0
 -2.4941001E+0	 -1.4491000E+0
 -2.4802999E+0	 -1.4477000E+0
 -2.4635999E+0	 -1.4459000E+0
 -2.4605000E+0	 -1.4457999E+0
 -2.4493001E+0	 -1.4443001E+0
 -2.4324999E+0	 -1.4425000E+0
 -2.4324999E+0	 -1.4425000E+0
 -2.4326000E+0	 -1.4425000E+0
 -2.3993001E+0	 -1.4388000E+0
 -2.3938000E+0	 -1.4382000E+0
 -2.3894999E+0	 -1.4381000E+0
 -2.3778000E+0	 -1.4364001E+0
 -2.3656001E+0	 -1.4349999E+0
 -2.3419001E+0	 -1.4325000E+0
 -2.3366001E+0	 -1.4321001E+0
 -2.3176999E+0	 -1.4295000E+0
 -2.3118999E+0	 -1.4288000E+0
 -2.2921000E+0	 -1.4267000E+0
 -2.2828000E+0	 -1.4263000E+0
 -2.2609000E+0	 -1.4227000E+0
 -2.2495000E+0	 -1.4214000E+0
 -2.2356999E+0	 -1.4198000E+0
 -2.2316999E+0	 -1.4195000E+0
 -2.2247000E+0	 -1.4183000E+0
 -2.2146001E+0	 -1.4171000E+0
 -2.2003000E+0	 -1.4153000E+0
 -2.1968000E+0	 -1.4152000E+0
 -2.1893001E+0	 -1.4139000E+0
 -2.1745000E+0	 -1.4119999E+0
 -2.1587999E+0	 -1.4101000E+0
 -2.1561999E+0	 -1.4098001E+0
 -2.1515999E+0	 -1.4091001E+0
 -2.1421001E+0	 -1.4078000E+0
 -2.1296000E+0	 -1.4062999E+0
 -2.1236999E+0	 -1.4061000E+0
 -2.1094999E+0	 -1.4035000E+0
 -2.0913000E+0	 -1.4011000E+0
 -2.0857999E+0	 -1.4004000E+0
 -2.0811999E+0	 -1.4003000E+0
 -2.0692000E+0	 -1.3981000E+0
 -2.0579000E+0	 -1.3966000E+0
 -2.0443001E+0	 -1.3947999E+0
 -2.0355000E+0	 -1.3945000E+0
 -2.0204000E+0	 -1.3913000E+0
 -1.9981000E+0	 -1.3882000E+0
 -1.9642000E+0	 -1.3837000E+0
 -1.9584000E+0	 -1.3828000E+0
 -1.9476000E+0	 -1.3808000E+0
 -1.9360000E+0	 -1.3791000E+0
 -1.9250000E+0	 -1.3775001E+0
 -1.9230000E+0	 -1.3772000E+0
 -1.9201000E+0	 -1.3766000E+0
 -1.9174000E+0	 -1.3762000E+0
 -1.9072000E+0	 -1.3748000E+0
 -1.9032000E+0	 -1.3745000E+0
 -1.8942000E+0	 -1.3727000E+0
 -1.8748000E+0	 -1.3697000E+0
 -1.8468000E+0	 -1.3656000E+0
 -1.8347000E+0	 -1.3648000E+0
 -1.8241000E+0	 -1.3615000E+0
 -1.8135999E+0	 -1.3598000E+0
 -1.8013999E+0	 -1.3580000E+0
 -1.7901000E+0	 -1.3575000E+0
 -1.7671000E+0	 -1.3520000E+0
 -1.7423000E+0	 -1.3478000E+0
 -1.7277000E+0	 -1.3454000E+0
 -1.7182000E+0	 -1.3448000E+0
 -1.6961000E+0	 -1.3395000E+0
 -1.6550000E+0	 -1.3321000E+0
 -1.6209000E+0	 -1.3260000E+0
 -1.6058000E+0	 -1.3237000E+0
 -1.5833000E+0	 -1.3181000E+0
 -1.5541000E+0	 -1.3122000E+0
 -1.5254000E+0	 -1.3068000E+0
 -1.5161999E+0	 -1.3049999E+0
 -1.5016000E+0	 -1.3009000E+0
 -1.4859999E+0	 -1.2975000E+0
 -1.4520000E+0	 -1.2908000E+0
 -1.4304000E+0	 -1.2880000E+0
 -1.3889000E+0	 -1.2746000E+0
 -1.3752000E+0	 -1.2711000E+0
 -1.3655000E+0	 -1.2686000E+0
 -1.3570000E+0	 -1.2675000E+0
 -1.3396000E+0	 -1.2615000E+0
 -1.3181000E+0	 -1.2556000E+0
 -1.2986000E+0	 -1.2503999E+0
 -1.2880000E+0	 -1.2478000E+0
 -1.2681000E+0	 -1.2405000E+0
 -1.2394000E+0	 -1.2315000E+0
 -1.2029999E+0	 -1.2199000E+0
 -1.1818000E+0	 -1.2127000E+0
 -1.1548001E+0	 -1.1991000E+0
 -1.1379000E+0	 -1.1918000E+0
 -1.1201000E+0	 -1.1842000E+0
 -1.1091000E+0	 -1.1784000E+0
 -1.0994000E+0	 -1.1727000E+0
 -1.0879000E+0	 -1.1667000E+0
 -1.0688000E+0	 -1.1573000E+0
 -1.0551000E+0	 -1.1487000E+0
 -1.0361000E+0	 -1.1354001E+0
 -1.0285000E+0	 -1.1300000E+0
 -1.0233001E+0	 -1.1264000E+0
 -1.0184000E+0	 -1.1237000E+0
 -1.0087000E+0	 -1.1163000E+0
 -9.9800003E-1	 -1.1086000E+0
 -9.8909998E-1	 -1.1020000E+0
 -9.8199999E-1	 -1.0966001E+0
 -9.7130001E-1	 -1.0879000E+0
 -9.5910001E-1	 -1.0785000E+0
 -9.4779998E-1	 -1.0695000E+0
 -9.3900001E-1	 -1.0621001E+0
 -9.3169999E-1	 -1.0549999E+0
 -9.2220002E-1	 -1.0473000E+0
 -9.1200000E-1	 -1.0385000E+0
 -9.0359998E-1	 -1.0315000E+0
 -8.9569998E-1	 -1.0239000E+0
 -8.8749999E-1	 -1.0165000E+0
 -8.7769997E-1	 -1.0085000E+0
 -8.7029999E-1	 -1.0014000E+0
 -8.6420000E-1	 -9.9519998E-1
 -8.5560000E-1	 -9.8769999E-1
 -8.4469998E-1	 -9.7790003E-1
 -8.3480000E-1	 -9.6869999E-1
 -8.2650000E-1	 -9.6010000E-1
 -8.1849998E-1	 -9.5249999E-1
 -8.0650002E-1	 -9.4239998E-1
 -7.9490000E-1	 -9.3070000E-1
 -7.8590000E-1	 -9.2100000E-1
 -7.7410001E-1	 -9.0969998E-1
 -7.6340002E-1	 -8.9910001E-1
 -7.5500000E-1	 -8.9050001E-1
 -7.4940002E-1	 -8.8419998E-1
 -7.4400002E-1	 -8.7889999E-1
 -7.3839998E-1	 -8.7339997E-1
 -7.3269999E-1	 -8.6830002E-1
 -7.2390002E-1	 -8.5879999E-1
 -7.0870000E-1	 -8.4380001E-1
 -6.9550002E-1	 -8.3039999E-1
 -6.8540001E-1	 -8.2029998E-1
 -6.7420000E-1	 -8.0760002E-1
 -6.6189998E-1	 -7.9500002E-1
 -6.4940000E-1	 -7.8240001E-1
 -6.3950002E-1	 -7.7149999E-1
 -6.3080001E-1	 -7.6190001E-1
 -6.0030001E-1	 -7.3180002E-1
 -5.6709999E-1	 -6.9720000E-1
 -5.4060000E-1	 -6.6630000E-1
 -5.2240002E-1	 -6.4429998E-1
 -5.0160003E-1	 -6.2210000E-1
 -4.7990000E-1	 -5.9820002E-1
 -4.6020001E-1	 -5.7709998E-1
 -4.4150001E-1	 -5.5419999E-1
 -4.1679999E-1	 -5.2749997E-1
 -3.9629999E-1	 -5.0389999E-1
 -3.7889999E-1	 -4.8460001E-1
 -3.5220000E-1	 -4.5289999E-1
 -3.2229999E-1	 -4.1720000E-1
 -2.9809999E-1	 -3.9100000E-1
 -2.7710000E-1	 -3.6829999E-1
 -2.3891000E-1	 -3.3469999E-1
 -2.2822000E-1	 -3.0700001E-1
 -2.1980000E-1	 -2.9679999E-1
 -2.1227001E-1	 -2.8770000E-1
 -2.0832001E-1	 -2.8250000E-1
 -2.0542000E-1	 -2.7890000E-1
 -1.9013999E-1	 -2.5081000E-1
 -1.5711001E-1	 -2.2816999E-1
 -1.3650000E-1	 -1.9953001E-1
 -9.5980003E-2	 -1.5493000E-1
 -6.5559998E-2	 -1.1635000E-1
 -4.3219998E-2	 -8.9450002E-2
 -2.3100000E-2	 -6.3309997E-2
 -1.2190000E-2	 -4.9160000E-2
 -6.7099999E-3	 -4.1800000E-2
 -3.7000000E-3	 -3.7730001E-2
 -2.0699999E-3	 -3.5650000E-2
 -1.2300001E-3	 -3.4490000E-2
 -7.8000000E-4	 -3.3890001E-2
 -5.3999998E-4	 -3.3539999E-2
 -4.1000001E-4	 -3.3349998E-2
 -3.4000000E-4	 -3.3240002E-2
 -3.0000001E-4	 -3.3209998E-2
 -2.9000000E-4	 -3.3170000E-2
 -2.6999999E-4	 -3.3149999E-2
 -2.5000001E-4	 -3.3119999E-2
 -2.6999999E-4	 -3.3110000E-2
 -2.6999999E-4	 -3.3119999E-2
 -2.6999999E-4	 -3.3119999E-2
 -2.9000000E-4	 -3.3119999E-2
 -2.9000000E-4	 -3.3119999E-2
 -2.6999999E-4	 -3.3110000E-2
 -2.8000001E-4	 -3.3110000E-2
 -2.9000000E-4	 -3.3110000E-2
 -2.6000000E-4	 -3.3100002E-2
 -4.9999999E-5	 -3.2910001E-2
 3.9999999E-5	 -3.2800000E-2
 9.0000001E-5	 -3.2729998E-2
 1.1000000E-4	 -3.2690000E-2
 1.4000000E-4	 -3.2639999E-2
 1.2000000E-4	 -3.2630000E-2
 1.3000000E-4	 -3.2620002E-2
 1.4000000E-4	 -3.2620002E-2
 1.5000001E-4	 -3.2609999E-2
 1.3000000E-4	 -3.2600001E-2
 1.4000000E-4	 -3.2590002E-2
 1.4000000E-4	 -3.2579999E-2
 1.4000000E-4	 -3.2579999E-2
 1.4000000E-4	 -3.2579999E-2
 1.5000001E-4	 -3.2579999E-2
 1.5000001E-4	 -3.2570001E-2
 1.5000001E-4	 -3.2559998E-2
 1.6000000E-4	 -3.2559998E-2
 1.6000000E-4	 -3.2559998E-2
 1.6000000E-4	 -3.2559998E-2
 1.6000000E-4	 -3.2540001E-2
 1.7000000E-4	 -3.2529999E-2
 1.6000000E-4	 -3.2540001E-2
 1.6000000E-4	 -3.2540001E-2
 1.5000001E-4	 -3.2550000E-2
 1.5000001E-4	 -3.2559998E-2
 1.5000001E-4	 -3.2550000E-2
 1.6000000E-4	 -3.2540001E-2
 1.7000000E-4	 -3.2520000E-2
 1.6000000E-4	 -3.2529999E-2
 1.5000001E-4	 -3.2520000E-2
 1.4000000E-4	 -3.2529999E-2
 1.4000000E-4	 -3.2529999E-2
 1.4000000E-4	 -3.2529999E-2
 1.5000001E-4	 -3.2529999E-2
 1.5000001E-4	 -3.2529999E-2
 1.7000000E-4	 -3.2529999E-2
 1.7000000E-4	 -3.2529999E-2
 1.7000000E-4	 -3.2520000E-2
 1.6000000E-4	 -3.2529999E-2
 1.6000000E-4	 -3.2529999E-2
 1.7000000E-4	 -3.2510001E-2
 1.5000001E-4	 -3.2510001E-2
 1.5000001E-4	 -3.2520000E-2
 1.7000000E-4	 -3.2499999E-2
 1.6000000E-4	 -3.2499999E-2
 1.6000000E-4	 -3.2510001E-2
 1.6000000E-4	 -3.2499999E-2
 1.6000000E-4	 -3.2499999E-2
 1.5000001E-4	 -3.2510001E-2
 1.4000000E-4	 -3.2520000E-2
 1.2000000E-4	 -3.2520000E-2
 1.2000000E-4	 -3.2510001E-2
 9.9999997E-5	 -3.2520000E-2
 1.3000000E-4	 -3.2520000E-2
 1.4000000E-4	 -3.2510001E-2
 1.2000000E-4	 -3.2520000E-2
 1.4000000E-4	 -3.2510001E-2
 1.2000000E-4	 -3.2510001E-2
 1.3000000E-4	 -3.2499999E-2
 1.4000000E-4	 -3.2499999E-2
 1.1000000E-4	 -3.2499999E-2
 1.2000000E-4	 -3.2499999E-2
