12/12/200518:46I (A)          B (T)      -2.3000001E-4	 1.5910999E-1
 -2.1000000E-4	 1.5910999E-1
 -1.9999999E-4	 1.5910999E-1
 -1.9000001E-4	 1.5910999E-1
 -1.5000001E-4	 1.5911999E-1
 -1.8000000E-4	 1.5911999E-1
 -1.9000001E-4	 1.5910999E-1
 -2.3000001E-4	 1.5910999E-1
 -1.9999999E-4	 1.5910000E-1
 -2.1000000E-4	 1.5910000E-1
 -2.3000001E-4	 1.5910000E-1
 -2.3999999E-4	 1.5910000E-1
 -2.2000000E-4	 1.5910999E-1
 -2.2000000E-4	 1.5910999E-1
 -2.2000000E-4	 1.5910999E-1
 -2.1000000E-4	 1.5910999E-1
 -1.9999999E-4	 1.5910999E-1
 -1.8000000E-4	 1.5910999E-1
 -1.9000001E-4	 1.5910999E-1
 -1.8000000E-4	 1.5910999E-1
 -1.7000000E-4	 1.5910999E-1
 -1.7000000E-4	 1.5910999E-1
 -1.8000000E-4	 1.5910999E-1
 -1.7000000E-4	 1.5910999E-1
 -1.9000001E-4	 1.5910999E-1
 -1.8000000E-4	 1.5910000E-1
 -1.8000000E-4	 1.5910999E-1
 -1.9000001E-4	 1.5910000E-1
 -1.7000000E-4	 1.5910000E-1
 -1.8000000E-4	 1.5910000E-1
 -1.7000000E-4	 1.5910000E-1
 -1.8000000E-4	 1.5910999E-1
 -9.0000001E-5	 1.5910999E-1
 2.3000001E-4	 1.5915000E-1
 2.3999999E-4	 1.5917000E-1
 2.3999999E-4	 1.5916000E-1
 2.5000001E-4	 1.5917000E-1
 2.5000001E-4	 1.5917000E-1
 2.3000001E-4	 1.5916000E-1
 2.5000001E-4	 1.5916000E-1
 2.3000001E-4	 1.5916000E-1
 2.5000001E-4	 1.5917000E-1
 2.3000001E-4	 1.5917000E-1
 2.3000001E-4	 1.5916000E-1
 2.2000000E-4	 1.5917000E-1
 2.5000001E-4	 1.5916000E-1
 2.3000001E-4	 1.5915000E-1
 2.3999999E-4	 1.5915000E-1
 2.3999999E-4	 1.5915000E-1
 2.3999999E-4	 1.5917000E-1
 2.2000000E-4	 1.5916000E-1
 2.3000001E-4	 1.5916000E-1
 2.3999999E-4	 1.5916000E-1
 2.2000000E-4	 1.5915000E-1
 2.3999999E-4	 1.5916000E-1
 2.3999999E-4	 1.5916000E-1
 2.3000001E-4	 1.5917000E-1
 2.3000001E-4	 1.5917000E-1
 2.1000000E-4	 1.5917000E-1
 2.2000000E-4	 1.5917000E-1
 2.3000001E-4	 1.5917000E-1
 2.2000000E-4	 1.5917000E-1
 2.3000001E-4	 1.5917000E-1
 2.1000000E-4	 1.5917000E-1
 2.1000000E-4	 1.5916000E-1
 1.8000000E-4	 1.5916000E-1
 1.9000001E-4	 1.5916000E-1
 1.9000001E-4	 1.5917000E-1
 2.1000000E-4	 1.5916000E-1
 2.1000000E-4	 1.5916000E-1
 1.6000000E-4	 1.5915000E-1
 1.7000000E-4	 1.5915000E-1
 1.6000000E-4	 1.5915000E-1
 1.8000000E-4	 1.5915000E-1
 1.8000000E-4	 1.5915000E-1
 2.1000000E-4	 1.5915000E-1
 1.9999999E-4	 1.5915000E-1
 1.9000001E-4	 1.5915000E-1
 1.9999999E-4	 1.5914001E-1
 1.9000001E-4	 1.5915000E-1
 1.8000000E-4	 1.5914001E-1
 1.8000000E-4	 1.5914001E-1
 1.8000000E-4	 1.5915000E-1
 1.9999999E-4	 1.5915000E-1
 2.1000000E-4	 1.5916000E-1
 2.1000000E-4	 1.5915000E-1
 2.3000001E-4	 1.5915000E-1
 1.9999999E-4	 1.5915000E-1
 2.1000000E-4	 1.5916000E-1
 1.9999999E-4	 1.5916000E-1
 2.2000000E-4	 1.5916000E-1
 1.9999999E-4	 1.5915000E-1
 2.1000000E-4	 1.5916000E-1
 2.3000001E-4	 1.5916000E-1
 2.2000000E-4	 1.5915000E-1
 5.3300001E-3	 1.5983000E-1
 1.2730000E-2	 1.6074000E-1
 1.7980000E-2	 1.6181999E-1
 3.3380002E-2	 1.6460000E-1
 4.6930000E-2	 1.6684000E-1
 5.1600002E-2	 1.6788000E-1
 5.3130001E-2	 1.6834000E-1
 5.5720001E-2	 1.6884001E-1
 6.1910000E-2	 1.6986001E-1
 6.6919997E-2	 1.7072999E-1
 6.9870003E-2	 1.7156000E-1
 7.4100003E-2	 1.7249000E-1
 7.7780001E-2	 1.7317000E-1
 8.1940003E-2	 1.7386000E-1
 8.4670000E-2	 1.7465000E-1
 9.0839997E-2	 1.7599000E-1
 9.3670003E-2	 1.7656000E-1
 9.7070001E-2	 1.7715000E-1
 9.9579997E-2	 1.7786001E-1
 1.0446000E-1	 1.7901000E-1
 1.1013000E-1	 1.8009999E-1
 1.1310000E-1	 1.8085000E-1
 1.1471000E-1	 1.8134999E-1
 1.1861000E-1	 1.8227001E-1
 1.2213000E-1	 1.8300000E-1
 1.2407000E-1	 1.8348999E-1
 1.2526999E-1	 1.8381000E-1
 1.2903000E-1	 1.8475001E-1
 1.3502000E-1	 1.8596999E-1
 1.4304000E-1	 1.8751000E-1
 1.4582001E-1	 1.8877000E-1
 1.5109000E-1	 1.9024999E-1
 1.5320000E-1	 1.9081999E-1
 1.5496001E-1	 1.9120000E-1
 1.5616000E-1	 1.9159999E-1
 1.5860000E-1	 1.9227000E-1
 1.6034999E-1	 1.9270000E-1
 1.6288000E-1	 1.9318999E-1
 1.6504000E-1	 1.9385000E-1
 1.7122000E-1	 1.9560000E-1
 1.7702000E-1	 1.9701999E-1
 1.8088000E-1	 1.9807000E-1
 1.8448000E-1	 1.9899000E-1
 1.9993000E-1	 2.0355000E-1
 2.0817000E-1	 2.0601000E-1
 2.1189000E-1	 2.0744000E-1
 2.1342000E-1	 2.0804000E-1
 2.1493000E-1	 2.0858000E-1
 2.1906000E-1	 2.0957001E-1
 2.2123000E-1	 2.1040000E-1
 2.2245000E-1	 2.1096000E-1
 2.2295000E-1	 2.1119000E-1
 2.2378001E-1	 2.1141000E-1
 2.2518000E-1	 2.1172000E-1
 2.2614001E-1	 2.1218000E-1
 2.2694001E-1	 2.1247000E-1
 2.2831000E-1	 2.1283001E-1
 2.2961000E-1	 2.1319000E-1
 2.3054001E-1	 2.1359000E-1
 2.3167001E-1	 2.1400000E-1
 2.3427001E-1	 2.1469000E-1
 2.3728999E-1	 2.1545000E-1
 2.3987000E-1	 2.1646000E-1
 2.4670000E-1	 2.1878000E-1
 2.5137001E-1	 2.2033000E-1
 2.5378001E-1	 2.2127999E-1
 2.5503999E-1	 2.2183000E-1
 2.5696999E-1	 2.2256000E-1
 2.6008001E-1	 2.2345001E-1
 2.6390001E-1	 2.2455999E-1
 2.6730999E-1	 2.2590999E-1
 2.7195001E-1	 2.2770999E-1
 2.7504000E-1	 2.2880000E-1
 2.7798000E-1	 2.2969000E-1
 2.8015000E-1	 2.3066001E-1
 2.8336000E-1	 2.3191001E-1
 2.8784999E-1	 2.3330000E-1
 2.9148999E-1	 2.3457000E-1
 2.9407999E-1	 2.3569000E-1
 2.9708001E-1	 2.3693000E-1
 3.0250999E-1	 2.3864999E-1
 3.0899999E-1	 2.4008000E-1
 3.1299999E-1	 2.4245000E-1
 3.1569999E-1	 2.4353001E-1
 3.2020000E-1	 2.4515000E-1
 3.2440001E-1	 2.4640000E-1
 3.2740000E-1	 2.4777000E-1
 3.3129999E-1	 2.4940000E-1
 3.3669999E-1	 2.5123000E-1
 3.4290001E-1	 2.5294000E-1
 3.4880000E-1	 2.5499001E-1
 3.5910001E-1	 2.5915000E-1
 3.6600000E-1	 2.6165000E-1
 3.6970001E-1	 2.6308000E-1
 3.7189999E-1	 2.6391000E-1
 3.7509999E-1	 2.6517001E-1
 3.7729999E-1	 2.6598001E-1
 3.7909999E-1	 2.6660001E-1
 3.8029999E-1	 2.6710999E-1
 3.8139999E-1	 2.6756999E-1
 3.8310000E-1	 2.6811999E-1
 3.8609999E-1	 2.6885000E-1
 3.8890001E-1	 2.6991999E-1
 3.9390001E-1	 2.7180001E-1
 4.0000001E-1	 2.7375999E-1
 4.0520000E-1	 2.7540001E-1
 4.0820000E-1	 2.7675000E-1
 4.1040000E-1	 2.7770999E-1
 4.1159999E-1	 2.7814001E-1
 4.1310000E-1	 2.7857000E-1
 4.1479999E-1	 2.7902001E-1
 4.1790000E-1	 2.8026000E-1
 4.2019999E-1	 2.8106001E-1
 4.2379999E-1	 2.8191999E-1
 4.2649999E-1	 2.8312999E-1
 4.3040001E-1	 2.8459999E-1
 4.3279999E-1	 2.8538001E-1
 4.3450001E-1	 2.8597999E-1
 4.3640000E-1	 2.8643000E-1
 4.4029999E-1	 2.8795999E-1
 4.4850001E-1	 2.9032001E-1
 4.5220000E-1	 2.9181001E-1
 4.5400000E-1	 2.9258999E-1
 4.5580000E-1	 2.9330000E-1
 4.5809999E-1	 2.9400000E-1
 4.6030000E-1	 2.9459000E-1
 4.6230000E-1	 2.9513001E-1
 4.6450001E-1	 2.9618999E-1
 4.6700001E-1	 2.9697001E-1
 4.6900001E-1	 2.9758999E-1
 4.7029999E-1	 2.9808000E-1
 4.7150001E-1	 2.9857001E-1
 4.7440001E-1	 2.9938999E-1
 4.7749999E-1	 3.0017999E-1
 4.7920001E-1	 3.0092001E-1
 4.8260000E-1	 3.0217001E-1
 4.9100000E-1	 3.0520001E-1
 5.0129998E-1	 3.0759999E-1
 5.0440001E-1	 3.0870000E-1
 5.0709999E-1	 3.0989999E-1
 5.1059997E-1	 3.1099999E-1
 5.1300001E-1	 3.1169999E-1
 5.1429999E-1	 3.1220001E-1
 5.1599997E-1	 3.1290001E-1
 5.1990002E-1	 3.1389999E-1
 5.2620000E-1	 3.1529999E-1
 5.2999997E-1	 3.1680000E-1
 5.3579998E-1	 3.1900001E-1
 5.4689997E-1	 3.2200000E-1
 5.5299997E-1	 3.2409999E-1
 5.5570000E-1	 3.2510000E-1
 5.5820000E-1	 3.2620001E-1
 5.6320000E-1	 3.2749999E-1
 5.6750000E-1	 3.2859999E-1
 5.6900001E-1	 3.2949999E-1
 5.6980002E-1	 3.2980001E-1
 5.7179999E-1	 3.3030000E-1
 5.7349998E-1	 3.3080000E-1
 5.7419997E-1	 3.3109999E-1
 5.7470000E-1	 3.3140001E-1
 5.7550001E-1	 3.3160001E-1
 5.7660002E-1	 3.3180001E-1
 5.7720000E-1	 3.3210000E-1
 5.7779998E-1	 3.3230001E-1
 5.7929999E-1	 3.3270001E-1
 5.8710003E-1	 3.3410001E-1
 5.9179997E-1	 3.3590001E-1
 5.9820002E-1	 3.3820000E-1
 6.0089999E-1	 3.3919999E-1
 6.0630000E-1	 3.4020001E-1
 6.1110002E-1	 3.4140000E-1
 6.2000000E-1	 3.4450001E-1
 6.2370002E-1	 3.4580001E-1
 6.2610000E-1	 3.4650001E-1
 6.2730002E-1	 3.4700000E-1
 6.2840003E-1	 3.4740001E-1
 6.3000000E-1	 3.4790000E-1
 6.3160002E-1	 3.4830001E-1
 6.3330001E-1	 3.4860000E-1
 6.3590002E-1	 3.4959999E-1
 6.3929999E-1	 3.5049999E-1
 6.4270002E-1	 3.5120001E-1
 6.4499998E-1	 3.5190001E-1
 6.4840001E-1	 3.5310000E-1
 6.5310001E-1	 3.5440001E-1
 6.5750003E-1	 3.5550001E-1
 6.6109997E-1	 3.5630000E-1
 6.6570002E-1	 3.5810000E-1
 6.7250001E-1	 3.5980001E-1
 6.7760003E-1	 3.6109999E-1
 6.7960000E-1	 3.6190000E-1
 6.8089998E-1	 3.6250001E-1
 6.8409997E-1	 3.6330000E-1
 6.8800002E-1	 3.6420000E-1
 6.9010001E-1	 3.6489999E-1
 6.9180000E-1	 3.6559999E-1
 6.9470000E-1	 3.6629999E-1
 6.9709998E-1	 3.6680001E-1
 6.9919997E-1	 3.6730000E-1
 7.0160002E-1	 3.6829999E-1
 7.0580000E-1	 3.6930001E-1
 7.1219999E-1	 3.7059999E-1
 7.1460003E-1	 3.7169999E-1
 7.1560001E-1	 3.7220001E-1
 7.1950001E-1	 3.7310001E-1
 7.2180003E-1	 3.7360001E-1
 7.2310001E-1	 3.7400001E-1
 7.2460002E-1	 3.7459999E-1
 7.2710001E-1	 3.7520000E-1
 7.3130000E-1	 3.7619999E-1
 7.3479998E-1	 3.7680000E-1
 7.3869997E-1	 3.7830001E-1
 7.5230002E-1	 3.8150001E-1
 7.6080000E-1	 3.8360000E-1
 7.6370001E-1	 3.8479999E-1
 7.6550001E-1	 3.8550001E-1
 7.7280003E-1	 3.8720000E-1
 7.8090000E-1	 3.8920000E-1
 7.8640002E-1	 3.9019999E-1
 7.9259998E-1	 3.9250001E-1
 7.9839998E-1	 3.9390001E-1
 8.0269998E-1	 3.9480001E-1
 8.0460000E-1	 3.9550000E-1
 8.0589998E-1	 3.9600000E-1
 8.0839998E-1	 3.9660001E-1
 8.1150001E-1	 3.9739999E-1
 8.1330001E-1	 3.9770001E-1
 8.1599998E-1	 3.9840001E-1
 8.2139999E-1	 3.9969999E-1
 8.3600003E-1	 4.0279999E-1
 8.4340000E-1	 4.0439999E-1
 8.5020000E-1	 4.0709999E-1
 8.5850000E-1	 4.0900001E-1
 8.6260003E-1	 4.1000000E-1
 8.6409998E-1	 4.1040000E-1
 8.6559999E-1	 4.1090000E-1
 8.6769998E-1	 4.1139999E-1
 8.7000000E-1	 4.1190001E-1
 8.7080002E-1	 4.1220000E-1
 8.7140000E-1	 4.1240001E-1
 8.7220001E-1	 4.1260001E-1
 8.7349999E-1	 4.1290000E-1
 8.7599999E-1	 4.1310000E-1
 8.7959999E-1	 4.1409999E-1
 8.8529998E-1	 4.1560000E-1
 8.8709998E-1	 4.1620001E-1
 8.8840002E-1	 4.1630000E-1
 8.8970000E-1	 4.1679999E-1
 8.9139998E-1	 4.1720000E-1
 9.0420002E-1	 4.1960001E-1
 9.1229999E-1	 4.2100000E-1
 9.2049998E-1	 4.2370000E-1
 9.2809999E-1	 4.2570001E-1
 9.3370003E-1	 4.2699999E-1
 9.3860000E-1	 4.2770001E-1
 9.4440001E-1	 4.2940000E-1
 9.5109999E-1	 4.3099999E-1
 9.5590001E-1	 4.3220001E-1
 9.5779997E-1	 4.3259999E-1
 9.5929998E-1	 4.3309999E-1
 9.6090001E-1	 4.3349999E-1
 9.6319997E-1	 4.3399999E-1
 9.6509999E-1	 4.3430001E-1
 9.6710002E-1	 4.3480000E-1
 9.7180003E-1	 4.3590000E-1
 9.7719997E-1	 4.3700001E-1
 9.8159999E-1	 4.3779999E-1
 9.8559999E-1	 4.3900001E-1
 9.8909998E-1	 4.3979999E-1
 9.9239999E-1	 4.4049999E-1
 9.9379998E-1	 4.4080001E-1
 9.9470001E-1	 4.4119999E-1
 9.9559999E-1	 4.4139999E-1
 9.9650002E-1	 4.4159999E-1
 9.9710000E-1	 4.4170001E-1
 9.9760002E-1	 4.4180000E-1
 9.9849999E-1	 4.4200000E-1
 1.0003000E+0	 4.4240001E-1
 1.0022000E+0	 4.4270000E-1
 1.0041000E+0	 4.4310001E-1
 1.0095000E+0	 4.4430000E-1
 1.0168999E+0	 4.4580001E-1
 1.0202000E+0	 4.4659999E-1
 1.0221000E+0	 4.4720000E-1
 1.0236000E+0	 4.4760001E-1
 1.0267000E+0	 4.4819999E-1
 1.0288000E+0	 4.4850001E-1
 1.0303000E+0	 4.4890001E-1
 1.0330000E+0	 4.4960001E-1
 1.0395000E+0	 4.5089999E-1
 1.0429000E+0	 4.5140001E-1
 1.0448999E+0	 4.5210001E-1
 1.0468000E+0	 4.5260000E-1
 1.0493000E+0	 4.5310000E-1
 1.0511000E+0	 4.5339999E-1
 1.0523000E+0	 4.5379999E-1
 1.0537000E+0	 4.5410001E-1
 1.0548000E+0	 4.5440000E-1
 1.0562000E+0	 4.5460001E-1
 1.0567000E+0	 4.5480001E-1
 1.0574000E+0	 4.5500001E-1
 1.0583000E+0	 4.5510000E-1
 1.0592999E+0	 4.5530000E-1
 1.0599999E+0	 4.5550001E-1
 1.0610000E+0	 4.5570001E-1
 1.0655000E+0	 4.5660001E-1
 1.0688000E+0	 4.5710000E-1
 1.0713000E+0	 4.5770001E-1
 1.0746000E+0	 4.5860001E-1
 1.0784000E+0	 4.5930001E-1
 1.0828000E+0	 4.6000001E-1
 1.0858001E+0	 4.6079999E-1
 1.0891000E+0	 4.6160001E-1
 1.0917000E+0	 4.6219999E-1
 1.0936000E+0	 4.6250001E-1
 1.0949000E+0	 4.6280000E-1
 1.0962000E+0	 4.6309999E-1
 1.0978000E+0	 4.6349999E-1
 1.0990000E+0	 4.6360001E-1
 1.1001000E+0	 4.6390000E-1
 1.1020000E+0	 4.6430001E-1
 1.1043000E+0	 4.6480000E-1
 1.1066999E+0	 4.6509999E-1
 1.1084000E+0	 4.6550000E-1
 1.1108000E+0	 4.6619999E-1
 1.1130000E+0	 4.6660000E-1
 1.1145999E+0	 4.6689999E-1
 1.1158000E+0	 4.6709999E-1
 1.1171000E+0	 4.6750000E-1
 1.1190000E+0	 4.6790001E-1
 1.1207000E+0	 4.6810001E-1
 1.1217000E+0	 4.6840000E-1
 1.1227000E+0	 4.6869999E-1
 1.1246001E+0	 4.6900001E-1
 1.1260000E+0	 4.6930000E-1
 1.1267000E+0	 4.6950001E-1
 1.1271000E+0	 4.6959999E-1
 1.1275001E+0	 4.6970001E-1
 1.1275001E+0	 4.6970001E-1
 1.1276000E+0	 4.6970001E-1
 1.1281000E+0	 4.6980000E-1
 1.1287000E+0	 4.6990001E-1
 1.1289001E+0	 4.7000000E-1
 1.1294000E+0	 4.7009999E-1
 1.1303000E+0	 4.7020000E-1
 1.1319000E+0	 4.7049999E-1
 1.1324000E+0	 4.7060001E-1
 1.1349000E+0	 4.7110000E-1
 1.1389000E+0	 4.7180000E-1
 1.1418999E+0	 4.7240001E-1
 1.1427000E+0	 4.7270000E-1
 1.1446000E+0	 4.7310001E-1
 1.1468000E+0	 4.7350001E-1
 1.1492000E+0	 4.7400001E-1
 1.1497999E+0	 4.7420001E-1
 1.1517000E+0	 4.7459999E-1
 1.1537000E+0	 4.7490001E-1
 1.1561000E+0	 4.7540000E-1
 1.1567000E+0	 4.7560000E-1
 1.1582000E+0	 4.7589999E-1
 1.1590000E+0	 4.7610000E-1
 1.1596000E+0	 4.7620001E-1
 1.1598001E+0	 4.7620001E-1
 1.1601000E+0	 4.7630000E-1
 1.1604000E+0	 4.7639999E-1
 1.1608000E+0	 4.7639999E-1
 1.1609000E+0	 4.7650000E-1
 1.1623000E+0	 4.7670001E-1
 1.1638000E+0	 4.7700000E-1
 1.1684000E+0	 4.7770000E-1
 1.1700000E+0	 4.7810000E-1
 1.1760000E+0	 4.7920001E-1
 1.1790000E+0	 4.7990000E-1
 1.1813000E+0	 4.8040000E-1
 1.1820000E+0	 4.8060000E-1
 1.1845000E+0	 4.8109999E-1
 1.1867000E+0	 4.8150000E-1
 1.1894000E+0	 4.8190001E-1
 1.1901000E+0	 4.8220000E-1
 1.1923000E+0	 4.8260000E-1
 1.1933000E+0	 4.8289999E-1
 1.1940000E+0	 4.8300001E-1
 1.1942000E+0	 4.8310000E-1
 1.1954000E+0	 4.8330000E-1
 1.1988000E+0	 4.8390001E-1
 1.2002000E+0	 4.8420000E-1
 1.2005000E+0	 4.8429999E-1
 1.2011000E+0	 4.8440000E-1
 1.2012000E+0	 4.8449999E-1
 1.2012000E+0	 4.8449999E-1
 1.2012000E+0	 4.8449999E-1
 1.2015001E+0	 4.8449999E-1
 1.2016000E+0	 4.8460001E-1
 1.2022001E+0	 4.8460001E-1
 1.2025000E+0	 4.8469999E-1
 1.2043999E+0	 4.8500001E-1
 1.2076000E+0	 4.8559999E-1
 1.2151000E+0	 4.8670000E-1
 1.2172000E+0	 4.8740000E-1
 1.2229000E+0	 4.8859999E-1
 1.2272000E+0	 4.8930001E-1
 1.2332000E+0	 4.9039999E-1
 1.2349000E+0	 4.9079999E-1
 1.2387000E+0	 4.9160001E-1
 1.2431999E+0	 4.9239999E-1
 1.2512000E+0	 4.9360001E-1
 1.2532001E+0	 4.9430001E-1
 1.2570000E+0	 4.9509999E-1
 1.2610000E+0	 4.9579999E-1
 1.2672000E+0	 4.9680001E-1
 1.2690001E+0	 4.9730000E-1
 1.2733999E+0	 4.9820000E-1
 1.2765000E+0	 4.9869999E-1
 1.2787000E+0	 4.9910000E-1
 1.2795000E+0	 4.9930000E-1
 1.2829000E+0	 5.0000000E-1
 1.2839000E+0	 5.0019997E-1
 1.2851000E+0	 5.0040001E-1
 1.2861000E+0	 5.0050002E-1
 1.2900000E+0	 5.0129998E-1
 1.2936000E+0	 5.0190002E-1
 1.2975000E+0	 5.0250000E-1
 1.2992001E+0	 5.0279999E-1
 1.3053000E+0	 5.0410002E-1
 1.3113000E+0	 5.0510001E-1
 1.3157001E+0	 5.0590003E-1
 1.3169000E+0	 5.0620002E-1
 1.3199000E+0	 5.0680000E-1
 1.3221999E+0	 5.0720000E-1
 1.3272001E+0	 5.0790000E-1
 1.3286999E+0	 5.0830001E-1
 1.3316000E+0	 5.0889999E-1
 1.3354000E+0	 5.0959998E-1
 1.3414000E+0	 5.1050001E-1
 1.3446000E+0	 5.1099998E-1
 1.3571000E+0	 5.1340002E-1
 1.3644000E+0	 5.1470000E-1
 1.3714000E+0	 5.1580000E-1
 1.3729000E+0	 5.1630002E-1
 1.3753999E+0	 5.1679999E-1
 1.3764000E+0	 5.1700002E-1
 1.3784000E+0	 5.1730001E-1
 1.3796000E+0	 5.1740003E-1
 1.3838000E+0	 5.1830000E-1
 1.3894000E+0	 5.1920003E-1
 1.3944000E+0	 5.1990002E-1
 1.3961000E+0	 5.2029997E-1
 1.3990999E+0	 5.2090001E-1
 1.4021000E+0	 5.2139997E-1
 1.4061000E+0	 5.2200001E-1
 1.4088000E+0	 5.2230000E-1
 1.4164000E+0	 5.2389997E-1
 1.4226000E+0	 5.2490002E-1
 1.4340000E+0	 5.2660000E-1
 1.4369000E+0	 5.2740002E-1
 1.4395000E+0	 5.2789998E-1
 1.4426000E+0	 5.2840000E-1
 1.4470000E+0	 5.2899998E-1
 1.4483000E+0	 5.2929997E-1
 1.4499000E+0	 5.2969998E-1
 1.4542000E+0	 5.3030002E-1
 1.4559000E+0	 5.3070003E-1
 1.4567000E+0	 5.3079998E-1
 1.4582000E+0	 5.3109998E-1
 1.4710000E+0	 5.3310001E-1
 1.4840000E+0	 5.3500003E-1
 1.4903001E+0	 5.3579998E-1
 1.5051000E+0	 5.3880000E-1
 1.5110000E+0	 5.3979999E-1
 1.5118999E+0	 5.4000002E-1
 1.5137000E+0	 5.4009998E-1
 1.5170000E+0	 5.4079998E-1
 1.5247000E+0	 5.4200000E-1
 1.5275000E+0	 5.4250002E-1
 1.5296000E+0	 5.4269999E-1
 1.5345000E+0	 5.4369998E-1
 1.5461000E+0	 5.4540002E-1
 1.5492001E+0	 5.4600000E-1
 1.5499001E+0	 5.4619998E-1
 1.5505000E+0	 5.4629999E-1
 1.5506999E+0	 5.4640001E-1
 1.5511000E+0	 5.4640001E-1
 1.5516000E+0	 5.4650003E-1
 1.5529000E+0	 5.4670000E-1
 1.5553000E+0	 5.4699999E-1
 1.5569000E+0	 5.4729998E-1
 1.5588000E+0	 5.4740000E-1
 1.5627000E+0	 5.4820001E-1
 1.5662000E+0	 5.4879999E-1
 1.5678000E+0	 5.4900002E-1
 1.5688000E+0	 5.4909998E-1
 1.5704000E+0	 5.4949999E-1
 1.5720000E+0	 5.4970002E-1
 1.5747000E+0	 5.5010003E-1
 1.5756000E+0	 5.5030000E-1
 1.5767000E+0	 5.5049998E-1
 1.5792000E+0	 5.5089998E-1
 1.5843000E+0	 5.5150002E-1
 1.5864000E+0	 5.5180001E-1
 1.5894001E+0	 5.5250001E-1
 1.5931000E+0	 5.5299997E-1
 1.5955000E+0	 5.5339998E-1
 1.5965000E+0	 5.5350000E-1
 1.5980000E+0	 5.5390000E-1
 1.6026000E+0	 5.5449998E-1
 1.6124001E+0	 5.5580002E-1
 1.6152000E+0	 5.5629998E-1
 1.6185000E+0	 5.5699998E-1
 1.6192000E+0	 5.5720001E-1
 1.6204000E+0	 5.5729997E-1
 1.6222000E+0	 5.5739999E-1
 1.6243000E+0	 5.5790001E-1
 1.6293000E+0	 5.5870003E-1
 1.6308000E+0	 5.5890000E-1
 1.6325999E+0	 5.5900002E-1
 1.6362000E+0	 5.5980003E-1
 1.6387000E+0	 5.6019998E-1
 1.6413000E+0	 5.6050003E-1
 1.6432000E+0	 5.6070000E-1
 1.6461999E+0	 5.6129998E-1
 1.6485000E+0	 5.6160003E-1
 1.6501000E+0	 5.6190002E-1
 1.6517000E+0	 5.6199998E-1
 1.6540000E+0	 5.6250000E-1
 1.6562001E+0	 5.6279999E-1
 1.6588000E+0	 5.6320000E-1
 1.6616000E+0	 5.6330001E-1
 1.6655000E+0	 5.6419998E-1
 1.6737000E+0	 5.6540000E-1
 1.6810000E+0	 5.6639999E-1
 1.6845000E+0	 5.6690001E-1
 1.6878999E+0	 5.6760001E-1
 1.6903000E+0	 5.6800002E-1
 1.6914999E+0	 5.6819999E-1
 1.6912000E+0	 5.6819999E-1
 1.6905000E+0	 5.6819999E-1
 1.6902000E+0	 5.6809998E-1
 1.6899000E+0	 5.6809998E-1
 1.6899000E+0	 5.6809998E-1
 1.6900001E+0	 5.6809998E-1
 1.6901000E+0	 5.6809998E-1
 1.6910000E+0	 5.6819999E-1
 1.6913000E+0	 5.6819999E-1
 1.6916000E+0	 5.6830001E-1
 1.6921000E+0	 5.6830001E-1
 1.6945000E+0	 5.6860000E-1
 1.6967000E+0	 5.6870002E-1
 1.6997000E+0	 5.6940001E-1
 1.7227000E+0	 5.7260001E-1
 1.7370000E+0	 5.7450002E-1
 1.7419000E+0	 5.7520002E-1
 1.7460001E+0	 5.7620001E-1
 1.7533000E+0	 5.7720000E-1
 1.7665000E+0	 5.7889998E-1
 1.7717000E+0	 5.7950002E-1
 1.7743000E+0	 5.8029997E-1
 1.7868000E+0	 5.8200002E-1
 1.7973000E+0	 5.8340001E-1
 1.8010000E+0	 5.8380002E-1
 1.8072000E+0	 5.8469999E-1
 1.8142000E+0	 5.8600003E-1
 1.8267000E+0	 5.8749998E-1
 1.8285000E+0	 5.8800000E-1
 1.8291000E+0	 5.8819997E-1
 1.8291000E+0	 5.8819997E-1
 1.8497000E+0	 5.9050000E-1
 1.8703001E+0	 5.9149998E-1
 1.8925000E+0	 5.9689999E-1
 1.9001000E+0	 5.9799999E-1
 1.9155000E+0	 5.9979999E-1
 1.9324000E+0	 6.0049999E-1
 1.9477000E+0	 6.0430002E-1
 1.9637001E+0	 6.0640001E-1
 1.9735000E+0	 6.0769999E-1
 1.9779000E+0	 6.0799998E-1
 1.9818000E+0	 6.0890001E-1
 2.0004001E+0	 6.1119998E-1
 2.0153999E+0	 6.1299998E-1
 2.0244000E+0	 6.1379999E-1
 2.0278001E+0	 6.1489999E-1
 2.0376999E+0	 6.1610001E-1
 2.0399001E+0	 6.1640000E-1
 2.0407000E+0	 6.1659998E-1
 2.0409000E+0	 6.1669999E-1
 2.0441000E+0	 6.1699998E-1
 2.0479000E+0	 6.1739999E-1
 2.0538001E+0	 6.1780000E-1
 2.0559001E+0	 6.1849999E-1
 2.0638001E+0	 6.1949998E-1
 2.0780001E+0	 6.2110001E-1
 2.0855000E+0	 6.2180001E-1
 2.0878000E+0	 6.2260002E-1
 2.1043999E+0	 6.2459999E-1
 2.1289001E+0	 6.2720001E-1
 2.1341000E+0	 6.2800002E-1
 2.1373999E+0	 6.2879997E-1
 2.1401999E+0	 6.2910002E-1
 2.1431000E+0	 6.2940001E-1
 2.1480000E+0	 6.2970001E-1
 2.1496999E+0	 6.3029999E-1
 2.1554000E+0	 6.3090003E-1
 2.1587000E+0	 6.3129997E-1
 2.1612000E+0	 6.3150001E-1
 2.1619999E+0	 6.3180000E-1
 2.1710999E+0	 6.3290000E-1
 2.1866000E+0	 6.3450003E-1
 2.1926999E+0	 6.3510001E-1
 2.1945000E+0	 6.3569999E-1
 2.1987000E+0	 6.3620001E-1
 2.2123001E+0	 6.3770002E-1
 2.2211001E+0	 6.3840002E-1
 2.2234001E+0	 6.3919997E-1
 2.2319000E+0	 6.4020002E-1
 2.2465999E+0	 6.4179999E-1
 2.2591000E+0	 6.4279997E-1
 2.2629001E+0	 6.4389998E-1
 2.2742000E+0	 6.4520001E-1
 2.2802000E+0	 6.4579999E-1
 2.2934999E+0	 6.4670002E-1
 2.2973001E+0	 6.4789999E-1
 2.3171000E+0	 6.5009999E-1
 2.3243001E+0	 6.5090001E-1
 2.3257999E+0	 6.5109998E-1
 2.3261001E+0	 6.5130001E-1
 2.3280001E+0	 6.5149999E-1
 2.3334999E+0	 6.5200001E-1
 2.3445001E+0	 6.5240002E-1
 2.3508999E+0	 6.5410000E-1
 2.3629999E+0	 6.5539998E-1
 2.3824999E+0	 6.5740001E-1
 2.3921001E+0	 6.5820003E-1
 2.3941000E+0	 6.5899998E-1
 2.4056001E+0	 6.6020000E-1
 2.4154000E+0	 6.6119999E-1
 2.4252000E+0	 6.6200000E-1
 2.4305999E+0	 6.6270000E-1
 2.4418001E+0	 6.6420001E-1
 2.4525001E+0	 6.6530001E-1
 2.4623001E+0	 6.6600001E-1
 2.4645000E+0	 6.6680002E-1
 2.4749000E+0	 6.6790003E-1
 2.4916999E+0	 6.6960001E-1
 2.5051999E+0	 6.7060000E-1
 2.5086999E+0	 6.7159998E-1
 2.5253999E+0	 6.7339998E-1
 2.5337999E+0	 6.7420000E-1
 2.5452001E+0	 6.7490000E-1
 2.5476999E+0	 6.7580003E-1
 2.5631001E+0	 6.7739999E-1
 2.5717001E+0	 6.7830002E-1
 2.5746000E+0	 6.7850000E-1
 2.5754001E+0	 6.7869997E-1
 2.5768001E+0	 6.7890000E-1
 2.5801001E+0	 6.7919999E-1
 2.5908999E+0	 6.8000001E-1
 2.5978999E+0	 6.8070000E-1
 2.6103001E+0	 6.8239999E-1
 2.6294000E+0	 6.8419999E-1
 2.6459999E+0	 6.8540001E-1
 2.6494999E+0	 6.8650001E-1
 2.6544001E+0	 6.8699998E-1
 2.6656001E+0	 6.8809998E-1
 2.6743000E+0	 6.8870002E-1
 2.6779001E+0	 6.8919998E-1
 2.6835999E+0	 6.9000000E-1
 2.6912999E+0	 6.9069999E-1
 2.7037001E+0	 6.9160002E-1
 2.7061000E+0	 6.9230002E-1
 2.7181001E+0	 6.9349998E-1
 2.7286999E+0	 6.9450003E-1
 2.7430000E+0	 6.9559997E-1
 2.7464001E+0	 6.9620001E-1
 2.7512000E+0	 6.9679999E-1
 2.7549000E+0	 6.9720000E-1
 2.7548001E+0	 6.9730002E-1
 2.7544999E+0	 6.9730002E-1
 2.7541001E+0	 6.9720000E-1
 2.7539001E+0	 6.9720000E-1
 2.7539999E+0	 6.9720000E-1
 2.7541001E+0	 6.9720000E-1
 2.7543001E+0	 6.9730002E-1
 2.7555001E+0	 6.9730002E-1
 2.7579000E+0	 6.9749999E-1
 2.7716999E+0	 6.9760001E-1
 2.7825999E+0	 6.9989997E-1
 2.8011000E+0	 7.0169997E-1
 2.8069000E+0	 7.0220000E-1
 2.8131001E+0	 7.0249999E-1
 2.8297000E+0	 7.0459998E-1
 2.8401999E+0	 7.0560002E-1
 2.8526001E+0	 7.0649999E-1
 2.8570001E+0	 7.0709997E-1
 2.8638999E+0	 7.0800000E-1
 2.8656001E+0	 7.0819998E-1
 2.8812001E+0	 7.0910001E-1
 2.8864999E+0	 7.0990002E-1
 2.8908000E+0	 7.1060002E-1
 2.9166999E+0	 7.1289998E-1
 2.9261000E+0	 7.1370000E-1
 2.9324999E+0	 7.1410000E-1
 2.9444001E+0	 7.1569997E-1
 2.9524000E+0	 7.1649998E-1
 2.9538000E+0	 7.1660000E-1
 2.9540000E+0	 7.1670002E-1
 2.9539001E+0	 7.1670002E-1
 2.9540000E+0	 7.1670002E-1
 2.9539001E+0	 7.1670002E-1
 2.9539001E+0	 7.1670002E-1
 2.9539001E+0	 7.1670002E-1
 2.9539001E+0	 7.1670002E-1
 2.9537001E+0	 7.1670002E-1
 2.9535999E+0	 7.1670002E-1
 2.9535999E+0	 7.1670002E-1
 2.9535000E+0	 7.1670002E-1
 2.9533999E+0	 7.1670002E-1
 2.9533999E+0	 7.1670002E-1
 2.9533000E+0	 7.1670002E-1
 2.9532001E+0	 7.1670002E-1
 2.9531000E+0	 7.1670002E-1
 2.9531000E+0	 7.1670002E-1
 2.9530001E+0	 7.1670002E-1
 2.9531000E+0	 7.1670002E-1
 2.9531000E+0	 7.1670002E-1
 2.9528999E+0	 7.1670002E-1
 2.9528999E+0	 7.1670002E-1
 2.9528000E+0	 7.1670002E-1
 2.9528000E+0	 7.1670002E-1
 2.9526999E+0	 7.1670002E-1
 2.9526999E+0	 7.1670002E-1
 2.9526999E+0	 7.1670002E-1
 2.9526000E+0	 7.1670002E-1
 2.9525001E+0	 7.1670002E-1
 2.9525001E+0	 7.1670002E-1
 2.9525001E+0	 7.1660000E-1
 2.9524000E+0	 7.1660000E-1
 2.9523001E+0	 7.1660000E-1
 2.9523001E+0	 7.1660000E-1
 2.9521000E+0	 7.1660000E-1
 2.9519999E+0	 7.1660000E-1
 2.9519999E+0	 7.1660000E-1
 2.9519999E+0	 7.1660000E-1
 2.9519999E+0	 7.1660000E-1
 2.9519000E+0	 7.1660000E-1
 2.9518001E+0	 7.1660000E-1
 2.9517000E+0	 7.1660000E-1
 2.9516001E+0	 7.1660000E-1
 2.9516001E+0	 7.1660000E-1
 2.9516001E+0	 7.1660000E-1
 2.9514999E+0	 7.1660000E-1
 2.9514999E+0	 7.1660000E-1
 2.9516001E+0	 7.1660000E-1
 2.9516001E+0	 7.1660000E-1
 2.9516001E+0	 7.1660000E-1
 2.9516001E+0	 7.1660000E-1
 2.9516001E+0	 7.1660000E-1
 2.9516001E+0	 7.1660000E-1
 2.9516001E+0	 7.1660000E-1
 2.9516001E+0	 7.1660000E-1
 2.9517000E+0	 7.1660000E-1
 2.9517000E+0	 7.1660000E-1
 2.9517000E+0	 7.1660000E-1
 2.9517000E+0	 7.1660000E-1
 2.9517000E+0	 7.1660000E-1
 2.9517000E+0	 7.1660000E-1
 2.9517000E+0	 7.1660000E-1
 2.9518001E+0	 7.1660000E-1
 2.9517000E+0	 7.1660000E-1
 2.9517000E+0	 7.1660000E-1
 2.9517000E+0	 7.1660000E-1
 2.9517000E+0	 7.1660000E-1
 2.9517000E+0	 7.1660000E-1
 2.9514000E+0	 7.1660000E-1
 2.9505000E+0	 7.1649998E-1
 2.9493001E+0	 7.1640003E-1
 2.9461999E+0	 7.1630001E-1
 2.9377999E+0	 7.1619999E-1
 2.9287000E+0	 7.1509999E-1
 2.9131000E+0	 7.1420002E-1
 2.9087999E+0	 7.1390003E-1
 2.9071000E+0	 7.1390003E-1
 2.9057000E+0	 7.1370000E-1
 2.9012001E+0	 7.1340001E-1
 2.8922000E+0	 7.1289998E-1
 2.8870001E+0	 7.1280003E-1
 2.8813000E+0	 7.1210003E-1
 2.8714001E+0	 7.1149999E-1
 2.8671000E+0	 7.1120000E-1
 2.8627000E+0	 7.1109998E-1
 2.8580000E+0	 7.1050000E-1
 2.8473001E+0	 7.0990002E-1
 2.8371000E+0	 7.0929998E-1
 2.8320999E+0	 7.0910001E-1
 2.8273001E+0	 7.0850003E-1
 2.8213999E+0	 7.0810002E-1
 2.8097000E+0	 7.0740002E-1
 2.8034999E+0	 7.0730001E-1
 2.7971001E+0	 7.0639998E-1
 2.7885001E+0	 7.0590001E-1
 2.7804999E+0	 7.0539999E-1
 2.7753999E+0	 7.0529997E-1
 2.7702999E+0	 7.0459998E-1
 2.7595999E+0	 7.0389998E-1
 2.7541001E+0	 7.0349997E-1
 2.7491000E+0	 7.0340002E-1
 2.7447000E+0	 7.0279998E-1
 2.7402000E+0	 7.0249999E-1
 2.7326000E+0	 7.0200002E-1
 2.7249000E+0	 7.0190001E-1
 2.7170000E+0	 7.0080000E-1
 2.7091000E+0	 7.0029998E-1
 2.7067001E+0	 7.0010000E-1
 2.7061999E+0	 6.9999999E-1
 2.7058001E+0	 6.9999999E-1
 2.7039001E+0	 6.9980001E-1
 2.6923001E+0	 6.9910002E-1
 2.6835001E+0	 6.9900000E-1
 2.6749001E+0	 6.9779998E-1
 2.6677999E+0	 6.9720000E-1
 2.6644001E+0	 6.9700003E-1
 2.6609001E+0	 6.9700003E-1
 2.6575000E+0	 6.9650000E-1
 2.6520000E+0	 6.9610000E-1
 2.6421001E+0	 6.9550002E-1
 2.6350000E+0	 6.9529998E-1
 2.6277001E+0	 6.9430000E-1
 2.6221001E+0	 6.9389999E-1
 2.6192999E+0	 6.9370002E-1
 2.6176000E+0	 6.9360000E-1
 2.6159999E+0	 6.9340003E-1
 2.6113999E+0	 6.9309998E-1
 2.5999999E+0	 6.9230002E-1
 2.5855000E+0	 6.9209999E-1
 2.5723000E+0	 6.9010001E-1
 2.5604999E+0	 6.8919998E-1
 2.5569999E+0	 6.8900001E-1
 2.5546999E+0	 6.8889999E-1
 2.5527999E+0	 6.8860000E-1
 2.5402999E+0	 6.8760002E-1
 2.5123000E+0	 6.8580002E-1
 2.5007000E+0	 6.8529999E-1
 2.4900999E+0	 6.8370003E-1
 2.4805000E+0	 6.8290001E-1
 2.4725001E+0	 6.8239999E-1
 2.4670000E+0	 6.8220001E-1
 2.4624000E+0	 6.8150002E-1
 2.4572001E+0	 6.8110001E-1
 2.4507000E+0	 6.8059999E-1
 2.4468000E+0	 6.8049997E-1
 2.4433999E+0	 6.7989999E-1
 2.4394000E+0	 6.7960000E-1
 2.4372001E+0	 6.7949998E-1
 2.4349000E+0	 6.7940003E-1
 2.4331000E+0	 6.7909998E-1
 2.4280000E+0	 6.7869997E-1
 2.4168000E+0	 6.7790002E-1
 2.4091001E+0	 6.7769998E-1
 2.4014001E+0	 6.7650002E-1
 2.3899000E+0	 6.7559999E-1
 2.3815999E+0	 6.7500001E-1
 2.3748000E+0	 6.7479998E-1
 2.3689001E+0	 6.7379999E-1
 2.3559999E+0	 6.7280000E-1
 2.3464999E+0	 6.7199999E-1
 2.3410001E+0	 6.7180002E-1
 2.3362000E+0	 6.7100000E-1
 2.3262999E+0	 6.7019999E-1
 2.3203001E+0	 6.6979998E-1
 2.3189001E+0	 6.6960001E-1
 2.3178999E+0	 6.6949999E-1
 2.3176000E+0	 6.6939998E-1
 2.3155000E+0	 6.6930002E-1
 2.3125999E+0	 6.6920000E-1
 2.3101001E+0	 6.6880000E-1
 2.2939999E+0	 6.6740000E-1
 2.2688000E+0	 6.6549999E-1
 2.2625999E+0	 6.6509998E-1
 2.2579999E+0	 6.6420001E-1
 2.2530999E+0	 6.6390002E-1
 2.2451000E+0	 6.6329998E-1
 2.2386000E+0	 6.6310000E-1
 2.2323999E+0	 6.6200000E-1
 2.2263000E+0	 6.6149998E-1
 2.2225001E+0	 6.6109997E-1
 2.2153001E+0	 6.6109997E-1
 2.2089000E+0	 6.5990001E-1
 2.1933999E+0	 6.5850002E-1
 2.1898999E+0	 6.5820003E-1
 2.1860001E+0	 6.5810001E-1
 2.1824999E+0	 6.5750003E-1
 2.1794000E+0	 6.5719998E-1
 2.1744001E+0	 6.5679997E-1
 2.1654000E+0	 6.5670002E-1
 2.1573000E+0	 6.5520000E-1
 2.1396000E+0	 6.5359998E-1
 2.1336999E+0	 6.5310001E-1
 2.1291001E+0	 6.5289998E-1
 2.1252000E+0	 6.5219998E-1
 2.1189001E+0	 6.5160000E-1
 2.1015000E+0	 6.5020001E-1
 2.0990000E+0	 6.4980000E-1
 2.0978000E+0	 6.4960003E-1
 2.0952001E+0	 6.4929998E-1
 2.0901000E+0	 6.4889997E-1
 2.0725999E+0	 6.4880002E-1
 2.0650001E+0	 6.4649999E-1
 2.0541000E+0	 6.4539999E-1
 2.0459001E+0	 6.4469999E-1
 2.0420001E+0	 6.4450002E-1
 2.0387001E+0	 6.4389998E-1
 2.0311999E+0	 6.4319998E-1
 2.0223000E+0	 6.4240003E-1
 2.0139000E+0	 6.4219999E-1
 2.0064001E+0	 6.4069998E-1
 2.0025001E+0	 6.4029998E-1
 1.9940000E+0	 6.3959998E-1
 1.9923000E+0	 6.3940001E-1
 1.9913000E+0	 6.3919997E-1
 1.9899000E+0	 6.3910002E-1
 1.9877000E+0	 6.3889998E-1
 1.9865000E+0	 6.3880002E-1
 1.9855000E+0	 6.3859999E-1
 1.9818000E+0	 6.3819999E-1
 1.9776000E+0	 6.3789999E-1
 1.9760000E+0	 6.3779998E-1
 1.9748000E+0	 6.3749999E-1
 1.9677000E+0	 6.3679999E-1
 1.9506000E+0	 6.3540000E-1
 1.9457000E+0	 6.3489997E-1
 1.9421000E+0	 6.3419998E-1
 1.9328001E+0	 6.3330001E-1
 1.9296000E+0	 6.3300002E-1
 1.9292001E+0	 6.3290000E-1
 1.9290000E+0	 6.3279998E-1
 1.9279000E+0	 6.3270003E-1
 1.9220999E+0	 6.3220000E-1
 1.9123000E+0	 6.3200003E-1
 1.9058000E+0	 6.3050002E-1
 1.8816000E+0	 6.2800002E-1
 1.8813000E+0	 6.2790000E-1
 1.8813000E+0	 6.2790000E-1
 1.8613000E+0	 6.2580001E-1
 1.8489000E+0	 6.2459999E-1
 1.8415000E+0	 6.2430000E-1
 1.8346000E+0	 6.2290001E-1
 1.8299000E+0	 6.2239999E-1
 1.8238000E+0	 6.2180001E-1
 1.8190000E+0	 6.2169999E-1
 1.8169000E+0	 6.2099999E-1
 1.8127000E+0	 6.2050003E-1
 1.8006999E+0	 6.1930001E-1
 1.7894000E+0	 6.1900002E-1
 1.7814000E+0	 6.1710000E-1
 1.7762001E+0	 6.1650002E-1
 1.7723000E+0	 6.1610001E-1
 1.7673000E+0	 6.1589998E-1
 1.7612000E+0	 6.1510003E-1
 1.7553000E+0	 6.1420000E-1
 1.7494000E+0	 6.1350000E-1
 1.7465000E+0	 6.1339998E-1
 1.7424001E+0	 6.1290002E-1
 1.7364000E+0	 6.1199999E-1
 1.7299000E+0	 6.1140001E-1
 1.7276000E+0	 6.1119998E-1
 1.7263000E+0	 6.1080003E-1
 1.7194000E+0	 6.1009997E-1
 1.7147000E+0	 6.0960001E-1
 1.7115999E+0	 6.0939997E-1
 1.7072999E+0	 6.0890001E-1
 1.7020000E+0	 6.0799998E-1
 1.6942000E+0	 6.0720003E-1
 1.6844000E+0	 6.0680002E-1
 1.6799001E+0	 6.0560000E-1
 1.6686000E+0	 6.0420001E-1
 1.6643000E+0	 6.0369998E-1
 1.6594000E+0	 6.0339999E-1
 1.6568000E+0	 6.0280001E-1
 1.6550000E+0	 6.0250002E-1
 1.6538000E+0	 6.0240000E-1
 1.6528000E+0	 6.0229999E-1
 1.6521000E+0	 6.0219997E-1
 1.6504000E+0	 6.0200000E-1
 1.6439000E+0	 6.0130000E-1
 1.6353000E+0	 6.0089999E-1
 1.6296999E+0	 5.9969997E-1
 1.6193000E+0	 5.9829998E-1
 1.6079000E+0	 5.9700000E-1
 1.6008000E+0	 5.9649998E-1
 1.5956000E+0	 5.9560001E-1
 1.5877000E+0	 5.9439999E-1
 1.5698000E+0	 5.9240001E-1
 1.5634000E+0	 5.9179997E-1
 1.5597000E+0	 5.9100002E-1
 1.5539000E+0	 5.9020001E-1
 1.5410000E+0	 5.8870000E-1
 1.5328000E+0	 5.8810002E-1
 1.5268000E+0	 5.8700001E-1
 1.5168000E+0	 5.8550000E-1
 1.5039999E+0	 5.8399999E-1
 1.4974000E+0	 5.8350003E-1
 1.4938999E+0	 5.8260000E-1
 1.4897000E+0	 5.8200002E-1
 1.4822000E+0	 5.8109999E-1
 1.4704000E+0	 5.8039999E-1
 1.4658000E+0	 5.7900000E-1
 1.4615999E+0	 5.7830000E-1
 1.4577000E+0	 5.7779998E-1
 1.4536000E+0	 5.7760000E-1
 1.4492000E+0	 5.7700002E-1
 1.4389000E+0	 5.7539999E-1
 1.4243000E+0	 5.7349998E-1
 1.4155000E+0	 5.7290000E-1
 1.4105999E+0	 5.7160002E-1
 1.4029000E+0	 5.7050002E-1
 1.3916000E+0	 5.6900001E-1
 1.3856000E+0	 5.6849998E-1
 1.3818001E+0	 5.6770003E-1
 1.3747000E+0	 5.6660002E-1
 1.3673000E+0	 5.6559998E-1
 1.3638000E+0	 5.6529999E-1
 1.3611000E+0	 5.6480002E-1
 1.3562000E+0	 5.6400001E-1
 1.3529000E+0	 5.6349999E-1
 1.3476000E+0	 5.6320000E-1
 1.3437001E+0	 5.6230003E-1
 1.3397000E+0	 5.6160003E-1
 1.3325000E+0	 5.6070000E-1
 1.3182000E+0	 5.5980003E-1
 1.3103000E+0	 5.5750000E-1
 1.3085999E+0	 5.5710000E-1
 1.3067000E+0	 5.5690002E-1
 1.3052000E+0	 5.5680001E-1
 1.3042001E+0	 5.5659997E-1
 1.3028001E+0	 5.5629998E-1
 1.3017000E+0	 5.5610001E-1
 1.3005000E+0	 5.5599999E-1
 1.2990000E+0	 5.5589998E-1
 1.2948000E+0	 5.5519998E-1
 1.2810000E+0	 5.5330002E-1
 1.2776000E+0	 5.5290002E-1
 1.2749000E+0	 5.5239999E-1
 1.2708000E+0	 5.5159998E-1
 1.2689000E+0	 5.5140001E-1
 1.2660000E+0	 5.5110002E-1
 1.2632999E+0	 5.5070001E-1
 1.2593000E+0	 5.4990000E-1
 1.2536000E+0	 5.4909998E-1
 1.2493000E+0	 5.4879999E-1
 1.2464000E+0	 5.4809999E-1
 1.2437000E+0	 5.4759997E-1
 1.2404000E+0	 5.4710001E-1
 1.2387000E+0	 5.4689997E-1
 1.2377000E+0	 5.4670000E-1
 1.2365000E+0	 5.4650003E-1
 1.2307000E+0	 5.4570001E-1
 1.2153000E+0	 5.4430002E-1
 1.2053000E+0	 5.4200000E-1
 1.2010000E+0	 5.4110003E-1
 1.1993999E+0	 5.4079998E-1
 1.1984000E+0	 5.4070002E-1
 1.1971999E+0	 5.4049999E-1
 1.1950999E+0	 5.4009998E-1
 1.1945000E+0	 5.4000002E-1
 1.1935000E+0	 5.3990000E-1
 1.1928000E+0	 5.3979999E-1
 1.1917000E+0	 5.3960001E-1
 1.1898000E+0	 5.3930002E-1
 1.1853000E+0	 5.3899997E-1
 1.1806999E+0	 5.3829998E-1
 1.1733000E+0	 5.3680003E-1
 1.1671000E+0	 5.3579998E-1
 1.1619999E+0	 5.3520000E-1
 1.1595000E+0	 5.3460002E-1
 1.1584001E+0	 5.3430003E-1
 1.1576000E+0	 5.3420001E-1
 1.1569999E+0	 5.3410000E-1
 1.1566000E+0	 5.3399998E-1
 1.1562999E+0	 5.3399998E-1
 1.1554000E+0	 5.3380001E-1
 1.1546000E+0	 5.3380001E-1
 1.1532000E+0	 5.3359997E-1
 1.1514000E+0	 5.3320003E-1
 1.1445000E+0	 5.3219998E-1
 1.1346000E+0	 5.3119999E-1
 1.1279000E+0	 5.2969998E-1
 1.1245000E+0	 5.2890003E-1
 1.1215000E+0	 5.2840000E-1
 1.1187000E+0	 5.2819997E-1
 1.1167001E+0	 5.2770001E-1
 1.1149000E+0	 5.2730000E-1
 1.1111000E+0	 5.2670002E-1
 1.1097000E+0	 5.2649999E-1
 1.1089000E+0	 5.2630001E-1
 1.1080000E+0	 5.2609998E-1
 1.1059999E+0	 5.2579999E-1
 1.1037000E+0	 5.2560002E-1
 1.1023000E+0	 5.2530003E-1
 1.1016001E+0	 5.2509999E-1
 1.0969000E+0	 5.2440000E-1
 1.0918000E+0	 5.2389997E-1
 1.0845000E+0	 5.2310002E-1
 1.0717000E+0	 5.2020001E-1
 1.0682000E+0	 5.1950002E-1
 1.0671999E+0	 5.1929998E-1
 1.0677000E+0	 5.1920003E-1
 1.0693001E+0	 5.1940000E-1
 1.0693001E+0	 5.1940000E-1
 1.0697000E+0	 5.1940000E-1
 1.0642000E+0	 5.1950002E-1
 1.0558000E+0	 5.1749998E-1
 1.0156000E+0	 5.1109999E-1
 1.0034000E+0	 5.0910002E-1
 9.9510002E-1	 5.0739998E-1
 9.9129999E-1	 5.0610000E-1
 9.8070002E-1	 5.0430000E-1
 9.7369999E-1	 5.0340003E-1
 9.6820003E-1	 5.0230002E-1
 9.6350002E-1	 5.0110000E-1
 9.5289999E-1	 4.9930000E-1
 9.4900000E-1	 4.9860001E-1
 9.4550002E-1	 4.9800000E-1
 9.4099998E-1	 4.9689999E-1
 9.2970002E-1	 4.9500000E-1
 9.1880000E-1	 4.9370000E-1
 9.0910000E-1	 4.9200001E-1
 8.9420003E-1	 4.8809999E-1
 8.7840003E-1	 4.8519999E-1
 8.7129998E-1	 4.8400000E-1
 8.6619997E-1	 4.8289999E-1
 8.6229998E-1	 4.8170000E-1
 8.5329998E-1	 4.8010001E-1
 8.4460002E-1	 4.7889999E-1
 8.3950001E-1	 4.7729999E-1
 8.2920003E-1	 4.7499999E-1
 8.2550001E-1	 4.7430000E-1
 8.2209998E-1	 4.7380000E-1
 8.1989998E-1	 4.7310001E-1
 8.1349999E-1	 4.7180000E-1
 8.0830002E-1	 4.7070000E-1
 8.0519998E-1	 4.7020000E-1
 8.0180001E-1	 4.6970001E-1
 7.9780000E-1	 4.6849999E-1
 7.8860003E-1	 4.6669999E-1
 7.8020000E-1	 4.6540001E-1
 7.7399999E-1	 4.6370000E-1
 7.5389999E-1	 4.5930001E-1
 7.4119997E-1	 4.5649999E-1
 7.3490000E-1	 4.5539999E-1
 7.3189998E-1	 4.5420000E-1
 7.2829998E-1	 4.5330000E-1
 7.2460002E-1	 4.5249999E-1
 7.2229999E-1	 4.5210001E-1
 7.2109997E-1	 4.5170000E-1
 7.1899998E-1	 4.5120001E-1
 7.1749997E-1	 4.5080000E-1
 7.1350002E-1	 4.5030001E-1
 7.1030003E-1	 4.4940001E-1
 7.0289999E-1	 4.4760001E-1
 6.9559997E-1	 4.4600001E-1
 6.8919998E-1	 4.4499999E-1
 6.8510002E-1	 4.4360000E-1
 6.7629999E-1	 4.4139999E-1
 6.6930002E-1	 4.3979999E-1
 6.6159999E-1	 4.3849999E-1
 6.5679997E-1	 4.3689999E-1
 6.5109998E-1	 4.3540001E-1
 6.4490002E-1	 4.3390000E-1
 6.4109999E-1	 4.3320000E-1
 6.3870001E-1	 4.3239999E-1
 6.3429999E-1	 4.3120000E-1
 6.2840003E-1	 4.2980000E-1
 6.2260002E-1	 4.2890000E-1
 6.1909997E-1	 4.2750001E-1
 6.1440003E-1	 4.2620000E-1
 6.1170000E-1	 4.2550001E-1
 6.0939997E-1	 4.2490000E-1
 6.0810000E-1	 4.2469999E-1
 6.0619998E-1	 4.2410001E-1
 6.0360003E-1	 4.2350000E-1
 6.0149997E-1	 4.2309999E-1
 6.0049999E-1	 4.2260000E-1
 5.9960002E-1	 4.2230001E-1
 5.9780002E-1	 4.2190000E-1
 5.9280002E-1	 4.2109999E-1
 5.8740002E-1	 4.1990000E-1
 5.7429999E-1	 4.1610000E-1
 5.6889999E-1	 4.1460001E-1
 5.6590003E-1	 4.1389999E-1
 5.6389999E-1	 4.1319999E-1
 5.6150001E-1	 4.1240001E-1
 5.5980003E-1	 4.1200000E-1
 5.5860001E-1	 4.1170001E-1
 5.5739999E-1	 4.1139999E-1
 5.5449998E-1	 4.1049999E-1
 5.4659998E-1	 4.0869999E-1
 5.4339999E-1	 4.0770000E-1
 5.4140002E-1	 4.0720001E-1
 5.3890002E-1	 4.0630001E-1
 5.3490001E-1	 4.0529999E-1
 5.3119999E-1	 4.0450001E-1
 5.2730000E-1	 4.0369999E-1
 5.1730001E-1	 4.0050000E-1
 5.1099998E-1	 3.9870000E-1
 5.0849998E-1	 3.9789999E-1
 5.0669998E-1	 3.9739999E-1
 5.0410002E-1	 3.9649999E-1
 5.0129998E-1	 3.9570001E-1
 4.9720001E-1	 3.9500001E-1
 4.9439999E-1	 3.9390001E-1
 4.9120000E-1	 3.9280000E-1
 4.8890001E-1	 3.9210001E-1
 4.8600000E-1	 3.9150000E-1
 4.8310000E-1	 3.9070001E-1
 4.7620001E-1	 3.8850001E-1
 4.6599999E-1	 3.8580000E-1
 4.5820001E-1	 3.8370001E-1
 4.5310000E-1	 3.8190001E-1
 4.4769999E-1	 3.7990001E-1
 4.4630000E-1	 3.7920001E-1
 4.4600001E-1	 3.7900001E-1
 4.4610000E-1	 3.7900001E-1
 4.4670001E-1	 3.7900001E-1
 4.4679999E-1	 3.7900001E-1
 4.4569999E-1	 3.7889999E-1
 4.4499999E-1	 3.7880000E-1
 4.4389999E-1	 3.7840000E-1
 4.3470001E-1	 3.7610000E-1
 4.2879999E-1	 3.7439999E-1
 4.2550001E-1	 3.7290001E-1
 4.2449999E-1	 3.7230000E-1
 4.2429999E-1	 3.7220001E-1
 4.2399999E-1	 3.7210000E-1
 4.2350000E-1	 3.7200001E-1
 4.2250001E-1	 3.7169999E-1
 4.2199999E-1	 3.7149999E-1
 4.2160001E-1	 3.7140000E-1
 4.2109999E-1	 3.7130001E-1
 4.2039999E-1	 3.7099999E-1
 4.1769999E-1	 3.7029999E-1
 4.1229999E-1	 3.6919999E-1
 4.0630001E-1	 3.6750001E-1
 3.9660001E-1	 3.6370000E-1
 3.8929999E-1	 3.6140001E-1
 3.8580000E-1	 3.6010000E-1
 3.8350001E-1	 3.5910001E-1
 3.8180000E-1	 3.5839999E-1
 3.8000000E-1	 3.5780001E-1
 3.7810001E-1	 3.5710001E-1
 3.7639999E-1	 3.5670000E-1
 3.7430000E-1	 3.5589999E-1
 3.6289999E-1	 3.5249999E-1
 3.5089999E-1	 3.4830001E-1
 3.4250000E-1	 3.4570000E-1
 3.3450001E-1	 3.4189999E-1
 3.2810000E-1	 3.3980000E-1
 3.1979999E-1	 3.3669999E-1
 3.1299999E-1	 3.3460000E-1
 3.0829999E-1	 3.3219999E-1
 3.0270001E-1	 3.3010000E-1
 2.9899999E-1	 3.2890001E-1
 2.9679999E-1	 3.2769999E-1
 2.9539999E-1	 3.2699999E-1
 2.9429999E-1	 3.2650000E-1
 2.9300001E-1	 3.2609999E-1
 2.9120001E-1	 3.2570001E-1
 2.8780001E-1	 3.2400000E-1
 2.8520000E-1	 3.2310000E-1
 2.8369999E-1	 3.2249999E-1
 2.8230000E-1	 3.2200000E-1
 2.8060001E-1	 3.2110000E-1
 2.7959999E-1	 3.2069999E-1
 2.7640000E-1	 3.1959999E-1
 2.7180001E-1	 3.1869999E-1
 2.5828001E-1	 3.1450000E-1
 2.5525999E-1	 3.1099999E-1
 2.5119001E-1	 3.0919999E-1
 2.4393000E-1	 3.0779999E-1
 2.3193000E-1	 3.0109999E-1
 2.2002000E-1	 2.9629999E-1
 2.1472000E-1	 2.9330000E-1
 2.1176000E-1	 2.9200000E-1
 2.0933001E-1	 2.9049999E-1
 2.0525999E-1	 2.8889999E-1
 1.9866000E-1	 2.8600001E-1
 1.9159999E-1	 2.8360000E-1
 1.8232000E-1	 2.7800000E-1
 1.7566000E-1	 2.7489999E-1
 1.6963001E-1	 2.7180001E-1
 1.6393000E-1	 2.6699001E-1
 1.5401000E-1	 2.6471001E-1
 1.5136001E-1	 2.6245001E-1
 1.4642000E-1	 2.6001000E-1
 1.4067000E-1	 2.5781000E-1
 1.3443001E-1	 2.5321999E-1
 1.2897000E-1	 2.5046000E-1
 1.2553000E-1	 2.4815001E-1
 1.2238000E-1	 2.4686000E-1
 1.1899000E-1	 2.4425000E-1
 1.1080000E-1	 2.4022000E-1
 1.0505000E-1	 2.3645000E-1
 1.0047000E-1	 2.3406000E-1
 9.6110001E-2	 2.3063000E-1
 9.2739999E-2	 2.2869000E-1
 9.0329997E-2	 2.2693001E-1
 8.8289998E-2	 2.2586000E-1
 8.6259998E-2	 2.2415000E-1
 8.3590001E-2	 2.2269000E-1
 7.9889998E-2	 2.2045000E-1
 7.4330002E-2	 2.1840000E-1
 6.9619998E-2	 2.1368000E-1
 6.5420002E-2	 2.1099000E-1
 6.2930003E-2	 2.0895000E-1
 6.0989998E-2	 2.0790000E-1
 5.9250001E-2	 2.0624000E-1
 5.6129999E-2	 2.0446000E-1
 5.3330000E-2	 2.0242000E-1
 5.0639998E-2	 2.0097999E-1
 4.8220001E-2	 1.9869000E-1
 4.2240001E-2	 1.9531000E-1
 3.7919998E-2	 1.9185001E-1
 3.4660000E-2	 1.8966000E-1
 3.1970002E-2	 1.8715000E-1
 2.9330000E-2	 1.8540999E-1
 2.6740000E-2	 1.8344000E-1
 2.4569999E-2	 1.8212999E-1
 2.2500001E-2	 1.8012001E-1
 2.0269999E-2	 1.7863999E-1
 1.8060001E-2	 1.7696001E-1
 1.5900001E-2	 1.7564000E-1
 1.3730000E-2	 1.7359000E-1
 1.0930000E-2	 1.7172000E-1
 7.7700000E-3	 1.6941001E-1
 5.0499998E-3	 1.6773000E-1
 2.5200001E-3	 1.6517000E-1
 1.3700000E-3	 1.6412000E-1
 8.2000002E-4	 1.6339999E-1
 5.6999997E-4	 1.6314000E-1
 4.2000000E-4	 1.6293000E-1
 3.4999999E-4	 1.6280000E-1
 3.1000000E-4	 1.6271000E-1
 2.6999999E-4	 1.6266000E-1
 2.3999999E-4	 1.6259000E-1
 2.3999999E-4	 1.6256000E-1
 2.1000000E-4	 1.6252001E-1
 2.2000000E-4	 1.6250999E-1
 2.3000001E-4	 1.6248000E-1
 2.2000000E-4	 1.6246000E-1
 2.2000000E-4	 1.6244000E-1
 2.2000000E-4	 1.6243000E-1
 2.2000000E-4	 1.6241001E-1
 2.2000000E-4	 1.6240001E-1
 2.2000000E-4	 1.6238999E-1
 1.9999999E-4	 1.6237999E-1
 1.9000001E-4	 1.6237000E-1
 2.2000000E-4	 1.6236000E-1
 2.3000001E-4	 1.6235000E-1
 2.3000001E-4	 1.6235000E-1
 2.3000001E-4	 1.6234000E-1
 2.2000000E-4	 1.6234000E-1
 2.6000000E-4	 1.6233000E-1
 2.2000000E-4	 1.6232000E-1
 1.9999999E-4	 1.6232000E-1
 2.1000000E-4	 1.6231000E-1
 2.2000000E-4	 1.6231000E-1
 2.1000000E-4	 1.6230001E-1
 2.2000000E-4	 1.6230001E-1
 2.1000000E-4	 1.6229001E-1
 -7.9999998E-5	 1.6224000E-1
 -1.4000000E-4	 1.6220000E-1
 -1.4000000E-4	 1.6216999E-1
 -1.5000001E-4	 1.6215000E-1
 -1.3000000E-4	 1.6213000E-1
 -1.4000000E-4	 1.6212000E-1
 -1.7000000E-4	 1.6210000E-1
 -1.6000000E-4	 1.6209000E-1
 -1.8000000E-4	 1.6208000E-1
 -1.4000000E-4	 1.6207001E-1
 -1.7000000E-4	 1.6207001E-1
 -1.8000000E-4	 1.6204999E-1
 -1.7000000E-4	 1.6204999E-1
 0.0000000E+0	 1.6207001E-1
 0.0000000E+0	 1.6205999E-1
 0.0000000E+0	 1.6204999E-1
 1.4000000E-4	 1.6208000E-1
 1.8000000E-4	 1.6208000E-1
 1.7000000E-4	 1.6207001E-1
 1.6000000E-4	 1.6207001E-1
 1.6000000E-4	 1.6207001E-1
 1.5000001E-4	 1.6207001E-1
 1.6000000E-4	 1.6207001E-1
 1.4000000E-4	 1.6205999E-1
 1.5000001E-4	 1.6207001E-1
 1.5000001E-4	 1.6205999E-1
 1.6000000E-4	 1.6205999E-1
 -2.1000000E-4	 1.6200000E-1
 -2.6000000E-4	 1.6199000E-1
 -2.6000000E-4	 1.6198000E-1
 -2.3999999E-4	 1.6196001E-1
 -2.3999999E-4	 1.6196001E-1
 -2.3000001E-4	 1.6196001E-1
 -2.3999999E-4	 1.6193999E-1
 -2.5000001E-4	 1.6195001E-1
 -2.5000001E-4	 1.6192999E-1
 -2.3999999E-4	 1.6192999E-1
 -2.3000001E-4	 1.6193999E-1
 -2.3000001E-4	 1.6192999E-1
 -2.3999999E-4	 1.6192999E-1
 -2.3999999E-4	 1.6192999E-1
 -2.6000000E-4	 1.6192000E-1
 -2.5000001E-4	 1.6191000E-1
 -2.3999999E-4	 1.6191000E-1
 -2.6000000E-4	 1.6190000E-1
 -2.6999999E-4	 1.6190000E-1
 -2.3999999E-4	 1.6190000E-1
 -2.1000000E-4	 1.6188000E-1
 -2.3999999E-4	 1.6188000E-1
 -2.3999999E-4	 1.6188000E-1
 -2.6000000E-4	 1.6188000E-1
 -2.6000000E-4	 1.6188000E-1
 -2.5000001E-4	 1.6187000E-1
 -2.5000001E-4	 1.6187000E-1
 -2.3000001E-4	 1.6187000E-1
 -2.3999999E-4	 1.6187000E-1
 -2.3999999E-4	 1.6186000E-1
 -2.3000001E-4	 1.6187000E-1
 -2.3000001E-4	 1.6186000E-1
 -2.2000000E-4	 1.6186000E-1
 -1.9000001E-4	 1.6186000E-1
 -2.3999999E-4	 1.6185001E-1
 -2.5000001E-4	 1.6184001E-1
 -2.3000001E-4	 1.6185001E-1
 -2.3999999E-4	 1.6184001E-1
 -2.2000000E-4	 1.6185001E-1
 -2.2000000E-4	 1.6184001E-1
 -2.5000001E-4	 1.6184001E-1
 -2.6000000E-4	 1.6182999E-1
 -2.3999999E-4	 1.6182999E-1
 -2.3000001E-4	 1.6182999E-1
 -2.2000000E-4	 1.6184001E-1
 -2.3000001E-4	 1.6182999E-1
 -2.2000000E-4	 1.6182999E-1
 -2.3000001E-4	 1.6181999E-1
 -2.5000001E-4	 1.6181999E-1
 -2.3000001E-4	 1.6181999E-1
 -2.5000001E-4	 1.6181999E-1
 -1.2500000E-3	 1.6181000E-1
 -8.5500004E-3	 1.5746000E-1
 -1.1680000E-2	 1.5439001E-1
 -1.2450000E-2	 1.5293001E-1
 -1.2470000E-2	 1.5276000E-1
 -1.1290000E-2	 1.5288000E-1
 -1.2860000E-2	 1.5261000E-1
 -1.6750000E-2	 1.5194000E-1
 -2.1790000E-2	 1.4681999E-1
 -4.1680001E-2	 1.3390000E-1
 -5.2320000E-2	 1.2361000E-1
 -5.9519999E-2	 1.1791000E-1
 -6.3940004E-2	 1.1286000E-1
 -6.9789998E-2	 1.0836000E-1
 -7.3220000E-2	 1.0498000E-1
 -7.7249996E-2	 1.0266000E-1
 -8.1990004E-2	 9.8090000E-2
 -1.0038000E-1	 8.5780002E-2
 -1.1383000E-1	 7.3789999E-2
 -1.2400000E-1	 6.5980002E-2
 -1.3293999E-1	 5.6770001E-2
 -1.3750000E-1	 5.2049998E-2
 -1.3975000E-1	 4.9690001E-2
 -1.4684001E-1	 4.7150001E-2
 -1.5737000E-1	 3.7090000E-2
 -1.8029000E-1	 1.3097000E-2
 -1.9893000E-1	 4.1919998E-3
 -2.0829000E-1	 -2.8140000E-3
 -2.1478000E-1	 -1.0203000E-2
 -2.2889000E-1	 -2.0237001E-2
 -2.3923001E-1	 -2.8927000E-2
 -2.5095999E-1	 -4.3240000E-2
 -2.7107000E-1	 -5.0659999E-2
 -2.7875999E-1	 -5.9090000E-2
 -2.9210001E-1	 -6.8319999E-2
 -3.0989999E-1	 -7.6360002E-2
 -3.1900001E-1	 -8.7600000E-2
 -3.2530001E-1	 -9.4829999E-2
 -3.3700001E-1	 -1.0262000E-1
 -3.5049999E-1	 -1.1014000E-1
 -3.6449999E-1	 -1.2262000E-1
 -3.8069999E-1	 -1.3349000E-1
 -3.8980001E-1	 -1.4088000E-1
 -3.9649999E-1	 -1.4528000E-1
 -4.0189999E-1	 -1.4991000E-1
 -4.0770000E-1	 -1.5384001E-1
 -4.1170001E-1	 -1.5673000E-1
 -4.1540000E-1	 -1.5869001E-1
 -4.1859999E-1	 -1.6153000E-1
 -4.2760000E-1	 -1.6651000E-1
 -4.3720001E-1	 -1.7239000E-1
 -4.4620001E-1	 -1.7708001E-1
 -4.5370001E-1	 -1.8325000E-1
 -4.6669999E-1	 -1.9089000E-1
 -4.7850001E-1	 -1.9783001E-1
 -4.8580000E-1	 -2.0254999E-1
 -4.9000001E-1	 -2.0600000E-1
 -4.9430001E-1	 -2.0856000E-1
 -4.9810001E-1	 -2.1081001E-1
 -5.0410002E-1	 -2.1281999E-1
 -5.1050001E-1	 -2.1759000E-1
 -5.2420002E-1	 -2.2483000E-1
 -5.3350002E-1	 -2.3029999E-1
 -5.4180002E-1	 -2.3415001E-1
 -5.4949999E-1	 -2.3948000E-1
 -5.5739999E-1	 -2.4377000E-1
 -5.6199998E-1	 -2.4656001E-1
 -5.6449997E-1	 -2.4807000E-1
 -5.6590003E-1	 -2.4923000E-1
 -5.6699997E-1	 -2.4991000E-1
 -5.6770003E-1	 -2.5038001E-1
 -5.6849998E-1	 -2.5068000E-1
 -5.6910002E-1	 -2.5110999E-1
 -5.7169998E-1	 -2.5222000E-1
 -5.7660002E-1	 -2.5432000E-1
 -5.8130002E-1	 -2.5619999E-1
 -5.8550000E-1	 -2.5905001E-1
 -5.9429997E-1	 -2.6311001E-1
 -6.0280001E-1	 -2.6721999E-1
 -6.0869998E-1	 -2.6998001E-1
 -6.1549997E-1	 -2.7289000E-1
 -6.1780000E-1	 -2.7533999E-1
 -6.2330002E-1	 -2.7770001E-1
 -6.2620002E-1	 -2.7937999E-1
 -6.2750000E-1	 -2.8038001E-1
 -6.2790000E-1	 -2.8082001E-1
 -6.2779999E-1	 -2.8095999E-1
 -6.2620002E-1	 -2.8093001E-1
 -6.2610000E-1	 -2.8075001E-1
 -6.2620002E-1	 -2.8084001E-1
 -6.2730002E-1	 -2.8099000E-1
 -6.2809998E-1	 -2.8106999E-1
 -6.2870002E-1	 -2.8125000E-1
 -6.3300002E-1	 -2.8286001E-1
 -6.3400000E-1	 -2.8358999E-1
 -6.3429999E-1	 -2.8389001E-1
 -6.5960002E-1	 -2.9271001E-1
 -6.7600000E-1	 -3.0024001E-1
 -6.8620002E-1	 -3.0950001E-1
 -6.9580001E-1	 -3.1130001E-1
 -7.0190001E-1	 -3.1389999E-1
 -7.0649999E-1	 -3.1580001E-1
 -7.0920002E-1	 -3.1740001E-1
 -7.1569997E-1	 -3.2010001E-1
 -7.2030002E-1	 -3.2200000E-1
 -7.2430003E-1	 -3.2339999E-1
 -7.2770000E-1	 -3.2510000E-1
 -7.3329997E-1	 -3.2740000E-1
 -7.3760003E-1	 -3.2929999E-1
 -7.4140000E-1	 -3.3050001E-1
 -7.4400002E-1	 -3.3210000E-1
 -7.4629998E-1	 -3.3309999E-1
 -7.4860001E-1	 -3.3390000E-1
 -7.5300002E-1	 -3.3500001E-1
 -7.5690001E-1	 -3.3700001E-1
 -7.6349998E-1	 -3.3960000E-1
 -7.6730001E-1	 -3.4119999E-1
 -7.6800001E-1	 -3.4180000E-1
 -7.6810002E-1	 -3.4200001E-1
 -7.6789999E-1	 -3.4209999E-1
 -7.6789999E-1	 -3.4209999E-1
 -7.6889998E-1	 -3.4220001E-1
 -7.6950002E-1	 -3.4240001E-1
 -7.7050000E-1	 -3.4279999E-1
 -7.7520001E-1	 -3.4410000E-1
 -7.7890003E-1	 -3.4540001E-1
 -7.8500003E-1	 -3.4670001E-1
 -7.9049999E-1	 -3.4990001E-1
 -7.9740000E-1	 -3.5249999E-1
 -8.0479997E-1	 -3.5460001E-1
 -8.1080002E-1	 -3.5720000E-1
 -8.2279998E-1	 -3.6170000E-1
 -8.3050001E-1	 -3.6440000E-1
 -8.3440000E-1	 -3.6590001E-1
 -8.3899999E-1	 -3.6710000E-1
 -8.4230000E-1	 -3.6899999E-1
 -8.4729999E-1	 -3.7059999E-1
 -8.4850001E-1	 -3.7140000E-1
 -8.4810001E-1	 -3.7169999E-1
 -8.4750003E-1	 -3.7160000E-1
 -8.4899998E-1	 -3.7180001E-1
 -8.5210001E-1	 -3.7230000E-1
 -8.5930002E-1	 -3.7320000E-1
 -8.6710000E-1	 -3.7729999E-1
 -8.8959998E-1	 -3.8360000E-1
 -8.9969999E-1	 -3.8740000E-1
 -9.0710002E-1	 -3.9019999E-1
 -9.0990001E-1	 -3.9179999E-1
 -9.1520000E-1	 -3.9330000E-1
 -9.1670001E-1	 -3.9410001E-1
 -9.1780001E-1	 -3.9449999E-1
 -9.2040002E-1	 -3.9530000E-1
 -9.3370003E-1	 -3.9860001E-1
 -9.3809998E-1	 -4.0040001E-1
 -9.4050002E-1	 -4.0140000E-1
 -9.4110000E-1	 -4.0189999E-1
 -9.4209999E-1	 -4.0220001E-1
 -9.4309998E-1	 -4.0250000E-1
 -9.4929999E-1	 -4.0340000E-1
 -9.5599997E-1	 -4.0599999E-1
 -9.6929997E-1	 -4.1000000E-1
 -9.7340000E-1	 -4.1119999E-1
 -9.7740000E-1	 -4.1209999E-1
 -9.8030001E-1	 -4.1360000E-1
 -9.9839997E-1	 -4.1800001E-1
 -1.0067000E+0	 -4.2050001E-1
 -1.0142000E+0	 -4.2219999E-1
 -1.0164000E+0	 -4.2399999E-1
 -1.0197001E+0	 -4.2500001E-1
 -1.0239000E+0	 -4.2590001E-1
 -1.0306000E+0	 -4.2730001E-1
 -1.0361000E+0	 -4.2940000E-1
 -1.0559000E+0	 -4.3410000E-1
 -1.0707999E+0	 -4.3770000E-1
 -1.0814000E+0	 -4.4060001E-1
 -1.0861000E+0	 -4.4290000E-1
 -1.0901000E+0	 -4.4409999E-1
 -1.0924000E+0	 -4.4459999E-1
 -1.0944999E+0	 -4.4510001E-1
 -1.0949000E+0	 -4.4549999E-1
 -1.0963000E+0	 -4.4580001E-1
 -1.0994000E+0	 -4.4630000E-1
 -1.1084000E+0	 -4.4760001E-1
 -1.1121000E+0	 -4.4960001E-1
 -1.1172000E+0	 -4.5100001E-1
 -1.1233000E+0	 -4.5230001E-1
 -1.1307000E+0	 -4.5370001E-1
 -1.1330000E+0	 -4.5500001E-1
 -1.1396000E+0	 -4.5660001E-1
 -1.1494000E+0	 -4.5829999E-1
 -1.1587000E+0	 -4.6050000E-1
 -1.1614000E+0	 -4.6200001E-1
 -1.1655999E+0	 -4.6300000E-1
 -1.1703000E+0	 -4.6390000E-1
 -1.1765000E+0	 -4.6500000E-1
 -1.1796000E+0	 -4.6619999E-1
 -1.1819000E+0	 -4.6689999E-1
 -1.1842999E+0	 -4.6740001E-1
 -1.1878999E+0	 -4.6799999E-1
 -1.1891000E+0	 -4.6869999E-1
 -1.1938000E+0	 -4.6970001E-1
 -1.2100000E+0	 -4.7250000E-1
 -1.2184000E+0	 -4.7490001E-1
 -1.2201000E+0	 -4.7589999E-1
 -1.2223001E+0	 -4.7639999E-1
 -1.2268000E+0	 -4.7720000E-1
 -1.2359000E+0	 -4.7850001E-1
 -1.2390000E+0	 -4.8010001E-1
 -1.2462000E+0	 -4.8170000E-1
 -1.2520000E+0	 -4.8269999E-1
 -1.2584000E+0	 -4.8379999E-1
 -1.2604001E+0	 -4.8490000E-1
 -1.2665000E+0	 -4.8620000E-1
 -1.2686000E+0	 -4.8670000E-1
 -1.2682000E+0	 -4.8690000E-1
 -1.2681000E+0	 -4.8690000E-1
 -1.2660000E+0	 -4.8670000E-1
 -1.2723000E+0	 -4.8740000E-1
 -1.2966000E+0	 -4.9010000E-1
 -1.3062000E+0	 -4.9460000E-1
 -1.3115000E+0	 -4.9599999E-1
 -1.3149000E+0	 -4.9660000E-1
 -1.3164999E+0	 -4.9710000E-1
 -1.3167000E+0	 -4.9730000E-1
 -1.3171999E+0	 -4.9739999E-1
 -1.3178000E+0	 -4.9750000E-1
 -1.3207000E+0	 -4.9779999E-1
 -1.3216000E+0	 -4.9820000E-1
 -1.3307000E+0	 -5.0000000E-1
 -1.3348000E+0	 -5.0080001E-1
 -1.3449000E+0	 -5.0199997E-1
 -1.3483000E+0	 -5.0370002E-1
 -1.3612000E+0	 -5.0620002E-1
 -1.3690000E+0	 -5.0760001E-1
 -1.3737000E+0	 -5.0849998E-1
 -1.3747000E+0	 -5.0910002E-1
 -1.3775001E+0	 -5.0970000E-1
 -1.3815000E+0	 -5.1029998E-1
 -1.3835000E+0	 -5.1069999E-1
 -1.3838000E+0	 -5.1099998E-1
 -1.3850000E+0	 -5.1120001E-1
 -1.3856000E+0	 -5.1130003E-1
 -1.3862000E+0	 -5.1139998E-1
 -1.3862000E+0	 -5.1150000E-1
 -1.3864000E+0	 -5.1160002E-1
 -1.3911999E+0	 -5.1220000E-1
 -1.4045000E+0	 -5.1370001E-1
 -1.4087000E+0	 -5.1569998E-1
 -1.4381000E+0	 -5.2130002E-1
 -1.4418000E+0	 -5.2209997E-1
 -1.4431000E+0	 -5.2249998E-1
 -1.4432000E+0	 -5.2260000E-1
 -1.4457999E+0	 -5.2300000E-1
 -1.4515001E+0	 -5.2389997E-1
 -1.4678000E+0	 -5.2550000E-1
 -1.4754000E+0	 -5.2800000E-1
 -1.4840000E+0	 -5.2999997E-1
 -1.4914000E+0	 -5.3119999E-1
 -1.5001000E+0	 -5.3230000E-1
 -1.5017999E+0	 -5.3340000E-1
 -1.5239000E+0	 -5.3410000E-1
 -1.5245000E+0	 -5.3759998E-1
 -1.5252000E+0	 -5.3770000E-1
 -1.5253000E+0	 -5.3780001E-1
 -1.5270000E+0	 -5.3799999E-1
 -1.5324000E+0	 -5.3880000E-1
 -1.5556000E+0	 -5.4119998E-1
 -1.5623000E+0	 -5.4409999E-1
 -1.5738000E+0	 -5.4610002E-1
 -1.5846000E+0	 -5.4780000E-1
 -1.5889000E+0	 -5.4860002E-1
 -1.5896000E+0	 -5.4900002E-1
 -1.5925000E+0	 -5.4949999E-1
 -1.5972000E+0	 -5.5010003E-1
 -1.6078000E+0	 -5.5129999E-1
 -1.6107000E+0	 -5.5250001E-1
 -1.6177000E+0	 -5.5369997E-1
 -1.6264000E+0	 -5.5489999E-1
 -1.6417000E+0	 -5.5659997E-1
 -1.6456000E+0	 -5.5839998E-1
 -1.6539000E+0	 -5.5970001E-1
 -1.6600000E+0	 -5.6059998E-1
 -1.6654000E+0	 -5.6129998E-1
 -1.6666000E+0	 -5.6190002E-1
 -1.6695000E+0	 -5.6239998E-1
 -1.6705000E+0	 -5.6250000E-1
 -1.6726000E+0	 -5.6279999E-1
 -1.6733000E+0	 -5.6300002E-1
 -1.6801000E+0	 -5.6400001E-1
 -1.6928999E+0	 -5.6580001E-1
 -1.7095000E+0	 -5.6760001E-1
 -1.7133000E+0	 -5.6940001E-1
 -1.7205000E+0	 -5.7050002E-1
 -1.7214000E+0	 -5.7069999E-1
 -1.7224000E+0	 -5.7090002E-1
 -1.7226000E+0	 -5.7099998E-1
 -1.7261000E+0	 -5.7150000E-1
 -1.7279000E+0	 -5.7169998E-1
 -1.7298000E+0	 -5.7190001E-1
 -1.7302999E+0	 -5.7209998E-1
 -1.7337000E+0	 -5.7260001E-1
 -1.7366000E+0	 -5.7309997E-1
 -1.7383000E+0	 -5.7330000E-1
 -1.7386000E+0	 -5.7340002E-1
 -1.7416000E+0	 -5.7389998E-1
 -1.7457000E+0	 -5.7440001E-1
 -1.7481000E+0	 -5.7480001E-1
 -1.7489001E+0	 -5.7489997E-1
 -1.7503000E+0	 -5.7520002E-1
 -1.7564000E+0	 -5.7599998E-1
 -1.7675000E+0	 -5.7720000E-1
 -1.7694000E+0	 -5.7810003E-1
 -1.7742000E+0	 -5.7889998E-1
 -1.7742000E+0	 -5.7900000E-1
 -1.7731000E+0	 -5.7889998E-1
 -1.7731000E+0	 -5.7889998E-1
 -1.7737000E+0	 -5.7900000E-1
 -1.7801000E+0	 -5.7969999E-1
 -1.7881000E+0	 -5.8060002E-1
 -1.7898000E+0	 -5.8130002E-1
 -1.7910000E+0	 -5.8149999E-1
 -1.7914000E+0	 -5.8160001E-1
 -1.7974000E+0	 -5.8209997E-1
 -1.7991000E+0	 -5.8260000E-1
 -1.8069000E+0	 -5.8380002E-1
 -1.8115000E+0	 -5.8450001E-1
 -1.8243001E+0	 -5.8579999E-1
 -1.8285000E+0	 -5.8679998E-1
 -1.8428000E+0	 -5.8910000E-1
 -1.8451999E+0	 -5.8950001E-1
 -1.8545001E+0	 -5.9039998E-1
 -1.8572000E+0	 -5.9119999E-1
 -1.8796999E+0	 -5.9450001E-1
 -1.8888000E+0	 -5.9570003E-1
 -1.8953000E+0	 -5.9660000E-1
 -1.8969001E+0	 -5.9700000E-1
 -1.9015000E+0	 -5.9780002E-1
 -1.9102000E+0	 -5.9880000E-1
 -1.9184999E+0	 -5.9969997E-1
 -1.9230000E+0	 -6.0039997E-1
 -1.9338000E+0	 -6.0229999E-1
 -1.9378999E+0	 -6.0280001E-1
 -1.9473000E+0	 -6.0390002E-1
 -1.9509000E+0	 -6.0430002E-1
 -1.9558001E+0	 -6.0540003E-1
 -1.9694999E+0	 -6.0699999E-1
 -1.9801000E+0	 -6.0839999E-1
 -1.9856000E+0	 -6.0900003E-1
 -2.0081999E+0	 -6.1250001E-1
 -2.0204000E+0	 -6.1400002E-1
 -2.0236001E+0	 -6.1460000E-1
 -2.0242000E+0	 -6.1470002E-1
 -2.0270000E+0	 -6.1510003E-1
 -2.0302999E+0	 -6.1549997E-1
 -2.0314000E+0	 -6.1570001E-1
 -2.0318000E+0	 -6.1570001E-1
 -2.0335000E+0	 -6.1600000E-1
 -2.0344999E+0	 -6.1610001E-1
 -2.0355999E+0	 -6.1629999E-1
 -2.0359001E+0	 -6.1629999E-1
 -2.0366001E+0	 -6.1640000E-1
 -2.0366001E+0	 -6.1650002E-1
 -2.0355000E+0	 -6.1640000E-1
 -2.0355999E+0	 -6.1640000E-1
 -2.0362999E+0	 -6.1650002E-1
 -2.0367999E+0	 -6.1650002E-1
 -2.0383000E+0	 -6.1659998E-1
 -2.0401001E+0	 -6.1669999E-1
 -2.0466001E+0	 -6.1769998E-1
 -2.0564001E+0	 -6.1879998E-1
 -2.0694001E+0	 -6.2029999E-1
 -2.0729001E+0	 -6.2099999E-1
 -2.0841999E+0	 -6.2260002E-1
 -2.0971999E+0	 -6.2419999E-1
 -2.1155000E+0	 -6.2620002E-1
 -2.1199000E+0	 -6.2699997E-1
 -2.1280999E+0	 -6.2830001E-1
 -2.1352000E+0	 -6.2910002E-1
 -2.1396000E+0	 -6.2970001E-1
 -2.1415999E+0	 -6.2989998E-1
 -2.1475000E+0	 -6.3080001E-1
 -2.1658001E+0	 -6.3279998E-1
 -2.1765001E+0	 -6.3410002E-1
 -2.1784000E+0	 -6.3459998E-1
 -2.1826000E+0	 -6.3520002E-1
 -2.1849000E+0	 -6.3540000E-1
 -2.1935999E+0	 -6.3630003E-1
 -2.1998999E+0	 -6.3669997E-1
 -2.2205000E+0	 -6.3980001E-1
 -2.2460999E+0	 -6.4270002E-1
 -2.2574000E+0	 -6.4420003E-1
 -2.2614000E+0	 -6.4450002E-1
 -2.2658999E+0	 -6.4539999E-1
 -2.2676001E+0	 -6.4560002E-1
 -2.2707000E+0	 -6.4590001E-1
 -2.2716999E+0	 -6.4600003E-1
 -2.2753000E+0	 -6.4649999E-1
 -2.2995000E+0	 -6.4910001E-1
 -2.3074000E+0	 -6.5009999E-1
 -2.3088000E+0	 -6.5039998E-1
 -2.3110001E+0	 -6.5079999E-1
 -2.3211999E+0	 -6.5179998E-1
 -2.3471999E+0	 -6.5439999E-1
 -2.3534999E+0	 -6.5530002E-1
 -2.3648000E+0	 -6.5700001E-1
 -2.3706999E+0	 -6.5759999E-1
 -2.3793001E+0	 -6.5850002E-1
 -2.3845999E+0	 -6.5880001E-1
 -2.3968999E+0	 -6.6070002E-1
 -2.4135001E+0	 -6.6240001E-1
 -2.4249001E+0	 -6.6360003E-1
 -2.4267001E+0	 -6.6399997E-1
 -2.4289000E+0	 -6.6430002E-1
 -2.4356000E+0	 -6.6500002E-1
 -2.4467001E+0	 -6.6600001E-1
 -2.4507000E+0	 -6.6640002E-1
 -2.4621000E+0	 -6.6799998E-1
 -2.4767001E+0	 -6.6949999E-1
 -2.4811001E+0	 -6.7000002E-1
 -2.4830000E+0	 -6.7019999E-1
 -2.4886000E+0	 -6.7089999E-1
 -2.4965000E+0	 -6.7170000E-1
 -2.5158999E+0	 -6.7350000E-1
 -2.5209999E+0	 -6.7409998E-1
 -2.5311999E+0	 -6.7559999E-1
 -2.5495000E+0	 -6.7739999E-1
 -2.5699000E+0	 -6.7930001E-1
 -2.5743001E+0	 -6.7989999E-1
 -2.5813000E+0	 -6.8089998E-1
 -2.5860000E+0	 -6.8140000E-1
 -2.5929000E+0	 -6.8199998E-1
 -2.5948999E+0	 -6.8220001E-1
 -2.5997000E+0	 -6.8290001E-1
 -2.6080999E+0	 -6.8370003E-1
 -2.6159999E+0	 -6.8440002E-1
 -2.6173999E+0	 -6.8460000E-1
 -2.6194999E+0	 -6.8500000E-1
 -2.6210999E+0	 -6.8510002E-1
 -2.6231999E+0	 -6.8529999E-1
 -2.6238000E+0	 -6.8540001E-1
 -2.6250999E+0	 -6.8559998E-1
 -2.6282001E+0	 -6.8589997E-1
 -2.6410999E+0	 -6.8699998E-1
 -2.6463001E+0	 -6.8730003E-1
 -2.6573000E+0	 -6.8889999E-1
 -2.6681001E+0	 -6.8989998E-1
 -2.6824999E+0	 -6.9120002E-1
 -2.6868999E+0	 -6.9160002E-1
 -2.6937001E+0	 -6.9260001E-1
 -2.7000999E+0	 -6.9319999E-1
 -2.7066000E+0	 -6.9379997E-1
 -2.7100999E+0	 -6.9400001E-1
 -2.7163999E+0	 -6.9489998E-1
 -2.7217000E+0	 -6.9540000E-1
 -2.7263999E+0	 -6.9580001E-1
 -2.7279999E+0	 -6.9599998E-1
 -2.7298999E+0	 -6.9630003E-1
 -2.7523999E+0	 -6.9840002E-1
 -2.7853000E+0	 -7.0130002E-1
 -2.7879000E+0	 -7.0200002E-1
 -2.7901001E+0	 -7.0230001E-1
 -2.7911000E+0	 -7.0240003E-1
 -2.7974999E+0	 -7.0289999E-1
 -2.7994001E+0	 -7.0310003E-1
 -2.8025000E+0	 -7.0359999E-1
 -2.8059001E+0	 -7.0389998E-1
 -2.8103001E+0	 -7.0420003E-1
 -2.8150001E+0	 -7.0440000E-1
 -2.8215001E+0	 -7.0539999E-1
 -2.8318000E+0	 -7.0630002E-1
 -2.8518000E+0	 -7.0800000E-1
 -2.8582001E+0	 -7.0850003E-1
 -2.8698001E+0	 -7.1010000E-1
 -2.8855000E+0	 -7.1149999E-1
 -2.9089999E+0	 -7.1350002E-1
 -2.9179001E+0	 -7.1399999E-1
 -2.9249001E+0	 -7.1539998E-1
 -2.9454999E+0	 -7.1719998E-1
 -2.9528999E+0	 -7.1789998E-1
 -2.9542000E+0	 -7.1810001E-1
 -2.9559000E+0	 -7.1829998E-1
 -2.9588001E+0	 -7.1859998E-1
 -2.9593999E+0	 -7.1859998E-1
 -2.9593999E+0	 -7.1869999E-1
 -2.9593999E+0	 -7.1869999E-1
 -2.9593000E+0	 -7.1869999E-1
 -2.9593000E+0	 -7.1869999E-1
 -2.9593000E+0	 -7.1869999E-1
 -2.9593000E+0	 -7.1869999E-1
 -2.9591999E+0	 -7.1869999E-1
 -2.9591999E+0	 -7.1869999E-1
 -2.9591999E+0	 -7.1869999E-1
 -2.9591999E+0	 -7.1869999E-1
 -2.9591000E+0	 -7.1869999E-1
 -2.9591000E+0	 -7.1869999E-1
 -2.9591000E+0	 -7.1869999E-1
 -2.9591000E+0	 -7.1869999E-1
 -2.9591000E+0	 -7.1869999E-1
 -2.9591000E+0	 -7.1869999E-1
 -2.9591000E+0	 -7.1869999E-1
 -2.9590001E+0	 -7.1869999E-1
 -2.9590001E+0	 -7.1869999E-1
 -2.9590001E+0	 -7.1869999E-1
 -2.9590001E+0	 -7.1869999E-1
 -2.9589000E+0	 -7.1869999E-1
 -2.9589000E+0	 -7.1869999E-1
 -2.9589000E+0	 -7.1869999E-1
 -2.9588001E+0	 -7.1859998E-1
 -2.9588001E+0	 -7.1869999E-1
 -2.9588001E+0	 -7.1859998E-1
 -2.9586999E+0	 -7.1859998E-1
 -2.9588001E+0	 -7.1859998E-1
 -2.9586999E+0	 -7.1859998E-1
 -2.9586999E+0	 -7.1859998E-1
 -2.9586999E+0	 -7.1859998E-1
 -2.9586999E+0	 -7.1859998E-1
 -2.9586000E+0	 -7.1859998E-1
 -2.9586000E+0	 -7.1859998E-1
 -2.9586000E+0	 -7.1859998E-1
 -2.9586000E+0	 -7.1859998E-1
 -2.9586000E+0	 -7.1859998E-1
 -2.9584999E+0	 -7.1859998E-1
 -2.9584999E+0	 -7.1859998E-1
 -2.9584999E+0	 -7.1859998E-1
 -2.9584000E+0	 -7.1859998E-1
 -2.9584000E+0	 -7.1859998E-1
 -2.9584000E+0	 -7.1859998E-1
 -2.9584000E+0	 -7.1859998E-1
 -2.9584000E+0	 -7.1859998E-1
 -2.9583001E+0	 -7.1859998E-1
 -2.9584000E+0	 -7.1859998E-1
 -2.9583001E+0	 -7.1859998E-1
 -2.9583001E+0	 -7.1859998E-1
 -2.9583001E+0	 -7.1859998E-1
 -2.9582000E+0	 -7.1859998E-1
 -2.9582000E+0	 -7.1859998E-1
 -2.9582000E+0	 -7.1859998E-1
 -2.9556999E+0	 -7.1840000E-1
 -2.9504001E+0	 -7.1810001E-1
 -2.9438000E+0	 -7.1799999E-1
 -2.9394000E+0	 -7.1740001E-1
 -2.9223001E+0	 -7.1640003E-1
 -2.9131999E+0	 -7.1579999E-1
 -2.9054000E+0	 -7.1569997E-1
 -2.9010999E+0	 -7.1499997E-1
 -2.8935001E+0	 -7.1450001E-1
 -2.8868001E+0	 -7.1410000E-1
 -2.8799000E+0	 -7.1399999E-1
 -2.8763001E+0	 -7.1340001E-1
 -2.8599000E+0	 -7.1230000E-1
 -2.8480999E+0	 -7.1160001E-1
 -2.8443999E+0	 -7.1149999E-1
 -2.8418000E+0	 -7.1109998E-1
 -2.8368001E+0	 -7.1079999E-1
 -2.8267000E+0	 -7.1010000E-1
 -2.8178000E+0	 -7.0990002E-1
 -2.8131001E+0	 -7.0910001E-1
 -2.7985001E+0	 -7.0819998E-1
 -2.7814000E+0	 -7.0709997E-1
 -2.7677000E+0	 -7.0679998E-1
 -2.7609000E+0	 -7.0560002E-1
 -2.7458000E+0	 -7.0450002E-1
 -2.7298999E+0	 -7.0349997E-1
 -2.7182000E+0	 -7.0319998E-1
 -2.7121999E+0	 -7.0209998E-1
 -2.6916001E+0	 -7.0060003E-1
 -2.6798000E+0	 -6.9980001E-1
 -2.6752000E+0	 -6.9970000E-1
 -2.6736000E+0	 -6.9929999E-1
 -2.6705999E+0	 -6.9910002E-1
 -2.6633000E+0	 -6.9859999E-1
 -2.6589999E+0	 -6.9849998E-1
 -2.6566000E+0	 -6.9809997E-1
 -2.6431000E+0	 -6.9709998E-1
 -2.6208000E+0	 -6.9550002E-1
 -2.6080000E+0	 -6.9520003E-1
 -2.6015000E+0	 -6.9400001E-1
 -2.5883999E+0	 -6.9300002E-1
 -2.5754001E+0	 -6.9209999E-1
 -2.5639999E+0	 -6.9180000E-1
 -2.5583999E+0	 -6.9069999E-1
 -2.5511999E+0	 -6.9010001E-1
 -2.5422001E+0	 -6.8949997E-1
 -2.5341001E+0	 -6.8930000E-1
 -2.5300000E+0	 -6.8849999E-1
 -2.5183001E+0	 -6.8760002E-1
 -2.5060999E+0	 -6.8669999E-1
 -2.4918001E+0	 -6.8629998E-1
 -2.4848001E+0	 -6.8489999E-1
 -2.4618001E+0	 -6.8309999E-1
 -2.4484999E+0	 -6.8210000E-1
 -2.4372001E+0	 -6.8169999E-1
 -2.4305999E+0	 -6.8049997E-1
 -2.4061000E+0	 -6.7860001E-1
 -2.3771999E+0	 -6.7629999E-1
 -2.3526001E+0	 -6.7559999E-1
 -2.3466001E+0	 -6.7350000E-1
 -2.3299000E+0	 -6.7220002E-1
 -2.3223000E+0	 -6.7159998E-1
 -2.3090000E+0	 -6.7110002E-1
 -2.3027999E+0	 -6.6979998E-1
 -2.2753000E+0	 -6.6740000E-1
 -2.2639000E+0	 -6.6649997E-1
 -2.2518001E+0	 -6.6610003E-1
 -2.2460001E+0	 -6.6479999E-1
 -2.2268000E+0	 -6.6310000E-1
 -2.2011001E+0	 -6.6100001E-1
 -2.1895001E+0	 -6.6039997E-1
 -2.1854999E+0	 -6.5939999E-1
 -2.1729000E+0	 -6.5820003E-1
 -2.1520000E+0	 -6.5649998E-1
 -2.1327000E+0	 -6.5570003E-1
 -2.1248000E+0	 -6.5380001E-1
 -2.0994999E+0	 -6.5140003E-1
 -2.0839000E+0	 -6.5009999E-1
 -2.0695000E+0	 -6.4950001E-1
 -2.0632999E+0	 -6.4789999E-1
 -2.0545001E+0	 -6.4709997E-1
 -2.0427001E+0	 -6.4600003E-1
 -2.0272000E+0	 -6.4539999E-1
 -2.0199001E+0	 -6.4359999E-1
 -1.9911000E+0	 -6.4080000E-1
 -1.9728000E+0	 -6.3919997E-1
 -1.9608001E+0	 -6.3849998E-1
 -1.9542000E+0	 -6.3700002E-1
 -1.9342999E+0	 -6.3499999E-1
 -1.9091001E+0	 -6.3270003E-1
 -1.8952000E+0	 -6.3190001E-1
 -1.8884000E+0	 -6.3020003E-1
 -1.8651000E+0	 -6.2779999E-1
 -1.8530000E+0	 -6.2669998E-1
 -1.8412000E+0	 -6.2599999E-1
 -1.8358999E+0	 -6.2459999E-1
 -1.8188000E+0	 -6.2279999E-1
 -1.8065000E+0	 -6.2159997E-1
 -1.7903000E+0	 -6.2089998E-1
 -1.7825000E+0	 -6.1879998E-1
 -1.7594000E+0	 -6.1629999E-1
 -1.7415000E+0	 -6.1449999E-1
 -1.7282000E+0	 -6.1360002E-1
 -1.7215000E+0	 -6.1189997E-1
 -1.7014000E+0	 -6.0960001E-1
 -1.6856000E+0	 -6.0799998E-1
 -1.6739000E+0	 -6.0729998E-1
 -1.6690000E+0	 -6.0579997E-1
 -1.6553000E+0	 -6.0420001E-1
 -1.6434000E+0	 -6.0299999E-1
 -1.6303999E+0	 -6.0189998E-1
 -1.6243000E+0	 -6.0049999E-1
 -1.6023000E+0	 -5.9789997E-1
 -1.5908000E+0	 -5.9660000E-1
 -1.5829000E+0	 -5.9600002E-1
 -1.5791000E+0	 -5.9490001E-1
 -1.5655000E+0	 -5.9329998E-1
 -1.5505000E+0	 -5.9170002E-1
 -1.5389000E+0	 -5.9079999E-1
 -1.5343000E+0	 -5.8929998E-1
 -1.5251000E+0	 -5.8819997E-1
 -1.5144000E+0	 -5.8700001E-1
 -1.5063000E+0	 -5.8630002E-1
 -1.5028000E+0	 -5.8530003E-1
 -1.4927000E+0	 -5.8399999E-1
 -1.4818000E+0	 -5.8279997E-1
 -1.4757000E+0	 -5.8230001E-1
 -1.4729000E+0	 -5.8139998E-1
 -1.4670000E+0	 -5.8060002E-1
 -1.4577000E+0	 -5.7959998E-1
 -1.4487000E+0	 -5.7880002E-1
 -1.4450001E+0	 -5.7770002E-1
 -1.4390000E+0	 -5.7700002E-1
 -1.4281000E+0	 -5.7569999E-1
 -1.4158000E+0	 -5.7459998E-1
 -1.4101000E+0	 -5.7300001E-1
 -1.3993000E+0	 -5.7160002E-1
 -1.3897001E+0	 -5.7040000E-1
 -1.3829000E+0	 -5.6980002E-1
 -1.3803000E+0	 -5.6889999E-1
 -1.3746001E+0	 -5.6819999E-1
 -1.3580000E+0	 -5.6620002E-1
 -1.3559999E+0	 -5.6559998E-1
 -1.3558000E+0	 -5.6550002E-1
 -1.3550000E+0	 -5.6540000E-1
 -1.3415000E+0	 -5.6379998E-1
 -1.3173000E+0	 -5.6220001E-1
 -1.3051000E+0	 -5.5830002E-1
 -1.2763000E+0	 -5.5419999E-1
 -1.2515000E+0	 -5.5100000E-1
 -1.2381999E+0	 -5.4949999E-1
 -1.2323000E+0	 -5.4750001E-1
 -1.2191000E+0	 -5.4549998E-1
 -1.2186000E+0	 -5.4530001E-1
 -1.2185000E+0	 -5.4530001E-1
 -1.1923000E+0	 -5.4149997E-1
 -1.1770000E+0	 -5.3939998E-1
 -1.1673000E+0	 -5.3810000E-1
 -1.1630000E+0	 -5.3670001E-1
 -1.1466000E+0	 -5.3420001E-1
 -1.1360000E+0	 -5.3270000E-1
 -1.1276000E+0	 -5.3170002E-1
 -1.1234000E+0	 -5.3030002E-1
 -1.1130000E+0	 -5.2869999E-1
 -1.1036000E+0	 -5.2730000E-1
 -1.0955000E+0	 -5.2649999E-1
 -1.0937999E+0	 -5.2539998E-1
 -1.0786999E+0	 -5.2300000E-1
 -1.0689000E+0	 -5.2160001E-1
 -1.0585001E+0	 -5.2029997E-1
 -1.0518000E+0	 -5.1849997E-1
 -1.0398999E+0	 -5.1639998E-1
 -1.0382000E+0	 -5.1599997E-1
 -1.0382000E+0	 -5.1590002E-1
 -1.0382000E+0	 -5.1590002E-1
 -1.0378000E+0	 -5.1580000E-1
 -1.0355000E+0	 -5.1550001E-1
 -1.0208000E+0	 -5.1440001E-1
 -1.0120000E+0	 -5.1150000E-1
 -1.0056000E+0	 -5.1029998E-1
 -1.0053000E+0	 -5.1010001E-1
 -1.0055000E+0	 -5.1010001E-1
 -1.0056000E+0	 -5.1010001E-1
 -1.0058000E+0	 -5.1010001E-1
 -1.0059000E+0	 -5.1010001E-1
 -1.0043000E+0	 -5.0999999E-1
 -1.0036000E+0	 -5.0989997E-1
 -9.7350001E-1	 -5.0470001E-1
 -9.6289998E-1	 -5.0290000E-1
 -9.6120000E-1	 -5.0220001E-1
 -9.6060002E-1	 -5.0209999E-1
 -9.5370001E-1	 -5.0089997E-1
 -9.4410002E-1	 -4.9939999E-1
 -9.3540001E-1	 -4.9829999E-1
 -9.3089998E-1	 -4.9660000E-1
 -9.1970003E-1	 -4.9460000E-1
 -9.1320002E-1	 -4.9340001E-1
 -9.1009998E-1	 -4.9280000E-1
 -9.0859997E-1	 -4.9230000E-1
 -9.0189999E-1	 -4.9110001E-1
 -8.8749999E-1	 -4.8879999E-1
 -8.7239999E-1	 -4.8710001E-1
 -8.6799997E-1	 -4.8460001E-1
 -8.5540003E-1	 -4.8199999E-1
 -8.3990002E-1	 -4.7929999E-1
 -8.3170003E-1	 -4.7780001E-1
 -8.2950002E-1	 -4.7670001E-1
 -8.1930000E-1	 -4.7470000E-1
 -8.0599999E-1	 -4.7220001E-1
 -7.9769999E-1	 -4.7090000E-1
 -7.9490000E-1	 -4.6959999E-1
 -7.8289998E-1	 -4.6700001E-1
 -7.6609999E-1	 -4.6390000E-1
 -7.4879998E-1	 -4.6149999E-1
 -7.4320000E-1	 -4.5840001E-1
 -7.2640002E-1	 -4.5469999E-1
 -7.1469998E-1	 -4.5210001E-1
 -7.0630002E-1	 -4.5060000E-1
 -7.0130002E-1	 -4.4890001E-1
 -6.8949997E-1	 -4.4610000E-1
 -6.7650002E-1	 -4.4350001E-1
 -6.6369998E-1	 -4.4150001E-1
 -6.5939999E-1	 -4.3900001E-1
 -6.5079999E-1	 -4.3689999E-1
 -6.4520001E-1	 -4.3560001E-1
 -6.3580000E-1	 -4.3430001E-1
 -6.3200003E-1	 -4.3230000E-1
 -6.2290001E-1	 -4.3000001E-1
 -6.0670000E-1	 -4.2649999E-1
 -5.9259999E-1	 -4.2379999E-1
 -5.8660001E-1	 -4.2089999E-1
 -5.7080001E-1	 -4.1690001E-1
 -5.5110002E-1	 -4.1229999E-1
 -5.4130000E-1	 -4.0939999E-1
 -5.3860003E-1	 -4.0770000E-1
 -5.3090000E-1	 -4.0570000E-1
 -5.2060002E-1	 -4.0320000E-1
 -5.0319999E-1	 -4.0040001E-1
 -4.9480000E-1	 -3.9570001E-1
 -4.8050001E-1	 -3.9129999E-1
 -4.6509999E-1	 -3.8740000E-1
 -4.4920000E-1	 -3.8389999E-1
 -4.4240001E-1	 -3.7979999E-1
 -4.2559999E-1	 -3.7480000E-1
 -4.0360001E-1	 -3.6840001E-1
 -3.8769999E-1	 -3.6350000E-1
 -3.8190001E-1	 -3.6000001E-1
 -3.7349999E-1	 -3.5699999E-1
 -3.6350000E-1	 -3.5400000E-1
 -3.4670001E-1	 -3.5030001E-1
 -3.3680001E-1	 -3.4459999E-1
 -3.1779999E-1	 -3.3770001E-1
 -3.0360001E-1	 -3.3239999E-1
 -2.9080001E-1	 -3.2820001E-1
 -2.8510001E-1	 -3.2429999E-1
 -2.7120000E-1	 -3.1900001E-1
 -2.4747001E-1	 -3.1240001E-1
 -2.3014000E-1	 -3.0239999E-1
 -2.2191000E-1	 -2.9850000E-1
 -2.1211000E-1	 -2.9400000E-1
 -1.9776000E-1	 -2.8729999E-1
 -1.7955001E-1	 -2.8060001E-1
 -1.6841000E-1	 -2.7280000E-1
 -1.5353000E-1	 -2.6175001E-1
 -1.3794000E-1	 -2.5600001E-1
 -1.2598000E-1	 -2.5080001E-1
 -1.1592000E-1	 -2.4432001E-1
 -9.7050004E-2	 -2.3296000E-1
 -7.7869996E-2	 -2.2189000E-1
 -5.6699999E-2	 -2.0947000E-1
 -4.2739999E-2	 -1.9715001E-1
 -2.5240000E-2	 -1.8416999E-1
 -1.3460000E-2	 -1.7442000E-1
 -6.1400002E-3	 -1.6768000E-1
 -3.5000001E-3	 -1.6429999E-1
 -1.8400000E-3	 -1.6255000E-1
 -1.1800000E-3	 -1.6162001E-1
 -7.6000002E-4	 -1.6110000E-1
 -5.6000001E-4	 -1.6077000E-1
 -4.4000000E-4	 -1.6061001E-1
 -4.1000001E-4	 -1.6047999E-1
 -3.8000001E-4	 -1.6040000E-1
 -3.4999999E-4	 -1.6034999E-1
 -3.1999999E-4	 -1.6030000E-1
 -3.1000000E-4	 -1.6024999E-1
 -3.1000000E-4	 -1.6023000E-1
 -2.9000000E-4	 -1.6020000E-1
 -2.9000000E-4	 -1.6018000E-1
 -2.6999999E-4	 -1.6016001E-1
 -3.0000001E-4	 -1.6013999E-1
 -3.0000001E-4	 -1.6012999E-1
 -2.9000000E-4	 -1.6011000E-1
 -2.9000000E-4	 -1.6010000E-1
 -2.9000000E-4	 -1.6009000E-1
 -2.8000001E-4	 -1.6008000E-1
 -2.6999999E-4	 -1.6006000E-1
 -2.6000000E-4	 -1.6005000E-1
 -2.6999999E-4	 -1.6004001E-1
 -2.6000000E-4	 -1.6003001E-1
 -2.6999999E-4	 -1.6001000E-1
 -2.6000000E-4	 -1.6001000E-1
 -2.5000001E-4	 -1.6001000E-1
 -2.6999999E-4	 -1.5999000E-1
 -2.9000000E-4	 -1.5999000E-1
 -2.6000000E-4	 -1.5998000E-1
 -2.5000001E-4	 -1.5998000E-1
 -2.6000000E-4	 -1.5998000E-1
 -2.5000001E-4	 -1.5998000E-1
 -2.3000001E-4	 -1.5997000E-1
 -2.3999999E-4	 -1.5997000E-1
 -2.3999999E-4	 -1.5995000E-1
 -2.6000000E-4	 -1.5995000E-1
 -2.5000001E-4	 -1.5995000E-1
 -2.3999999E-4	 -1.5994000E-1
 -2.8000001E-4	 -1.5994000E-1
 -2.6000000E-4	 -1.5995000E-1
 -2.6000000E-4	 -1.5993001E-1
 -2.5000001E-4	 -1.5993001E-1
 -2.3000001E-4	 -1.5992001E-1
 -2.3999999E-4	 -1.5990999E-1
 -2.3999999E-4	 -1.5990999E-1
 -2.3999999E-4	 -1.5990999E-1
 -2.3999999E-4	 -1.5989999E-1
 -2.3000001E-4	 -1.5989000E-1
 -2.3999999E-4	 -1.5989000E-1
 -2.3000001E-4	 -1.5988000E-1
 -2.3999999E-4	 -1.5988000E-1
 -2.3000001E-4	 -1.5988000E-1
 -2.3000001E-4	 -1.5988000E-1
 -2.5000001E-4	 -1.5987000E-1
 -2.3000001E-4	 -1.5988000E-1
 -4.9999999E-5	 -1.5987000E-1
 1.7000000E-4	 -1.5978999E-1
 1.7000000E-4	 -1.5976000E-1
 1.7000000E-4	 -1.5974000E-1
 1.9999999E-4	 -1.5973000E-1
 1.9000001E-4	 -1.5972000E-1
 1.9000001E-4	 -1.5971000E-1
 1.9000001E-4	 -1.5970001E-1
 1.8000000E-4	 -1.5968999E-1
 1.8000000E-4	 -1.5967999E-1
 1.9000001E-4	 -1.5967000E-1
 1.9999999E-4	 -1.5967000E-1
 1.8000000E-4	 -1.5967000E-1
 1.9000001E-4	 -1.5967000E-1
 1.8000000E-4	 -1.5966000E-1
 1.7000000E-4	 -1.5965000E-1
 1.6000000E-4	 -1.5964000E-1
 1.8000000E-4	 -1.5963000E-1
 -9.9999997E-6	 -1.5965000E-1
 -1.4000000E-4	 -1.5966000E-1
 -1.9999999E-4	 -1.5967999E-1
 -1.9000001E-4	 -1.5967999E-1
 -2.1000000E-4	 -1.5967999E-1
 -2.1000000E-4	 -1.5967999E-1
 -2.2000000E-4	 -1.5967999E-1
 -2.3999999E-4	 -1.5967999E-1
 -2.6000000E-4	 -1.5968999E-1
 -2.5000001E-4	 -1.5968999E-1
 -2.2000000E-4	 -1.5968999E-1
 -2.2000000E-4	 -1.5967999E-1
 -2.2000000E-4	 -1.5967000E-1
 -2.3999999E-4	 -1.5967999E-1
 -2.5000001E-4	 -1.5967999E-1
 -2.6999999E-4	 -1.5967999E-1
 -2.3000001E-4	 -1.5966000E-1
 -2.3000001E-4	 -1.5966000E-1
 1.9000001E-4	 -1.5960000E-1
 1.9000001E-4	 -1.5959001E-1
 1.8000000E-4	 -1.5959001E-1
 1.9000001E-4	 -1.5958001E-1
 1.8000000E-4	 -1.5958001E-1
 1.4000000E-4	 -1.5958001E-1
 1.6000000E-4	 -1.5956999E-1
 1.7000000E-4	 -1.5958001E-1
 1.8000000E-4	 -1.5958001E-1
 1.7000000E-4	 -1.5955999E-1
 1.7000000E-4	 -1.5955000E-1
 1.6000000E-4	 -1.5955000E-1
 1.3000000E-4	 -1.5955999E-1
 1.7000000E-4	 -1.5953000E-1
 1.9000001E-4	 -1.5954000E-1
 1.7000000E-4	 -1.5954000E-1
 1.7000000E-4	 -1.5953000E-1
 1.9000001E-4	 -1.5953000E-1
 1.7000000E-4	 -1.5954000E-1
 1.7000000E-4	 -1.5953000E-1
 1.8000000E-4	 -1.5953000E-1
 1.8000000E-4	 -1.5952000E-1
 1.8000000E-4	 -1.5952000E-1
 1.4000000E-4	 -1.5952000E-1
 1.7000000E-4	 -1.5951000E-1
 1.6000000E-4	 -1.5951000E-1
 5.4199998E-3	 -1.5787999E-1
 1.2580000E-2	 -1.5403000E-1
 2.2510000E-2	 -1.4549001E-1
 3.6230002E-2	 -1.3542999E-1
 5.5679999E-2	 -1.2045000E-1
 7.0720002E-2	 -1.0965000E-1
 8.5969999E-2	 -9.4120003E-2
 9.9359997E-2	 -8.3750002E-2
 1.1606000E-1	 -7.0359997E-2
 1.3056000E-1	 -6.0090002E-2
 1.4652000E-1	 -4.4170000E-2
 1.6291000E-1	 -3.1590000E-2
 1.8091001E-1	 -1.0738000E-2
 1.9690999E-1	 -4.1589998E-3
 2.0345999E-1	 1.8590000E-3
 2.0973000E-1	 8.1970003E-3
 2.2149999E-1	 1.6931999E-2
 2.3007999E-1	 2.3228001E-2
 2.3757000E-1	 3.5739999E-2
 2.5123000E-1	 4.0390000E-2
 2.5790000E-1	 4.6200000E-2
 2.6396999E-1	 5.0349999E-2
 2.7164000E-1	 5.7610001E-2
 2.8259999E-1	 6.4860001E-2
 2.9108000E-1	 7.2099999E-2
 2.9866999E-1	 7.6310001E-2
 3.1850001E-1	 8.5060000E-2
 3.2800001E-1	 9.7790003E-2
 3.3559999E-1	 1.0489000E-1
 3.4369999E-1	 1.1103000E-1
 3.4999999E-1	 1.1570000E-1
 3.5749999E-1	 1.2132000E-1
 3.6330000E-1	 1.2620001E-1
 3.6730000E-1	 1.2857001E-1
 3.7090001E-1	 1.3198000E-1
 3.8100001E-1	 1.3768999E-1
 3.9610001E-1	 1.4697000E-1
 4.0740001E-1	 1.5385000E-1
 4.1729999E-1	 1.6252001E-1
 4.2980000E-1	 1.6993999E-1
 4.5190001E-1	 1.8184000E-1
 4.6680000E-1	 1.9072001E-1
 4.8429999E-1	 2.0387000E-1
 5.0139999E-1	 2.1371000E-1
 5.1539999E-1	 2.2212000E-1
 5.2689999E-1	 2.2721000E-1
 5.3960001E-1	 2.3611000E-1
 5.5519998E-1	 2.4387001E-1
 5.6660002E-1	 2.5069001E-1
 5.7499999E-1	 2.5461999E-1
 5.8249998E-1	 2.5977999E-1
 5.9280002E-1	 2.6460999E-1
 5.9780002E-1	 2.6780000E-1
 6.0409999E-1	 2.6958999E-1
 6.1159998E-1	 2.7441001E-1
 6.1890000E-1	 2.7792999E-1
 6.2339997E-1	 2.8048000E-1
 6.3209999E-1	 2.8259999E-1
 6.4289999E-1	 2.8891999E-1
 6.6200000E-1	 2.9719001E-1
 6.8129998E-1	 3.0860001E-1
 7.0679998E-1	 3.1549999E-1
 7.1799999E-1	 3.2010001E-1
 7.2860003E-1	 3.2630000E-1
 7.5040001E-1	 3.3440000E-1
 7.6480001E-1	 3.3919999E-1
 7.7569997E-1	 3.4560001E-1
 7.8789997E-1	 3.4999999E-1
 8.0269998E-1	 3.5519999E-1
 8.1349999E-1	 3.5859999E-1
 8.2150000E-1	 3.6280000E-1
 8.2969999E-1	 3.6570001E-1
 8.4149998E-1	 3.6950001E-1
 8.5070002E-1	 3.7189999E-1
 8.5829997E-1	 3.7580001E-1
 8.6989999E-1	 3.7950000E-1
 8.8080001E-1	 3.8310000E-1
 8.8590002E-1	 3.8479999E-1
 8.8859999E-1	 3.8630000E-1
 8.9279997E-1	 3.8760000E-1
 9.0200001E-1	 3.9019999E-1
 9.1430002E-1	 3.9280000E-1
 9.2600000E-1	 3.9770001E-1
 9.4290000E-1	 4.0279999E-1
 9.5850003E-1	 4.0750000E-1
 9.7049999E-1	 4.1020000E-1
 9.7890002E-1	 4.1409999E-1
 9.9440002E-1	 4.1839999E-1
 9.9860001E-1	 4.1999999E-1
 1.0009000E+0	 4.2060000E-1
 1.0023000E+0	 4.2129999E-1
 1.0049000E+0	 4.2199999E-1
 1.0278000E+0	 4.2730001E-1
 1.0475000E+0	 4.3140000E-1
 1.0614001E+0	 4.3700001E-1
 1.0753000E+0	 4.4080001E-1
 1.0985000E+0	 4.4630000E-1
 1.1192000E+0	 4.4980001E-1
 1.1327000E+0	 4.5550001E-1
 1.1447999E+0	 4.5860001E-1
 1.1612000E+0	 4.6230000E-1
 1.1810000E+0	 4.6560001E-1
 1.1963000E+0	 4.7070000E-1
 1.2148000E+0	 4.7520000E-1
 1.2438000E+0	 4.8120001E-1
 1.2653000E+0	 4.8469999E-1
 1.2797000E+0	 4.8960000E-1
 1.2896000E+0	 4.9190000E-1
 1.3032000E+0	 4.9450001E-1
 1.3090000E+0	 4.9570000E-1
 1.3117000E+0	 4.9680001E-1
 1.3128000E+0	 4.9710000E-1
 1.3144000E+0	 4.9739999E-1
 1.3291000E+0	 4.9900001E-1
 1.3384000E+0	 5.0199997E-1
 1.3494999E+0	 5.0440001E-1
 1.3859000E+0	 5.1099998E-1
 1.4112000E+0	 5.1459998E-1
 1.4230000E+0	 5.1910001E-1
 1.4248000E+0	 5.1959997E-1
 1.4250000E+0	 5.1969999E-1
 1.4251000E+0	 5.1980001E-1
 1.4251000E+0	 5.1980001E-1
 1.4253000E+0	 5.1990002E-1
 1.4362000E+0	 5.2149999E-1
 1.4424000E+0	 5.2240002E-1
 1.4454000E+0	 5.2340001E-1
 1.4492000E+0	 5.2420002E-1
 1.4642000E+0	 5.2660000E-1
 1.4826000E+0	 5.2899998E-1
 1.4924999E+0	 5.3210002E-1
 1.5013000E+0	 5.3369999E-1
 1.5100000E+0	 5.3520000E-1
 1.5139000E+0	 5.3590000E-1
 1.5156000E+0	 5.3640002E-1
 1.5187000E+0	 5.3700000E-1
 1.5240000E+0	 5.3780001E-1
 1.5404000E+0	 5.3950000E-1
 1.5486000E+0	 5.4200000E-1
 1.5588000E+0	 5.4400003E-1
 1.5651000E+0	 5.4500002E-1
 1.5721000E+0	 5.4589999E-1
 1.5764000E+0	 5.4689997E-1
 1.5886000E+0	 5.4909998E-1
 1.5907000E+0	 5.4960001E-1
 1.5906000E+0	 5.4970002E-1
 1.5921000E+0	 5.4970002E-1
 1.6015000E+0	 5.5129999E-1
 1.6737000E+0	 5.6230003E-1
 1.6920000E+0	 5.6529999E-1
 1.6992000E+0	 5.6730002E-1
 1.7065001E+0	 5.6860000E-1
 1.7177000E+0	 5.7020003E-1
 1.7248000E+0	 5.7110000E-1
 1.7289000E+0	 5.7200003E-1
 1.7386000E+0	 5.7370001E-1
 1.7493000E+0	 5.7520002E-1
 1.7574000E+0	 5.7620001E-1
 1.7607000E+0	 5.7700002E-1
 1.7666000E+0	 5.7800001E-1
 1.7832000E+0	 5.8029997E-1
 1.7920001E+0	 5.8139998E-1
 1.7984000E+0	 5.8240002E-1
 1.8135000E+0	 5.8499998E-1
 1.8365999E+0	 5.8819997E-1
 1.8467000E+0	 5.8950001E-1
 1.8508000E+0	 5.9050000E-1
 1.8580000E+0	 5.9170002E-1
 1.8850000E+0	 5.9520000E-1
 1.8880000E+0	 5.9600002E-1
 1.8888000E+0	 5.9619999E-1
 1.8902000E+0	 5.9640002E-1
 1.8911999E+0	 5.9660000E-1
 1.8940001E+0	 5.9680003E-1
 1.8953000E+0	 5.9710002E-1
 1.8982000E+0	 5.9750003E-1
 1.9033999E+0	 5.9820002E-1
 1.9055001E+0	 5.9850001E-1
 1.9064000E+0	 5.9869999E-1
 1.9086000E+0	 5.9899998E-1
 1.9153000E+0	 5.9990001E-1
 1.9220999E+0	 6.0060000E-1
 1.9261000E+0	 6.0119998E-1
 1.9345000E+0	 6.0259998E-1
 1.9421000E+0	 6.0360003E-1
 1.9454000E+0	 6.0409999E-1
 1.9479001E+0	 6.0430002E-1
 1.9542000E+0	 6.0540003E-1
 1.9716001E+0	 6.0759997E-1
 1.9969000E+0	 6.1019999E-1
 2.0058000E+0	 6.1210001E-1
 2.0141001E+0	 6.1350000E-1
 2.0241001E+0	 6.1479998E-1
 2.0381999E+0	 6.1610001E-1
 2.0445001E+0	 6.1720002E-1
 2.0532999E+0	 6.1870003E-1
 2.0590999E+0	 6.1949998E-1
 2.0603001E+0	 6.1970001E-1
 2.0606999E+0	 6.1979997E-1
 2.0615001E+0	 6.1989999E-1
 2.0652001E+0	 6.2029999E-1
 2.0722001E+0	 6.2089998E-1
 2.0755999E+0	 6.2140000E-1
 2.0827999E+0	 6.2260002E-1
 2.0980999E+0	 6.2449998E-1
 2.1068001E+0	 6.2540001E-1
 2.1103001E+0	 6.2599999E-1
 2.1161001E+0	 6.2690002E-1
 2.1356001E+0	 6.2919998E-1
 2.1486001E+0	 6.3059998E-1
 2.1538000E+0	 6.3129997E-1
 2.1645000E+0	 6.3300002E-1
 2.1752000E+0	 6.3429999E-1
 2.1787000E+0	 6.3470000E-1
 2.1805000E+0	 6.3489997E-1
 2.1831999E+0	 6.3540000E-1
 2.1854999E+0	 6.3569999E-1
 2.1868999E+0	 6.3580000E-1
 2.1886001E+0	 6.3590002E-1
 2.1942000E+0	 6.3679999E-1
 2.2105000E+0	 6.3859999E-1
 2.2291999E+0	 6.4039999E-1
 2.2388000E+0	 6.4150000E-1
 2.2535000E+0	 6.4389998E-1
 2.2695000E+0	 6.4520001E-1
 2.2793000E+0	 6.4709997E-1
 2.2979000E+0	 6.4920002E-1
 2.3074999E+0	 6.5009999E-1
 2.3111999E+0	 6.5069997E-1
 2.3153000E+0	 6.5140003E-1
 2.3187001E+0	 6.5170002E-1
 2.3201001E+0	 6.5189999E-1
 2.3206999E+0	 6.5200001E-1
 2.3218000E+0	 6.5219998E-1
 2.3250999E+0	 6.5249997E-1
 2.3378999E+0	 6.5350002E-1
 2.3422999E+0	 6.5420002E-1
 2.3504000E+0	 6.5539998E-1
 2.3571999E+0	 6.5619999E-1
 2.3714001E+0	 6.5740001E-1
 2.3773000E+0	 6.5820003E-1
 2.3845999E+0	 6.5930003E-1
 2.3957000E+0	 6.6060001E-1
 2.4026000E+0	 6.6119999E-1
 2.4038999E+0	 6.6159999E-1
 2.4099000E+0	 6.6229999E-1
 2.4122000E+0	 6.6250002E-1
 2.4270000E+0	 6.6380000E-1
 2.4296999E+0	 6.6450000E-1
 2.4356000E+0	 6.6520000E-1
 2.4377999E+0	 6.6540003E-1
 2.4440999E+0	 6.6589999E-1
 2.4461000E+0	 6.6619998E-1
 2.4700000E+0	 6.6890001E-1
 2.4888999E+0	 6.7100000E-1
 2.5034001E+0	 6.7220002E-1
 2.5064001E+0	 6.7280000E-1
 2.5230000E+0	 6.7479998E-1
 2.5346000E+0	 6.7600000E-1
 2.5594001E+0	 6.7820001E-1
 2.5645001E+0	 6.7909998E-1
 2.5799000E+0	 6.8089998E-1
 2.5883000E+0	 6.8169999E-1
 2.5955000E+0	 6.8229997E-1
 2.5974000E+0	 6.8260002E-1
 2.6089001E+0	 6.8390000E-1
 2.6327000E+0	 6.8629998E-1
 2.6510999E+0	 6.8790001E-1
 2.6545999E+0	 6.8860000E-1
 2.6751001E+0	 6.9080001E-1
 2.7007999E+0	 6.9330001E-1
 2.7154000E+0	 6.9450003E-1
 2.7183001E+0	 6.9510001E-1
 2.7351999E+0	 6.9690001E-1
 2.7486999E+0	 6.9819999E-1
 2.7546999E+0	 6.9870001E-1
 2.7556000E+0	 6.9889998E-1
 2.7635000E+0	 6.9980001E-1
 2.7746000E+0	 7.0080000E-1
 2.7825999E+0	 7.0150000E-1
 2.7846999E+0	 7.0179999E-1
 2.7927999E+0	 7.0270002E-1
 2.7962999E+0	 7.0300001E-1
 2.8046000E+0	 7.0359999E-1
 2.8097999E+0	 7.0389998E-1
 2.8250999E+0	 7.0580000E-1
 2.8308001E+0	 7.0639998E-1
 2.8336000E+0	 7.0660001E-1
 2.8345001E+0	 7.0670003E-1
 2.8399999E+0	 7.0730001E-1
 2.8478000E+0	 7.0800000E-1
 2.8541000E+0	 7.0850003E-1
 2.8557000E+0	 7.0870000E-1
 2.8669000E+0	 7.0990002E-1
 2.8826001E+0	 7.1130002E-1
 2.8906000E+0	 7.1200001E-1
 2.8933001E+0	 7.1219999E-1
 2.9020000E+0	 7.1329999E-1
 2.9092000E+0	 7.1390003E-1
 2.9119999E+0	 7.1420002E-1
 2.9131999E+0	 7.1429998E-1
 2.9166999E+0	 7.1469998E-1
 2.9252999E+0	 7.1550000E-1
 2.9331000E+0	 7.1609998E-1
 2.9342000E+0	 7.1630001E-1
 2.9372001E+0	 7.1660000E-1
 2.9380000E+0	 7.1670002E-1
 2.9382999E+0	 7.1679997E-1
 2.9384999E+0	 7.1679997E-1
 2.9394000E+0	 7.1689999E-1
 2.9409001E+0	 7.1700001E-1
 2.9412000E+0	 7.1700001E-1
 2.9414001E+0	 7.1700001E-1
 2.9414999E+0	 7.1710002E-1
 2.9412000E+0	 7.1700001E-1
 2.9409001E+0	 7.1700001E-1
 2.9405999E+0	 7.1700001E-1
 2.9403999E+0	 7.1700001E-1
 2.9402001E+0	 7.1700001E-1
 2.9401000E+0	 7.1700001E-1
 2.9402001E+0	 7.1700001E-1
 2.9403000E+0	 7.1700001E-1
 2.9402001E+0	 7.1700001E-1
 2.9401000E+0	 7.1700001E-1
 2.9401000E+0	 7.1700001E-1
 2.9400001E+0	 7.1700001E-1
 2.9398000E+0	 7.1700001E-1
 2.9398999E+0	 7.1700001E-1
 2.9395001E+0	 7.1700001E-1
 2.9394000E+0	 7.1689999E-1
 2.9398999E+0	 7.1700001E-1
 2.9401000E+0	 7.1700001E-1
 2.9401000E+0	 7.1700001E-1
 2.9403000E+0	 7.1700001E-1
 2.9402001E+0	 7.1700001E-1
 2.9403000E+0	 7.1700001E-1
 2.9403000E+0	 7.1700001E-1
 2.9407001E+0	 7.1700001E-1
 2.9405999E+0	 7.1700001E-1
 2.9405999E+0	 7.1700001E-1
 2.9407001E+0	 7.1700001E-1
 2.9405000E+0	 7.1700001E-1
 2.9401000E+0	 7.1700001E-1
 2.9398999E+0	 7.1700001E-1
 2.9398999E+0	 7.1700001E-1
 2.9401000E+0	 7.1700001E-1
 2.9400001E+0	 7.1700001E-1
 2.9400001E+0	 7.1700001E-1
 2.9398999E+0	 7.1700001E-1
 2.9398000E+0	 7.1700001E-1
 2.9394000E+0	 7.1689999E-1
 2.9389999E+0	 7.1689999E-1
 2.9386001E+0	 7.1689999E-1
 2.9384999E+0	 7.1689999E-1
 2.9382999E+0	 7.1689999E-1
 2.9381001E+0	 7.1689999E-1
 2.9382000E+0	 7.1689999E-1
 2.9388001E+0	 7.1689999E-1
 2.9393001E+0	 7.1689999E-1
 2.9396999E+0	 7.1700001E-1
 2.9401000E+0	 7.1700001E-1
 2.9403000E+0	 7.1700001E-1
 2.9405000E+0	 7.1700001E-1
 2.9405999E+0	 7.1700001E-1
 2.9409001E+0	 7.1700001E-1
 2.9410999E+0	 7.1700001E-1
 2.9412999E+0	 7.1700001E-1
 2.9414001E+0	 7.1710002E-1
 2.9417000E+0	 7.1710002E-1
 2.9417000E+0	 7.1710002E-1
 2.9405999E+0	 7.1700001E-1
 2.9400001E+0	 7.1700001E-1
 2.9384000E+0	 7.1689999E-1
 2.9312000E+0	 7.1640003E-1
 2.9154000E+0	 7.1550000E-1
 2.9119999E+0	 7.1539998E-1
 2.9072001E+0	 7.1490002E-1
 2.8979001E+0	 7.1429998E-1
 2.8796999E+0	 7.1319997E-1
 2.8752000E+0	 7.1310002E-1
 2.8643999E+0	 7.1210003E-1
 2.8522000E+0	 7.1130002E-1
 2.8309000E+0	 7.0999998E-1
 2.8257999E+0	 7.0990002E-1
 2.8175001E+0	 7.0899999E-1
 2.8039000E+0	 7.0810002E-1
 2.7871001E+0	 7.0700002E-1
 2.7815001E+0	 7.0649999E-1
 2.7704999E+0	 7.0580000E-1
 2.7509999E+0	 7.0450002E-1
 2.7395999E+0	 7.0370001E-1
 2.7348001E+0	 7.0359999E-1
 2.7337000E+0	 7.0319998E-1
 2.7291000E+0	 7.0289999E-1
 2.7246001E+0	 7.0260000E-1
 2.7189000E+0	 7.0260000E-1
 2.7125001E+0	 7.0169997E-1
 2.6917000E+0	 7.0020002E-1
 2.6805000E+0	 6.9950002E-1
 2.6756999E+0	 6.9910002E-1
 2.6696000E+0	 6.9859999E-1
 2.6549001E+0	 6.9760001E-1
 2.6378000E+0	 6.9639999E-1
 2.6319001E+0	 6.9620001E-1
 2.6210999E+0	 6.9510001E-1
 2.6094000E+0	 6.9419998E-1
 2.6046000E+0	 6.9389999E-1
 2.6027999E+0	 6.9370002E-1
 2.5999000E+0	 6.9340003E-1
 2.5924001E+0	 6.9290000E-1
 2.5743001E+0	 6.9160002E-1
 2.5674000E+0	 6.9110000E-1
 2.5592999E+0	 6.9040000E-1
 2.5485001E+0	 6.8959999E-1
 2.5381999E+0	 6.8879998E-1
 2.5283000E+0	 6.8820000E-1
 2.5188000E+0	 6.8720001E-1
 2.4912000E+0	 6.8510002E-1
 2.4635000E+0	 6.8300003E-1
 2.4554000E+0	 6.8229997E-1
 2.4466000E+0	 6.8150002E-1
 2.4351001E+0	 6.8059999E-1
 2.4228001E+0	 6.7960000E-1
 2.4152999E+0	 6.7900002E-1
 2.4047999E+0	 6.7809999E-1
 2.3896999E+0	 6.7680001E-1
 2.3685000E+0	 6.7530000E-1
 2.3587000E+0	 6.7430001E-1
 2.3446000E+0	 6.7299998E-1
 2.3237000E+0	 6.7129999E-1
 2.3106000E+0	 6.7030001E-1
 2.3025000E+0	 6.6949999E-1
 2.2906001E+0	 6.6839999E-1
 2.2695999E+0	 6.6659999E-1
 2.2546000E+0	 6.6540003E-1
 2.2481000E+0	 6.6479999E-1
 2.2388999E+0	 6.6390002E-1
 2.2239001E+0	 6.6250002E-1
 2.2124000E+0	 6.6159999E-1
 2.1975999E+0	 6.6030002E-1
 2.1909001E+0	 6.5960002E-1
 2.1738000E+0	 6.5799999E-1
 2.1508999E+0	 6.5609998E-1
 2.1419001E+0	 6.5509999E-1
 2.1287999E+0	 6.5380001E-1
 2.1071999E+0	 6.5179998E-1
 2.0853000E+0	 6.4990002E-1
 2.0669999E+0	 6.4800000E-1
 2.0572000E+0	 6.4700001E-1
 2.0439999E+0	 6.4569998E-1
 2.0350001E+0	 6.4490002E-1
 2.0269001E+0	 6.4459997E-1
 2.0234001E+0	 6.4370000E-1
 2.0146000E+0	 6.4279997E-1
 2.0039999E+0	 6.4190000E-1
 1.9941000E+0	 6.4090002E-1
 1.9900000E+0	 6.4039999E-1
 1.9748000E+0	 6.3880002E-1
 1.9677000E+0	 6.3819999E-1
 1.9566000E+0	 6.3709998E-1
 1.9515001E+0	 6.3650000E-1
 1.9299999E+0	 6.3429999E-1
 1.9220999E+0	 6.3349998E-1
 1.9184999E+0	 6.3309997E-1
 1.9171000E+0	 6.3290000E-1
 1.9115000E+0	 6.3230002E-1
 1.9062001E+0	 6.3190001E-1
 1.9043000E+0	 6.3160002E-1
 1.9022000E+0	 6.3129997E-1
 1.8947001E+0	 6.3059998E-1
 1.8927000E+0	 6.3040000E-1
 1.8906000E+0	 6.3020003E-1
 1.8899000E+0	 6.3010001E-1
 1.8749000E+0	 6.2849998E-1
 1.8448000E+0	 6.2559998E-1
 1.8357000E+0	 6.2449998E-1
 1.8329000E+0	 6.2400001E-1
 1.8246000E+0	 6.2309998E-1
 1.8115000E+0	 6.2190002E-1
 1.8006001E+0	 6.2080002E-1
 1.7867000E+0	 6.1890000E-1
 1.7733001E+0	 6.1750001E-1
 1.7628000E+0	 6.1640000E-1
 1.7500000E+0	 6.1510003E-1
 1.7441000E+0	 6.1420000E-1
 1.7275000E+0	 6.1229998E-1
 1.7150000E+0	 6.1100000E-1
 1.7083000E+0	 6.1019999E-1
 1.7056000E+0	 6.0979998E-1
 1.6978000E+0	 6.0879999E-1
 1.6840000E+0	 6.0750002E-1
 1.6691999E+0	 6.0579997E-1
 1.6631000E+0	 6.0479999E-1
 1.6447001E+0	 6.0259998E-1
 1.6253000E+0	 6.0060000E-1
 1.6169000E+0	 5.9950000E-1
 1.6141000E+0	 5.9890002E-1
 1.6041000E+0	 5.9770000E-1
 1.5894001E+0	 5.9609997E-1
 1.5733000E+0	 5.9450001E-1
 1.5688000E+0	 5.9329998E-1
 1.5508000E+0	 5.9109998E-1
 1.5331000E+0	 5.8920002E-1
 1.5251000E+0	 5.8800000E-1
 1.5222000E+0	 5.8749998E-1
 1.5144000E+0	 5.8649999E-1
 1.5013000E+0	 5.8499998E-1
 1.4912000E+0	 5.8370000E-1
 1.4871000E+0	 5.8289999E-1
 1.4742000E+0	 5.8130002E-1
 1.4622999E+0	 5.7990003E-1
 1.4533000E+0	 5.7880002E-1
 1.4502000E+0	 5.7810003E-1
 1.4342999E+0	 5.7599998E-1
 1.4171000E+0	 5.7389998E-1
 1.4045000E+0	 5.7230002E-1
 1.3996000E+0	 5.7130003E-1
 1.3789999E+0	 5.6849998E-1
 1.3624001E+0	 5.6639999E-1
 1.3473001E+0	 5.6440002E-1
 1.3400000E+0	 5.6290001E-1
 1.3274000E+0	 5.6120002E-1
 1.3158000E+0	 5.5970001E-1
 1.3051000E+0	 5.5820000E-1
 1.3004000E+0	 5.5720001E-1
 1.2812001E+0	 5.5449998E-1
 1.2668999E+0	 5.5260003E-1
 1.2541000E+0	 5.5080003E-1
 1.2486000E+0	 5.4960001E-1
 1.2252001E+0	 5.4610002E-1
 1.2076000E+0	 5.4390001E-1
 1.1860000E+0	 5.4089999E-1
 1.1761000E+0	 5.3839999E-1
 1.1420000E+0	 5.3310001E-1
 1.1223000E+0	 5.3020000E-1
 1.1046000E+0	 5.2780002E-1
 1.1009001E+0	 5.2620000E-1
 1.0803000E+0	 5.2289999E-1
 1.0653000E+0	 5.2069998E-1
 1.0538000E+0	 5.1880002E-1
 1.0490000E+0	 5.1740003E-1
 1.0339000E+0	 5.1490003E-1
 1.0181000E+0	 5.1249999E-1
 1.0008000E+0	 5.0989997E-1
 9.9299997E-1	 5.0760001E-1
 9.7310001E-1	 5.0410002E-1
 9.5599997E-1	 5.0129998E-1
 9.2960000E-1	 4.9720001E-1
 9.1579998E-1	 4.9340001E-1
 8.8069999E-1	 4.8670000E-1
 8.6180001E-1	 4.8330000E-1
 8.4969997E-1	 4.8089999E-1
 8.4429997E-1	 4.7920001E-1
 8.3279997E-1	 4.7690001E-1
 8.1930000E-1	 4.7440001E-1
 8.0390000E-1	 4.7180000E-1
 7.9610002E-1	 4.6930000E-1
 7.8020000E-1	 4.6599999E-1
 7.6410002E-1	 4.6300000E-1
 7.5019997E-1	 4.6000001E-1
 7.4239999E-1	 4.5760000E-1
 7.2869998E-1	 4.5460001E-1
 7.1789998E-1	 4.5240000E-1
 7.0980000E-1	 4.5070001E-1
 7.0609999E-1	 4.4940001E-1
 7.0389998E-1	 4.4870001E-1
 6.9790000E-1	 4.4760001E-1
 6.8379998E-1	 4.4510001E-1
 6.7510003E-1	 4.4220001E-1
 6.5469998E-1	 4.3750000E-1
 6.3880002E-1	 4.3390000E-1
 6.1900002E-1	 4.3050000E-1
 6.0920000E-1	 4.2690000E-1
 5.9490001E-1	 4.2250001E-1
 5.8429998E-1	 4.1980001E-1
 5.7510000E-1	 4.1769999E-1
 5.6770003E-1	 4.1580001E-1
 5.5809999E-1	 4.1260001E-1
 5.5350000E-1	 4.1119999E-1
 5.4659998E-1	 4.0979999E-1
 5.4240000E-1	 4.0820000E-1
 5.2670002E-1	 4.0430000E-1
 5.1220000E-1	 4.0030000E-1
 4.9439999E-1	 3.9620000E-1
 4.8410001E-1	 3.9179999E-1
 4.6820000E-1	 3.8710001E-1
 4.5300001E-1	 3.8290000E-1
 4.4159999E-1	 3.7930000E-1
 4.3489999E-1	 3.7689999E-1
 4.2140001E-1	 3.7250000E-1
 4.0419999E-1	 3.6739999E-1
 3.9480001E-1	 3.6410001E-1
 3.8999999E-1	 3.6190000E-1
 3.7459999E-1	 3.5699999E-1
 3.5280001E-1	 3.5010001E-1
 3.3730000E-1	 3.4470001E-1
 3.2949999E-1	 3.4090000E-1
 3.1770000E-1	 3.3629999E-1
 3.0820000E-1	 3.3289999E-1
 3.0080000E-1	 3.3010000E-1
 2.9620001E-1	 3.2789999E-1
 2.8540000E-1	 3.2420000E-1
 2.7530000E-1	 3.1990001E-1
 2.5318000E-1	 3.1510001E-1
 2.3880000E-1	 3.0640000E-1
 2.3293000E-1	 3.0199999E-1
 2.2381000E-1	 2.9789999E-1
 2.1140000E-1	 2.9359999E-1
 2.0486000E-1	 2.8940001E-1
 1.8786000E-1	 2.8169999E-1
 1.7395000E-1	 2.7489999E-1
 1.5721001E-1	 2.6640999E-1
 1.4465000E-1	 2.5933000E-1
 1.3158000E-1	 2.5257000E-1
 1.1681000E-1	 2.4579000E-1
 1.0859000E-1	 2.3905000E-1
 9.6610002E-2	 2.3171000E-1
 8.5270002E-2	 2.2458000E-1
 7.2700001E-2	 2.1777000E-1
 6.4790003E-2	 2.1138000E-1
 4.9240001E-2	 2.0105000E-1
 3.2919999E-2	 1.8967000E-1
 1.6790001E-2	 1.7906000E-1
 8.6899996E-3	 1.6979000E-1
 4.0799999E-3	 1.6539000E-1
 2.3600000E-3	 1.6321000E-1
 1.2800000E-3	 1.6202000E-1
 8.5999997E-4	 1.6140001E-1
 5.6999997E-4	 1.6103999E-1
 4.6000001E-4	 1.6084000E-1
 3.6999999E-4	 1.6069999E-1
 3.3000001E-4	 1.6060001E-1
 2.9000000E-4	 1.6054000E-1
 2.8000001E-4	 1.6047999E-1
 2.6999999E-4	 1.6045000E-1
 2.6000000E-4	 1.6041000E-1
 2.5000001E-4	 1.6038001E-1
 2.5000001E-4	 1.6035999E-1
 2.3999999E-4	 1.6033000E-1
 2.6000000E-4	 1.6032000E-1
 2.5000001E-4	 1.6030000E-1
 2.3999999E-4	 1.6028000E-1
 2.3999999E-4	 1.6027001E-1
 2.5000001E-4	 1.6024999E-1
 2.6999999E-4	 1.6024999E-1
 2.5000001E-4	 1.6023000E-1
 2.5000001E-4	 1.6022000E-1
 2.3000001E-4	 1.6022000E-1
 2.1000000E-4	 1.6021000E-1
 2.2000000E-4	 1.6020000E-1
 2.2000000E-4	 1.6019000E-1
 2.2000000E-4	 1.6018000E-1
 1.9000001E-4	 1.6016001E-1
 1.9999999E-4	 1.6015001E-1
 1.9999999E-4	 1.6013999E-1
 1.9000001E-4	 1.6013999E-1
 1.9999999E-4	 1.6013999E-1
 2.2000000E-4	 1.6013999E-1
 2.1000000E-4	 1.6012999E-1
 2.3000001E-4	 1.6012999E-1
 2.1000000E-4	 1.6012000E-1
 1.9000001E-4	 1.6012000E-1
 1.9000001E-4	 1.6012000E-1
 1.9000001E-4	 1.6011000E-1
 1.9000001E-4	 1.6011000E-1
 1.9999999E-4	 1.6010000E-1
 1.9000001E-4	 1.6009000E-1
 2.1000000E-4	 1.6009000E-1
 2.1000000E-4	 1.6009000E-1
 2.3000001E-4	 1.6009000E-1
 2.1000000E-4	 1.6008000E-1
 2.1000000E-4	 1.6007000E-1
 1.9999999E-4	 1.6007000E-1
 -7.9999998E-5	 1.6003001E-1
 -1.8000000E-4	 1.5997000E-1
 -1.9999999E-4	 1.5996000E-1
 -1.7000000E-4	 1.5993001E-1
 -1.9999999E-4	 1.5992001E-1
 -1.9000001E-4	 1.5990999E-1
 -1.8000000E-4	 1.5990999E-1
 -1.6000000E-4	 1.5989999E-1
 -1.7000000E-4	 1.5989000E-1
 -1.6000000E-4	 1.5988000E-1
 -1.7000000E-4	 1.5987000E-1
 -1.7000000E-4	 1.5986000E-1
 -1.8000000E-4	 1.5985000E-1
