12/12/200519:18I (A)          B (T)      2.2000000E-4	 -3.1709999E-2
 2.1000000E-4	 -3.1720001E-2
 2.1000000E-4	 -3.1709999E-2
 2.1000000E-4	 -3.1709999E-2
 2.1000000E-4	 -3.1709999E-2
 1.8000000E-4	 -3.1709999E-2
 1.9000001E-4	 -3.1709999E-2
 1.9999999E-4	 -3.1720001E-2
 1.9999999E-4	 -3.1709999E-2
 1.9999999E-4	 -3.1709999E-2
 1.9000001E-4	 -3.1720001E-2
 1.8000000E-4	 -3.1730000E-2
 2.1000000E-4	 -3.1700000E-2
 2.1000000E-4	 -3.1700000E-2
 2.2000000E-4	 -3.1709999E-2
 2.2000000E-4	 -3.1700000E-2
 1.9999999E-4	 -3.1700000E-2
 2.1000000E-4	 -3.1700000E-2
 1.9999999E-4	 -3.1709999E-2
 1.8000000E-4	 -3.1720001E-2
 1.9000001E-4	 -3.1709999E-2
 1.8000000E-4	 -3.1720001E-2
 1.9999999E-4	 -3.1709999E-2
 1.8000000E-4	 -3.1709999E-2
 1.8000000E-4	 -3.1709999E-2
 1.9000001E-4	 -3.1700000E-2
 1.9000001E-4	 -3.1700000E-2
 2.6000000E-4	 -3.1709999E-2
 3.3600000E-3	 -2.8449999E-2
 8.8099996E-3	 -1.8618001E-2
 2.4310000E-2	 -4.7280001E-3
 3.3259999E-2	 7.0580002E-3
 5.8770001E-2	 4.9389999E-2
 8.5500002E-2	 6.8300001E-2
 9.7620003E-2	 8.3370000E-2
 1.0893000E-1	 9.8520003E-2
 1.2721001E-1	 1.1902000E-1
 1.4646000E-1	 1.4328000E-1
 1.6605000E-1	 1.6356000E-1
 1.8189000E-1	 1.8570000E-1
 1.9261999E-1	 1.9790000E-1
 1.9859000E-1	 2.0595001E-1
 2.0217000E-1	 2.0998999E-1
 2.0476000E-1	 2.1311000E-1
 2.1540999E-1	 2.2457001E-1
 2.3137000E-1	 2.4399000E-1
 2.5014001E-1	 2.6298001E-1
 2.6756001E-1	 2.8586999E-1
 2.8546000E-1	 3.1819999E-1
 3.4680000E-1	 3.4470001E-1
 3.6790001E-1	 3.9829999E-1
 3.9559999E-1	 4.3200001E-1
 4.1839999E-1	 4.5850000E-1
 4.4520000E-1	 4.8410001E-1
 4.7400001E-1	 5.2050000E-1
 5.0059998E-1	 5.4939997E-1
 5.2490002E-1	 5.7920003E-1
 5.4820001E-1	 6.0020000E-1
 5.6800002E-1	 6.2470001E-1
 6.0189998E-1	 6.5930003E-1
 6.3910002E-1	 7.0020002E-1
 6.7619997E-1	 7.3540002E-1
 7.1039999E-1	 7.7440000E-1
 7.4550003E-1	 8.0900002E-1
 7.7359998E-1	 8.3950001E-1
 7.9409999E-1	 8.5869998E-1
 8.0739999E-1	 8.7330002E-1
 8.3600003E-1	 8.9859998E-1
 8.7169999E-1	 9.3320000E-1
 9.0530002E-1	 9.6069998E-1
 9.3320000E-1	 9.8780000E-1
 9.7439998E-1	 1.0213000E+0
 1.0318000E+0	 1.0658000E+0
 1.0743999E+0	 1.0951000E+0
 1.1005000E+0	 1.1153001E+0
 1.1375999E+0	 1.1371000E+0
 1.1695000E+0	 1.1558000E+0
 1.1987000E+0	 1.1684999E+0
 1.2175000E+0	 1.1797000E+0
 1.2363000E+0	 1.1883000E+0
 1.2598000E+0	 1.1985000E+0
 1.2925000E+0	 1.2097000E+0
 1.3155000E+0	 1.2193000E+0
 1.3528000E+0	 1.2330000E+0
 1.3580000E+0	 1.2352999E+0
 1.3588001E+0	 1.2356000E+0
 1.3591000E+0	 1.2357000E+0
 1.3604000E+0	 1.2362000E+0
 1.3909000E+0	 1.2454000E+0
 1.4200000E+0	 1.2532001E+0
 1.4362000E+0	 1.2579000E+0
 1.4798000E+0	 1.2710000E+0
 1.4942000E+0	 1.2749000E+0
 1.5336000E+0	 1.2829000E+0
 1.5496000E+0	 1.2873000E+0
 1.5915999E+0	 1.2986000E+0
 1.6241000E+0	 1.3058000E+0
 1.6509000E+0	 1.3109000E+0
 1.6617000E+0	 1.3130000E+0
 1.6772000E+0	 1.3173000E+0
 1.6990000E+0	 1.3218000E+0
 1.7422000E+0	 1.3293999E+0
 1.7560000E+0	 1.3321000E+0
 1.7895000E+0	 1.3395000E+0
 1.8013999E+0	 1.3417000E+0
 1.8530000E+0	 1.3498000E+0
 1.8659000E+0	 1.3527000E+0
 1.8927000E+0	 1.3581001E+0
 1.8983001E+0	 1.3591000E+0
 1.9067000E+0	 1.3604000E+0
 1.9102000E+0	 1.3608000E+0
 1.9191999E+0	 1.3627000E+0
 1.9528000E+0	 1.3681999E+0
 1.9986000E+0	 1.3747000E+0
 2.0072000E+0	 1.3766000E+0
 2.0246000E+0	 1.3798000E+0
 2.0739999E+0	 1.3873000E+0
 2.1001999E+0	 1.3908000E+0
 2.1110001E+0	 1.3917000E+0
 2.1468999E+0	 1.3981000E+0
 2.1723001E+0	 1.4017000E+0
 2.2251000E+0	 1.4083000E+0
 2.2383001E+0	 1.4097000E+0
 2.2635000E+0	 1.4141999E+0
 2.2986000E+0	 1.4189000E+0
 2.3185000E+0	 1.4212000E+0
 2.3292000E+0	 1.4218000E+0
 2.3692000E+0	 1.4279000E+0
 2.4145000E+0	 1.4335999E+0
 2.4617000E+0	 1.4389000E+0
 2.4728999E+0	 1.4398000E+0
 2.5025001E+0	 1.4442000E+0
 2.5234001E+0	 1.4466000E+0
 2.5488999E+0	 1.4495000E+0
 2.5585999E+0	 1.4498000E+0
 2.5836999E+0	 1.4535000E+0
 2.6018000E+0	 1.4556000E+0
 2.6287999E+0	 1.4584000E+0
 2.6343000E+0	 1.4586999E+0
 2.6486001E+0	 1.4608001E+0
 2.6575000E+0	 1.4618000E+0
 2.6600001E+0	 1.4620000E+0
 2.6657000E+0	 1.4621000E+0
 2.6664000E+0	 1.4627000E+0
 2.7017000E+0	 1.4665000E+0
 2.7272000E+0	 1.4691000E+0
 2.7385001E+0	 1.4694999E+0
 2.7636001E+0	 1.4730999E+0
 2.7953999E+0	 1.4764000E+0
 2.8039000E+0	 1.4772000E+0
 2.8178000E+0	 1.4775000E+0
 2.8434999E+0	 1.4813000E+0
 2.8659999E+0	 1.4835000E+0
 2.9059999E+0	 1.4872000E+0
 2.9124999E+0	 1.4876000E+0
 2.9231999E+0	 1.4892000E+0
 2.9252000E+0	 1.4894000E+0
 2.9265001E+0	 1.4895000E+0
 2.9277000E+0	 1.4895000E+0
 2.9287000E+0	 1.4897000E+0
 2.9288001E+0	 1.4897000E+0
 2.9289000E+0	 1.4898000E+0
 2.9289999E+0	 1.4898000E+0
 2.9289999E+0	 1.4898000E+0
 2.9291000E+0	 1.4898000E+0
 2.9291000E+0	 1.4898000E+0
 2.9266000E+0	 1.4898000E+0
 2.9224999E+0	 1.4893000E+0
 2.8626001E+0	 1.4842000E+0
 2.7966001E+0	 1.4785000E+0
 2.7760000E+0	 1.4780999E+0
 2.7507999E+0	 1.4741000E+0
 2.7223001E+0	 1.4715000E+0
 2.7118001E+0	 1.4705000E+0
 2.7021000E+0	 1.4703000E+0
 2.6860001E+0	 1.4680001E+0
 2.6547000E+0	 1.4650000E+0
 2.6080000E+0	 1.4606000E+0
 2.5954001E+0	 1.4602000E+0
 2.5797000E+0	 1.4576000E+0
 2.5603001E+0	 1.4556000E+0
 2.5260000E+0	 1.4523000E+0
 2.5230999E+0	 1.4520000E+0
 2.5209000E+0	 1.4516000E+0
 2.4913001E+0	 1.4485000E+0
 2.4698999E+0	 1.4463000E+0
 2.4603000E+0	 1.4459000E+0
 2.4431000E+0	 1.4433000E+0
 2.4131000E+0	 1.4400001E+0
 2.3961000E+0	 1.4382000E+0
 2.3861001E+0	 1.4380000E+0
 2.3712001E+0	 1.4353000E+0
 2.3471000E+0	 1.4326000E+0
 2.3209000E+0	 1.4297000E+0
 2.3109000E+0	 1.4292001E+0
 2.3010001E+0	 1.4272000E+0
 2.2701001E+0	 1.4234999E+0
 2.2407000E+0	 1.4202000E+0
 2.2309000E+0	 1.4197000E+0
 2.2168000E+0	 1.4170001E+0
 2.1930001E+0	 1.4141001E+0
 2.1803999E+0	 1.4125000E+0
 2.1731000E+0	 1.4122000E+0
 2.1645000E+0	 1.4104000E+0
 2.1623001E+0	 1.4101000E+0
 2.1515000E+0	 1.4088000E+0
 2.1436999E+0	 1.4085000E+0
 2.1327000E+0	 1.4062999E+0
 2.1147001E+0	 1.4039000E+0
 2.0811000E+0	 1.3997000E+0
 2.0732999E+0	 1.3990999E+0
 2.0638001E+0	 1.3970000E+0
 2.0504999E+0	 1.3952000E+0
 2.0215001E+0	 1.3915000E+0
 2.0109000E+0	 1.3906000E+0
 1.9946001E+0	 1.3873000E+0
 1.9791000E+0	 1.3851000E+0
 1.9746000E+0	 1.3845000E+0
 1.9720000E+0	 1.3844000E+0
 1.9686000E+0	 1.3836000E+0
 1.9298000E+0	 1.3779000E+0
 1.9213001E+0	 1.3766000E+0
 1.9049000E+0	 1.3762000E+0
 1.8819000E+0	 1.3705000E+0
 1.8595001E+0	 1.3669000E+0
 1.8530000E+0	 1.3660001E+0
 1.8378000E+0	 1.3653001E+0
 1.8128000E+0	 1.3594000E+0
 1.7677000E+0	 1.3519000E+0
 1.7574000E+0	 1.3501000E+0
 1.7517000E+0	 1.3498000E+0
 1.7419000E+0	 1.3474000E+0
 1.7383000E+0	 1.3467000E+0
 1.7259001E+0	 1.3448000E+0
 1.7187001E+0	 1.3441000E+0
 1.7054000E+0	 1.3408999E+0
 1.6828001E+0	 1.3368000E+0
 1.6574000E+0	 1.3325000E+0
 1.6490000E+0	 1.3315001E+0
 1.6355000E+0	 1.3279001E+0
 1.6145000E+0	 1.3240000E+0
 1.5761000E+0	 1.3169000E+0
 1.5545000E+0	 1.3146000E+0
 1.5278000E+0	 1.3063000E+0
 1.5118001E+0	 1.3029000E+0
 1.4987000E+0	 1.3002000E+0
 1.4911000E+0	 1.2992001E+0
 1.4791000E+0	 1.2956001E+0
 1.4649000E+0	 1.2925000E+0
 1.4449000E+0	 1.2882000E+0
 1.4360000E+0	 1.2867000E+0
 1.4263000E+0	 1.2833000E+0
 1.4026999E+0	 1.2778000E+0
 1.3695000E+0	 1.2703000E+0
 1.3535000E+0	 1.2670000E+0
 1.3393000E+0	 1.2611001E+0
 1.3386000E+0	 1.2608000E+0
 1.3285000E+0	 1.2602000E+0
 1.3071001E+0	 1.2530000E+0
 1.2804000E+0	 1.2443000E+0
 1.2370000E+0	 1.2333000E+0
 1.2255000E+0	 1.2273000E+0
 1.2093000E+0	 1.2209001E+0
 1.1921999E+0	 1.2141000E+0
 1.1636000E+0	 1.2051001E+0
 1.1528000E+0	 1.1993999E+0
 1.1390001E+0	 1.1917000E+0
 1.1248000E+0	 1.1854000E+0
 1.1097000E+0	 1.1784000E+0
 1.0984000E+0	 1.1734000E+0
 1.0799000E+0	 1.1632000E+0
 1.0638000E+0	 1.1529000E+0
 1.0410000E+0	 1.1415000E+0
 1.0290000E+0	 1.1327000E+0
 1.0110000E+0	 1.1180000E+0
 9.9370003E-1	 1.1056000E+0
 9.7399998E-1	 1.0914000E+0
 9.5620000E-1	 1.0786000E+0
 9.3199998E-1	 1.0585001E+0
 9.2040002E-1	 1.0461000E+0
 9.0869999E-1	 1.0361000E+0
 8.9850003E-1	 1.0282000E+0
 8.8010001E-1	 1.0124000E+0
 8.6989999E-1	 1.0013000E+0
 8.5799998E-1	 9.9040002E-1
 8.4859997E-1	 9.8140001E-1
 8.4160000E-1	 9.7420001E-1
 8.3289999E-1	 9.6649998E-1
 8.2370001E-1	 9.5910001E-1
 8.1879997E-1	 9.5330000E-1
 8.1000000E-1	 9.4550002E-1
 7.9890001E-1	 9.3409997E-1
 7.8079998E-1	 9.2009997E-1
 7.6870000E-1	 9.0619999E-1
 7.5430000E-1	 8.9139998E-1
 7.4550003E-1	 8.8110000E-1
 7.3280001E-1	 8.7029999E-1
 7.2469997E-1	 8.6080003E-1
 7.1539998E-1	 8.5130000E-1
 7.0630002E-1	 8.4100002E-1
 6.9529998E-1	 8.3130002E-1
 6.8800002E-1	 8.2309997E-1
 6.7439997E-1	 8.0960000E-1
 6.6259998E-1	 7.9589999E-1
 6.4450002E-1	 7.8049999E-1
 6.3389999E-1	 7.6580000E-1
 6.2309998E-1	 7.5489998E-1
 6.1210001E-1	 7.4280000E-1
 6.0229999E-1	 7.3259997E-1
 5.9600002E-1	 7.2460002E-1
 5.8759999E-1	 7.1600002E-1
 5.7870001E-1	 7.0550001E-1
 5.6900001E-1	 6.9620001E-1
 5.6360000E-1	 6.8900001E-1
 5.5779999E-1	 6.8279999E-1
 5.5220002E-1	 6.7619997E-1
 5.4549998E-1	 6.6990000E-1
 5.4000002E-1	 6.6380000E-1
 5.3210002E-1	 6.5539998E-1
 5.2249998E-1	 6.4389998E-1
 5.0529999E-1	 6.2889999E-1
 4.9390000E-1	 6.1369997E-1
 4.7950000E-1	 5.9770000E-1
 4.6900001E-1	 5.8450001E-1
 4.4819999E-1	 5.6639999E-1
 4.3309999E-1	 5.4699999E-1
 4.1100001E-1	 5.2200001E-1
 3.9620000E-1	 5.0290000E-1
 3.7410000E-1	 4.8220000E-1
 3.5810000E-1	 4.6030000E-1
 3.3690000E-1	 4.3709999E-1
 3.2249999E-1	 4.1760001E-1
 3.0289999E-1	 3.9890000E-1
 2.9060000E-1	 3.8190001E-1
 2.7430001E-1	 3.6340001E-1
 2.5974000E-1	 3.5049999E-1
 2.5038001E-1	 3.3430001E-1
 2.4076000E-1	 3.2300001E-1
 2.3091000E-1	 3.1180000E-1
 2.2318999E-1	 3.0100000E-1
 2.1294001E-1	 2.9080001E-1
 2.0382001E-1	 2.7970001E-1
 1.8962000E-1	 2.5632000E-1
 1.7850000E-1	 2.4894001E-1
 1.6726001E-1	 2.3555000E-1
 1.5607999E-1	 2.2398999E-1
 1.4000000E-1	 2.0389000E-1
 1.2346000E-1	 1.8487000E-1
 1.0652000E-1	 1.6656999E-1
 9.4209999E-2	 1.5068001E-1
 7.7090003E-2	 1.3123000E-1
 5.9020001E-2	 1.0740000E-1
 3.7160002E-2	 8.5179999E-2
 2.4510000E-2	 6.5580003E-2
 1.2660000E-2	 5.0230000E-2
 7.3600002E-3	 4.3650001E-2
 3.8000001E-3	 3.9209999E-2
 2.2799999E-3	 3.6809999E-2
 1.2300001E-3	 3.5530001E-2
 7.9999998E-4	 3.4809999E-2
 5.0000002E-4	 3.4380000E-2
 3.8000001E-4	 3.4219999E-2
 2.8000001E-4	 3.4090001E-2
 2.5000001E-4	 3.4030002E-2
 2.2000000E-4	 3.3989999E-2
 1.9999999E-4	 3.3969998E-2
 1.9000001E-4	 3.3950001E-2
 1.9999999E-4	 3.3939999E-2
 1.9000001E-4	 3.3930000E-2
 1.8000000E-4	 3.3920001E-2
 4.9999999E-5	 3.3849999E-2
 -5.9999998E-5	 3.3670001E-2
 -1.4000000E-4	 3.3560000E-2
 -1.6000000E-4	 3.3519998E-2
 -1.6000000E-4	 3.3500001E-2
 -1.7000000E-4	 3.3480000E-2
 -1.8000000E-4	 3.3470001E-2
 -1.8000000E-4	 3.3459999E-2
 -1.8000000E-4	 3.3440001E-2
 -1.7000000E-4	 3.3440001E-2
 1.1000000E-4	 3.3569999E-2
 1.6000000E-4	 3.3610001E-2
 1.7000000E-4	 3.3620000E-2
 1.8000000E-4	 3.3620000E-2
 1.8000000E-4	 3.3629999E-2
 1.7000000E-4	 3.3629999E-2
 1.8000000E-4	 3.3629999E-2
 1.8000000E-4	 3.3640001E-2
 1.8000000E-4	 3.3640001E-2
 1.9000001E-4	 3.3640001E-2
 1.9000001E-4	 3.3629999E-2
 1.7000000E-4	 3.3620000E-2
 1.7000000E-4	 3.3620000E-2
 9.0000001E-5	 3.3610001E-2
 -1.9999999E-4	 3.3429999E-2
 -2.2000000E-4	 3.3390000E-2
 -2.3999999E-4	 3.3369999E-2
 -2.3999999E-4	 3.3369999E-2
 -2.3999999E-4	 3.3349998E-2
 -2.3999999E-4	 3.3349998E-2
 -2.3999999E-4	 3.3340000E-2
 -2.3000001E-4	 3.3349998E-2
 -2.3000001E-4	 3.3349998E-2
 -2.5000001E-4	 3.3340000E-2
 -2.5000001E-4	 3.3330001E-2
 -2.3000001E-4	 3.3340000E-2
 -2.2000000E-4	 3.3340000E-2
 -2.2000000E-4	 3.3340000E-2
 -2.3000001E-4	 3.3340000E-2
 -2.2000000E-4	 3.3340000E-2
 -2.2000000E-4	 3.3340000E-2
 -2.3000001E-4	 3.3340000E-2
 -4.4300002E-3	 2.9090000E-2
 -1.5380000E-2	 4.8940000E-3
 -4.1490000E-2	 -9.2660002E-3
 -5.7539999E-2	 -4.8730001E-2
 -9.0530001E-2	 -7.0780002E-2
 -1.0581000E-1	 -9.1329999E-2
 -1.2172000E-1	 -1.1086000E-1
 -1.3481000E-1	 -1.2703000E-1
 -1.5343000E-1	 -1.4584000E-1
 -1.6339000E-1	 -1.5951000E-1
 -1.7321000E-1	 -1.7286000E-1
 -1.8254000E-1	 -1.8352000E-1
 -1.9528000E-1	 -1.9678999E-1
 -2.0373000E-1	 -2.0694000E-1
 -2.1752000E-1	 -2.1804000E-1
 -2.2848000E-1	 -2.3691000E-1
 -2.3999000E-1	 -2.5103000E-1
 -2.4744000E-1	 -2.5977999E-1
 -2.5477999E-1	 -2.6806000E-1
 -2.6850000E-1	 -2.8376999E-1
 -2.8698999E-1	 -3.1470001E-1
 -3.1729999E-1	 -3.3010000E-1
 -3.3510000E-1	 -3.5900000E-1
 -3.6370000E-1	 -3.8909999E-1
 -3.7950000E-1	 -4.0950000E-1
 -3.9899999E-1	 -4.3090001E-1
 -4.1380000E-1	 -4.5019999E-1
 -4.4769999E-1	 -4.8469999E-1
 -4.6759999E-1	 -5.0849998E-1
 -4.8969999E-1	 -5.3230000E-1
 -4.9599999E-1	 -5.4290003E-1
 -5.0370002E-1	 -5.5150002E-1
 -5.1410002E-1	 -5.6080002E-1
 -5.3590000E-1	 -5.7760000E-1
 -5.5030000E-1	 -6.0039997E-1
 -5.6269997E-1	 -6.1530000E-1
 -5.7069999E-1	 -6.2360001E-1
 -5.7880002E-1	 -6.3220000E-1
 -5.8980000E-1	 -6.4429998E-1
 -6.0240000E-1	 -6.5789998E-1
 -6.1250001E-1	 -6.6780001E-1
 -6.2430000E-1	 -6.8080002E-1
 -6.3209999E-1	 -6.8959999E-1
 -6.4240003E-1	 -7.0039999E-1
 -6.5090001E-1	 -7.0819998E-1
 -6.6039997E-1	 -7.1869999E-1
 -6.7100000E-1	 -7.2979999E-1
 -6.8709999E-1	 -7.4629998E-1
 -6.9700003E-1	 -7.5650001E-1
 -7.0480001E-1	 -7.6510000E-1
 -7.0999998E-1	 -7.7060002E-1
 -7.2170001E-1	 -7.8210002E-1
 -7.3320001E-1	 -7.9229999E-1
 -7.4769998E-1	 -8.0659997E-1
 -7.6950002E-1	 -8.2830000E-1
 -7.9560000E-1	 -8.5159999E-1
 -8.1000000E-1	 -8.6710000E-1
 -8.2340002E-1	 -8.8160002E-1
 -8.3670002E-1	 -8.9440000E-1
 -8.4939998E-1	 -9.0689999E-1
 -8.6019999E-1	 -9.1570002E-1
 -8.7239999E-1	 -9.2750001E-1
 -8.8410002E-1	 -9.3839997E-1
 -8.9620000E-1	 -9.4800001E-1
 -9.0590000E-1	 -9.5749998E-1
 -9.1579998E-1	 -9.6719998E-1
 -9.2180002E-1	 -9.7289997E-1
 -9.3250000E-1	 -9.8189998E-1
 -9.4340003E-1	 -9.9019998E-1
 -9.5580000E-1	 -1.0013000E+0
 -9.6579999E-1	 -1.0099000E+0
 -9.7500002E-1	 -1.0180000E+0
 -9.8379999E-1	 -1.0240000E+0
 -9.9449998E-1	 -1.0329000E+0
 -1.0078000E+0	 -1.0436000E+0
 -1.0228000E+0	 -1.0556000E+0
 -1.0369000E+0	 -1.0648000E+0
 -1.0530000E+0	 -1.0771000E+0
 -1.0680000E+0	 -1.0885000E+0
 -1.0896000E+0	 -1.1033000E+0
 -1.1045001E+0	 -1.1122000E+0
 -1.1188999E+0	 -1.1210001E+0
 -1.1381000E+0	 -1.1337000E+0
 -1.1605000E+0	 -1.1469001E+0
 -1.1710000E+0	 -1.1526000E+0
 -1.1782000E+0	 -1.1565000E+0
 -1.1856000E+0	 -1.1610000E+0
 -1.1996000E+0	 -1.1679000E+0
 -1.2125000E+0	 -1.1734999E+0
 -1.2250000E+0	 -1.1792001E+0
 -1.2398000E+0	 -1.1870000E+0
 -1.2605000E+0	 -1.1959000E+0
 -1.2731000E+0	 -1.2007000E+0
 -1.2849000E+0	 -1.2047000E+0
 -1.3016000E+0	 -1.2126000E+0
 -1.3298000E+0	 -1.2228000E+0
 -1.3407000E+0	 -1.2268000E+0
 -1.3515000E+0	 -1.2292000E+0
 -1.3708000E+0	 -1.2372000E+0
 -1.4033000E+0	 -1.2473000E+0
 -1.4171000E+0	 -1.2512000E+0
 -1.4274000E+0	 -1.2536000E+0
 -1.4404000E+0	 -1.2586000E+0
 -1.4696000E+0	 -1.2665000E+0
 -1.4876000E+0	 -1.2708000E+0
 -1.5000000E+0	 -1.2737000E+0
 -1.5154001E+0	 -1.2789000E+0
 -1.5413001E+0	 -1.2853000E+0
 -1.5664001E+0	 -1.2905999E+0
 -1.5875000E+0	 -1.2940000E+0
 -1.6162000E+0	 -1.3030000E+0
 -1.6578000E+0	 -1.3119000E+0
 -1.6801000E+0	 -1.3159000E+0
 -1.6868000E+0	 -1.3176000E+0
 -1.6939000E+0	 -1.3198000E+0
 -1.7262000E+0	 -1.3263000E+0
 -1.7654001E+0	 -1.3332000E+0
 -1.7904000E+0	 -1.3364000E+0
 -1.8197000E+0	 -1.3443000E+0
 -1.8741000E+0	 -1.3540000E+0
 -1.8971000E+0	 -1.3576000E+0
 -1.9069000E+0	 -1.3590000E+0
 -1.9145000E+0	 -1.3611000E+0
 -1.9388000E+0	 -1.3652000E+0
 -1.9427000E+0	 -1.3658000E+0
 -1.9499000E+0	 -1.3662000E+0
 -1.9582000E+0	 -1.3685000E+0
 -1.9613000E+0	 -1.3690000E+0
 -1.9752001E+0	 -1.3710001E+0
 -2.0004001E+0	 -1.3723000E+0
 -2.0264001E+0	 -1.3794000E+0
 -2.0583999E+0	 -1.3843000E+0
 -2.0646000E+0	 -1.3852000E+0
 -2.0683000E+0	 -1.3855000E+0
 -2.0708001E+0	 -1.3863000E+0
 -2.0885999E+0	 -1.3890001E+0
 -2.1243000E+0	 -1.3939000E+0
 -2.1426001E+0	 -1.3952000E+0
 -2.1547999E+0	 -1.3987000E+0
 -2.1795001E+0	 -1.4022000E+0
 -2.2098999E+0	 -1.4061000E+0
 -2.2211001E+0	 -1.4069999E+0
 -2.2275000E+0	 -1.4089000E+0
 -2.2586999E+0	 -1.4131000E+0
 -2.2846000E+0	 -1.4163001E+0
 -2.2878001E+0	 -1.4169000E+0
 -2.2888999E+0	 -1.4172000E+0
 -2.2895999E+0	 -1.4173000E+0
 -2.2907000E+0	 -1.4174000E+0
 -2.3004000E+0	 -1.4177001E+0
 -2.3066001E+0	 -1.4195000E+0
 -2.3318999E+0	 -1.4227000E+0
 -2.3383000E+0	 -1.4234999E+0
 -2.3418000E+0	 -1.4238000E+0
 -2.3436000E+0	 -1.4243000E+0
 -2.3503001E+0	 -1.4251000E+0
 -2.3575001E+0	 -1.4260000E+0
 -2.3625000E+0	 -1.4263000E+0
 -2.3654001E+0	 -1.4270999E+0
 -2.3771000E+0	 -1.4285001E+0
 -2.4086001E+0	 -1.4321001E+0
 -2.4219000E+0	 -1.4330000E+0
 -2.4275999E+0	 -1.4348000E+0
 -2.4539001E+0	 -1.4380000E+0
 -2.4804001E+0	 -1.4409000E+0
 -2.5002000E+0	 -1.4418000E+0
 -2.5100999E+0	 -1.4447000E+0
 -2.5332000E+0	 -1.4474000E+0
 -2.5697000E+0	 -1.4513000E+0
 -2.5730000E+0	 -1.4518000E+0
 -2.5737000E+0	 -1.4520000E+0
 -2.5803001E+0	 -1.4528000E+0
 -2.6505001E+0	 -1.4601001E+0
 -2.7140999E+0	 -1.4625000E+0
 -2.7437999E+0	 -1.4706000E+0
 -2.7627001E+0	 -1.4725000E+0
 -2.8118999E+0	 -1.4772000E+0
 -2.8420000E+0	 -1.4784000E+0
 -2.8536999E+0	 -1.4818000E+0
 -2.8754001E+0	 -1.4840000E+0
 -2.9112999E+0	 -1.4873000E+0
 -2.9353001E+0	 -1.4881001E+0
 -2.9370999E+0	 -1.4900000E+0
 -2.9417000E+0	 -1.4905000E+0
 -2.9439001E+0	 -1.4907000E+0
 -2.9439001E+0	 -1.4907000E+0
 -2.9439001E+0	 -1.4907000E+0
 -2.9438000E+0	 -1.4907000E+0
 -2.9437001E+0	 -1.4907000E+0
 -2.9437001E+0	 -1.4907000E+0
 -2.9437001E+0	 -1.4907000E+0
 -2.9435999E+0	 -1.4907000E+0
 -2.9435999E+0	 -1.4907000E+0
 -2.9435000E+0	 -1.4907000E+0
 -2.9435000E+0	 -1.4907000E+0
 -2.9435000E+0	 -1.4907000E+0
 -2.9433999E+0	 -1.4907000E+0
 -2.9433999E+0	 -1.4907000E+0
 -2.9433000E+0	 -1.4907000E+0
 -2.9433000E+0	 -1.4907000E+0
 -2.9433000E+0	 -1.4907000E+0
 -2.9433000E+0	 -1.4907000E+0
 -2.9433000E+0	 -1.4907000E+0
 -2.9432001E+0	 -1.4907000E+0
 -2.9043000E+0	 -1.4875000E+0
 -2.8324001E+0	 -1.4858000E+0
 -2.8273001E+0	 -1.4807000E+0
 -2.7730000E+0	 -1.4758000E+0
 -2.7335999E+0	 -1.4723001E+0
 -2.7030001E+0	 -1.4704000E+0
 -2.7012999E+0	 -1.4691000E+0
 -2.6763000E+0	 -1.4668000E+0
 -2.6536000E+0	 -1.4646000E+0
 -2.6459999E+0	 -1.4641000E+0
 -2.6456001E+0	 -1.4638000E+0
 -2.6363001E+0	 -1.4629000E+0
 -2.6238000E+0	 -1.4617000E+0
 -2.6176000E+0	 -1.4613000E+0
 -2.6171999E+0	 -1.4610000E+0
 -2.6092999E+0	 -1.4602000E+0
 -2.5997000E+0	 -1.4593000E+0
 -2.5936999E+0	 -1.4589000E+0
 -2.5933001E+0	 -1.4586000E+0
 -2.5810001E+0	 -1.4574000E+0
 -2.5694001E+0	 -1.4562000E+0
 -2.5515001E+0	 -1.4550000E+0
 -2.5502999E+0	 -1.4543000E+0
 -2.5321000E+0	 -1.4524000E+0
 -2.5035000E+0	 -1.4495000E+0
 -2.4865000E+0	 -1.4483000E+0
 -2.4851999E+0	 -1.4475000E+0
 -2.4767001E+0	 -1.4464999E+0
 -2.4623001E+0	 -1.4450999E+0
 -2.4477999E+0	 -1.4441000E+0
 -2.4468000E+0	 -1.4433000E+0
 -2.4310000E+0	 -1.4416000E+0
 -2.4017000E+0	 -1.4384000E+0
 -2.3838000E+0	 -1.4372000E+0
 -2.3805001E+0	 -1.4362000E+0
 -2.3731999E+0	 -1.4352000E+0
 -2.3556001E+0	 -1.4332000E+0
 -2.3404000E+0	 -1.4320000E+0
 -2.3392000E+0	 -1.4313000E+0
 -2.3218000E+0	 -1.4293000E+0
 -2.2997999E+0	 -1.4268000E+0
 -2.2507999E+0	 -1.4229000E+0
 -2.2460001E+0	 -1.4203000E+0
 -2.2052000E+0	 -1.4152000E+0
 -2.1989999E+0	 -1.4145000E+0
 -2.1900001E+0	 -1.4138000E+0
 -2.1891000E+0	 -1.4132000E+0
 -2.1702001E+0	 -1.4108000E+0
 -2.1602001E+0	 -1.4095000E+0
 -2.1492000E+0	 -1.4087000E+0
 -2.1480999E+0	 -1.4079000E+0
 -2.1414001E+0	 -1.4071000E+0
 -2.1192999E+0	 -1.4042000E+0
 -2.0968001E+0	 -1.4024000E+0
 -2.0925000E+0	 -1.4008000E+0
 -2.0689001E+0	 -1.3974000E+0
 -2.0560999E+0	 -1.3957000E+0
 -2.0469000E+0	 -1.3947999E+0
 -2.0453000E+0	 -1.3942000E+0
 -2.0251999E+0	 -1.3914000E+0
 -2.0135000E+0	 -1.3897001E+0
 -1.9992000E+0	 -1.3884000E+0
 -1.9971000E+0	 -1.3874000E+0
 -1.9726000E+0	 -1.3838000E+0
 -1.9497000E+0	 -1.3805000E+0
 -1.9372000E+0	 -1.3793000E+0
 -1.9349000E+0	 -1.3783000E+0
 -1.9233000E+0	 -1.3765000E+0
 -1.8983999E+0	 -1.3728000E+0
 -1.8727000E+0	 -1.3703001E+0
 -1.8680000E+0	 -1.3680000E+0
 -1.8451999E+0	 -1.3643000E+0
 -1.8000000E+0	 -1.3571000E+0
 -1.7752000E+0	 -1.3544000E+0
 -1.7694000E+0	 -1.3520000E+0
 -1.7645000E+0	 -1.3509001E+0
 -1.7622000E+0	 -1.3505000E+0
 -1.7437000E+0	 -1.3482000E+0
 -1.7392000E+0	 -1.3467000E+0
 -1.7285000E+0	 -1.3447000E+0
 -1.7194000E+0	 -1.3430001E+0
 -1.6903000E+0	 -1.3395000E+0
 -1.6780000E+0	 -1.3367000E+0
 -1.6375999E+0	 -1.3281000E+0
 -1.6114000E+0	 -1.3231000E+0
 -1.5929000E+0	 -1.3203000E+0
 -1.5853000E+0	 -1.3184000E+0
 -1.5596000E+0	 -1.3126000E+0
 -1.5314000E+0	 -1.3069000E+0
 -1.5279000E+0	 -1.3061000E+0
 -1.5260000E+0	 -1.3058000E+0
 -1.5171000E+0	 -1.3037000E+0
 -1.4936000E+0	 -1.2987000E+0
 -1.4693000E+0	 -1.2948000E+0
 -1.4572999E+0	 -1.2915000E+0
 -1.4163001E+0	 -1.2808000E+0
 -1.3696001E+0	 -1.2696000E+0
 -1.3502001E+0	 -1.2652000E+0
 -1.3406000E+0	 -1.2618999E+0
 -1.3140000E+0	 -1.2539001E+0
 -1.2867000E+0	 -1.2460999E+0
 -1.2632000E+0	 -1.2408000E+0
 -1.2510000E+0	 -1.2348000E+0
 -1.2320000E+0	 -1.2282000E+0
 -1.2069000E+0	 -1.2197000E+0
 -1.1884000E+0	 -1.2140000E+0
 -1.1763999E+0	 -1.2082000E+0
 -1.1504000E+0	 -1.1970000E+0
 -1.1350000E+0	 -1.1900001E+0
 -1.1216000E+0	 -1.1849000E+0
 -1.1118000E+0	 -1.1790000E+0
 -1.0969000E+0	 -1.1712000E+0
 -1.0772001E+0	 -1.1610000E+0
 -1.0685000E+0	 -1.1553000E+0
 -1.0657001E+0	 -1.1531000E+0
 -1.0635999E+0	 -1.1518000E+0
 -1.0535001E+0	 -1.1463000E+0
 -1.0453000E+0	 -1.1414000E+0
 -1.0394000E+0	 -1.1372000E+0
 -1.0296000E+0	 -1.1305000E+0
 -1.0086000E+0	 -1.1173000E+0
 -9.9309999E-1	 -1.1063000E+0
 -9.8339999E-1	 -1.0969000E+0
 -9.7689998E-1	 -1.0915999E+0
 -9.7039998E-1	 -1.0868000E+0
 -9.5520002E-1	 -1.0779999E+0
 -9.3800002E-1	 -1.0615000E+0
 -9.2000002E-1	 -1.0459000E+0
 -9.0090001E-1	 -1.0298001E+0
 -8.8529998E-1	 -1.0163000E+0
 -8.7370002E-1	 -1.0049000E+0
 -8.5839999E-1	 -9.9080002E-1
 -8.3579999E-1	 -9.7070003E-1
 -8.1250000E-1	 -9.5169997E-1
 -7.9269999E-1	 -9.2919999E-1
 -7.7139997E-1	 -9.0820003E-1
 -7.4470001E-1	 -8.8239998E-1
 -7.1850002E-1	 -8.5839999E-1
 -6.9749999E-1	 -8.3350003E-1
 -6.7220002E-1	 -8.0739999E-1
 -6.5069997E-1	 -7.8460002E-1
 -6.3340002E-1	 -7.6690000E-1
 -6.2070000E-1	 -7.5160003E-1
 -5.9759998E-1	 -7.2790003E-1
 -5.7849997E-1	 -7.0639998E-1
 -5.6260002E-1	 -6.8980002E-1
 -5.5089998E-1	 -6.7580003E-1
 -5.3049999E-1	 -6.5380001E-1
 -5.1080000E-1	 -6.3200003E-1
 -4.9020001E-1	 -6.1140001E-1
 -4.7189999E-1	 -5.8880001E-1
 -4.5580000E-1	 -5.7029998E-1
 -4.4630000E-1	 -5.5800003E-1
 -4.3869999E-1	 -5.5010003E-1
 -4.3279999E-1	 -5.4290003E-1
 -4.2170000E-1	 -5.3070003E-1
 -4.1389999E-1	 -5.2130002E-1
 -4.0470001E-1	 -5.1230001E-1
 -3.9420000E-1	 -5.0040001E-1
 -3.7320000E-1	 -4.7620001E-1
 -3.5470000E-1	 -4.5680001E-1
 -3.4430000E-1	 -4.4260001E-1
 -3.3680001E-1	 -4.3300000E-1
 -3.2640001E-1	 -4.2129999E-1
 -3.1380001E-1	 -4.0680000E-1
 -2.9910001E-1	 -3.9230001E-1
 -2.8479999E-1	 -3.7419999E-1
 -2.5707000E-1	 -3.5249999E-1
 -2.4659000E-1	 -3.2920000E-1
 -2.3473001E-1	 -3.1549999E-1
 -2.2769000E-1	 -3.0610001E-1
 -2.1673000E-1	 -2.9359999E-1
 -2.0539001E-1	 -2.8020000E-1
 -1.9279000E-1	 -2.5626999E-1
 -1.7496000E-1	 -2.4563000E-1
 -1.6543999E-1	 -2.3281001E-1
 -1.5308000E-1	 -2.1816000E-1
 -1.4065000E-1	 -2.0466000E-1
 -1.2891001E-1	 -1.8983001E-1
 -1.0863000E-1	 -1.6620000E-1
 -9.3410000E-2	 -1.4772999E-1
 -8.1649996E-2	 -1.3395000E-1
 -7.2460003E-2	 -1.2204000E-1
 -6.0270000E-2	 -1.0737000E-1
 -4.8570000E-2	 -9.3139999E-2
 -3.8449999E-2	 -8.1589997E-2
 -3.0250000E-2	 -7.1269996E-2
 -1.6850000E-2	 -5.5179998E-2
 -9.3599996E-3	 -4.5400001E-2
 -5.0700000E-3	 -3.9689999E-2
 -2.8800000E-3	 -3.6720000E-2
 -1.6400000E-3	 -3.5060000E-2
 -1.0000000E-3	 -3.4170002E-2
 -6.3999998E-4	 -3.3690002E-2
 -4.6000001E-4	 -3.3429999E-2
 -3.4999999E-4	 -3.3289999E-2
 -3.1999999E-4	 -3.3209998E-2
 -2.9000000E-4	 -3.3170000E-2
 -2.9000000E-4	 -3.3149999E-2
 -2.6000000E-4	 -3.3130001E-2
 -2.3000001E-4	 -3.3100002E-2
 -2.3999999E-4	 -3.3089999E-2
 -2.3999999E-4	 -3.3080000E-2
 -2.3999999E-4	 -3.3070002E-2
 -2.6000000E-4	 -3.3070002E-2
 -2.5000001E-4	 -3.3070002E-2
 -2.3999999E-4	 -3.3059999E-2
 -2.2000000E-4	 -3.3059999E-2
 -2.3000001E-4	 -3.3059999E-2
 -2.3999999E-4	 -3.3059999E-2
 -2.5000001E-4	 -3.3050001E-2
 -7.0000002E-5	 -3.2949999E-2
 4.9999999E-5	 -3.2770000E-2
 1.1000000E-4	 -3.2680001E-2
 1.4000000E-4	 -3.2639999E-2
 1.5000001E-4	 -3.2609999E-2
 1.5000001E-4	 -3.2600001E-2
 1.7000000E-4	 -3.2579999E-2
 1.4000000E-4	 -3.2570001E-2
 1.2000000E-4	 -3.2559998E-2
 1.2000000E-4	 -3.2559998E-2
 1.4000000E-4	 -3.2550000E-2
 1.4000000E-4	 -3.2540001E-2
 1.4000000E-4	 -3.2540001E-2
 1.4000000E-4	 -3.2540001E-2
 1.1000000E-4	 -3.2540001E-2
 1.3000000E-4	 -3.2550000E-2
 1.6000000E-4	 -3.2529999E-2
 1.6000000E-4	 -3.2520000E-2
 1.7000000E-4	 -3.2520000E-2
 1.7000000E-4	 -3.2510001E-2
 1.6000000E-4	 -3.2510001E-2
 1.7000000E-4	 -3.2510001E-2
 1.6000000E-4	 -3.2510001E-2
 1.6000000E-4	 -3.2499999E-2
 1.7000000E-4	 -3.2499999E-2
 1.7000000E-4	 -3.2499999E-2
 1.6000000E-4	 -3.2490000E-2
 1.6000000E-4	 -3.2499999E-2
 1.8000000E-4	 -3.2480001E-2
 1.6000000E-4	 -3.2490000E-2
 1.7000000E-4	 -3.2469999E-2
 1.7000000E-4	 -3.2480001E-2
 1.7000000E-4	 -3.2480001E-2
 1.8000000E-4	 -3.2460000E-2
 1.6000000E-4	 -3.2469999E-2
 1.5000001E-4	 -3.2480001E-2
 1.4000000E-4	 -3.2490000E-2
 1.6000000E-4	 -3.2490000E-2
 1.7000000E-4	 -3.2469999E-2
 1.5000001E-4	 -3.2490000E-2
 1.6000000E-4	 -3.2480001E-2
 1.6000000E-4	 -3.2490000E-2
 1.4000000E-4	 -3.2490000E-2
 1.6000000E-4	 -3.2480001E-2
 1.8000000E-4	 -3.2460000E-2
 1.9999999E-4	 -3.2460000E-2
 1.8000000E-4	 -3.2460000E-2
 1.8000000E-4	 -3.2460000E-2
 1.8000000E-4	 -3.2460000E-2
 1.8000000E-4	 -3.2460000E-2
 1.7000000E-4	 -3.2469999E-2
 1.6000000E-4	 -3.2469999E-2
 1.6000000E-4	 -3.2469999E-2
 1.6000000E-4	 -3.2469999E-2
 1.7000000E-4	 -3.2469999E-2
 1.8000000E-4	 -3.2450002E-2
 1.8000000E-4	 -3.2450002E-2
 1.8000000E-4	 -3.2450002E-2
 1.7000000E-4	 -3.2460000E-2
 1.7000000E-4	 -3.2460000E-2
 1.7000000E-4	 -3.2460000E-2
 1.7000000E-4	 -3.2469999E-2
 1.7000000E-4	 -3.2469999E-2
 1.8000000E-4	 -3.2460000E-2
 1.9000001E-4	 -3.2439999E-2
 1.8000000E-4	 -3.2450002E-2
 1.8000000E-4	 -3.2439999E-2
 1.8000000E-4	 -3.2450002E-2
 1.9999999E-4	 -3.2439999E-2
 1.8000000E-4	 -3.2439999E-2
 1.8000000E-4	 -3.2450002E-2
 1.8000000E-4	 -3.2450002E-2
 1.6000000E-4	 -3.2450002E-2
 1.6000000E-4	 -3.2450002E-2
 1.7000000E-4	 -3.2450002E-2
 1.6000000E-4	 -3.2450002E-2
 1.5000001E-4	 -3.2450002E-2
 1.6000000E-4	 -3.2439999E-2
 1.7000000E-4	 -3.2439999E-2
 1.7000000E-4	 -3.2439999E-2
 1.6000000E-4	 -3.2450002E-2
 1.5000001E-4	 -3.2450002E-2
 1.6000000E-4	 -3.2460000E-2
 1.5000001E-4	 -3.2460000E-2
 1.5000001E-4	 -3.2450002E-2
 1.5000001E-4	 -3.2460000E-2
 1.6000000E-4	 -3.2460000E-2
 1.6000000E-4	 -3.2450002E-2
 1.5000001E-4	 -3.2450002E-2
 1.2000000E-4	 -3.2460000E-2
 1.2000000E-4	 -3.2469999E-2
 1.2000000E-4	 -3.2460000E-2
 1.3000000E-4	 -3.2460000E-2
 1.5000001E-4	 -3.2450002E-2
 1.8000000E-4	 -3.2430001E-2
 1.8000000E-4	 -3.2419998E-2
 1.9999999E-4	 -3.2430001E-2
 1.9000001E-4	 -3.2419998E-2
 1.9000001E-4	 -3.2430001E-2
 1.8000000E-4	 -3.2419998E-2
 1.6000000E-4	 -3.2430001E-2
 1.7000000E-4	 -3.2430001E-2
 1.8000000E-4	 -3.2430001E-2
 1.8000000E-4	 -3.2430001E-2
 1.6000000E-4	 -3.2439999E-2
 1.7000000E-4	 -3.2439999E-2
 1.6000000E-4	 -3.2450002E-2
 1.6000000E-4	 -3.2439999E-2
 1.7000000E-4	 -3.2439999E-2
 1.6000000E-4	 -3.2439999E-2
 1.7000000E-4	 -3.2430001E-2
 1.7000000E-4	 -3.2430001E-2
 1.8000000E-4	 -3.2430001E-2
 1.8000000E-4	 -3.2419998E-2
 1.6000000E-4	 -3.2430001E-2
 1.4000000E-4	 -3.2430001E-2
 1.4000000E-4	 -3.2439999E-2
 1.5000001E-4	 -3.2430001E-2
 1.6000000E-4	 -3.2430001E-2
 1.6000000E-4	 -3.2419998E-2
 1.7000000E-4	 -3.2430001E-2
 1.8000000E-4	 -3.2419998E-2
 1.8000000E-4	 -3.2410000E-2
 1.9000001E-4	 -3.2410000E-2
 1.8000000E-4	 -3.2410000E-2
 1.9000001E-4	 -3.2400001E-2
 1.8000000E-4	 -3.2400001E-2
 1.8000000E-4	 -3.2410000E-2
 1.7000000E-4	 -3.2410000E-2
 1.7000000E-4	 -3.2410000E-2
 1.6000000E-4	 -3.2419998E-2
 1.5000001E-4	 -3.2410000E-2
 1.7000000E-4	 -3.2410000E-2
 1.7000000E-4	 -3.2419998E-2
 1.6000000E-4	 -3.2419998E-2
 1.8000000E-4	 -3.2410000E-2
 1.8000000E-4	 -3.2410000E-2
 1.7000000E-4	 -3.2410000E-2
 1.8000000E-4	 -3.2400001E-2
 1.8000000E-4	 -3.2410000E-2
 1.7000000E-4	 -3.2410000E-2
 1.8000000E-4	 -3.2419998E-2
 1.8000000E-4	 -3.2410000E-2
 1.8000000E-4	 -3.2419998E-2
 1.7000000E-4	 -3.2410000E-2
 1.9000001E-4	 -3.2400001E-2
 1.8000000E-4	 -3.2400001E-2
 1.9000001E-4	 -3.2400001E-2
 1.8000000E-4	 -3.2400001E-2
 1.7000000E-4	 -3.2410000E-2
 1.8000000E-4	 -3.2400001E-2
 1.8000000E-4	 -3.2400001E-2
 1.7000000E-4	 -3.2410000E-2
 1.7000000E-4	 -3.2410000E-2
 1.7000000E-4	 -3.2400001E-2
 1.7000000E-4	 -3.2400001E-2
 1.6000000E-4	 -3.2419998E-2
 1.8000000E-4	 -3.2410000E-2
 1.9999999E-4	 -3.2389998E-2
 1.8000000E-4	 -3.2400001E-2
 1.8000000E-4	 -3.2400001E-2
 1.7000000E-4	 -3.2400001E-2
 1.7000000E-4	 -3.2400001E-2
 1.8000000E-4	 -3.2389998E-2
 1.6000000E-4	 -3.2400001E-2
 1.6000000E-4	 -3.2410000E-2
 1.9000001E-4	 -3.2389998E-2
 1.9000001E-4	 -3.2389998E-2
 1.7000000E-4	 -3.2389998E-2
 1.7000000E-4	 -3.2389998E-2
 1.8000000E-4	 -3.2380000E-2
 1.8000000E-4	 -3.2380000E-2
 1.9999999E-4	 -3.2370001E-2
 1.9999999E-4	 -3.2380000E-2
 1.9999999E-4	 -3.2370001E-2
 1.9999999E-4	 -3.2370001E-2
 1.9999999E-4	 -3.2370001E-2
 1.9000001E-4	 -3.2370001E-2
 1.8000000E-4	 -3.2380000E-2
 1.7000000E-4	 -3.2389998E-2
 1.7000000E-4	 -3.2389998E-2
 1.6000000E-4	 -3.2389998E-2
 1.7000000E-4	 -3.2400001E-2
 1.6000000E-4	 -3.2400001E-2
 1.6000000E-4	 -3.2400001E-2
 1.8000000E-4	 -3.2400001E-2
 1.7000000E-4	 -3.2389998E-2
 1.8000000E-4	 -3.2389998E-2
 1.9000001E-4	 -3.2380000E-2
 1.9000001E-4	 -3.2370001E-2
 1.9000001E-4	 -3.2370001E-2
 1.9999999E-4	 -3.2380000E-2
 1.7000000E-4	 -3.2400001E-2
 1.8000000E-4	 -3.2380000E-2
 1.8000000E-4	 -3.2380000E-2
 1.9000001E-4	 -3.2380000E-2
 1.8000000E-4	 -3.2380000E-2
 1.8000000E-4	 -3.2370001E-2
 1.7000000E-4	 -3.2389998E-2
 1.7000000E-4	 -3.2389998E-2
 1.7000000E-4	 -3.2380000E-2
 1.8000000E-4	 -3.2380000E-2
 1.8000000E-4	 -3.2389998E-2
 1.8000000E-4	 -3.2389998E-2
 1.8000000E-4	 -3.2380000E-2
 1.8000000E-4	 -3.2380000E-2
 1.7000000E-4	 -3.2389998E-2
 1.5000001E-4	 -3.2400001E-2
 1.4000000E-4	 -3.2389998E-2
 1.4000000E-4	 -3.2400001E-2
 1.7000000E-4	 -3.2389998E-2
 1.6000000E-4	 -3.2389998E-2
 1.6000000E-4	 -3.2389998E-2
 1.6000000E-4	 -3.2380000E-2
 1.7000000E-4	 -3.2389998E-2
 1.6000000E-4	 -3.2389998E-2
 1.6000000E-4	 -3.2389998E-2
 1.6000000E-4	 -3.2400001E-2
 1.6000000E-4	 -3.2380000E-2
 1.8000000E-4	 -3.2380000E-2
 1.7000000E-4	 -3.2389998E-2
 1.8000000E-4	 -3.2380000E-2
 1.8000000E-4	 -3.2380000E-2
 1.9000001E-4	 -3.2380000E-2
 1.7000000E-4	 -3.2389998E-2
 1.8000000E-4	 -3.2380000E-2
 1.7000000E-4	 -3.2380000E-2
 1.6000000E-4	 -3.2389998E-2
 1.7000000E-4	 -3.2389998E-2
 1.9000001E-4	 -3.2370001E-2
 1.9999999E-4	 -3.2370001E-2
 1.8000000E-4	 -3.2380000E-2
 1.9000001E-4	 -3.2370001E-2
 1.9000001E-4	 -3.2359999E-2
 1.9999999E-4	 -3.2359999E-2
 1.8000000E-4	 -3.2370001E-2
 1.8000000E-4	 -3.2370001E-2
 1.8000000E-4	 -3.2370001E-2
 1.8000000E-4	 -3.2380000E-2
 1.9000001E-4	 -3.2370001E-2
 1.9000001E-4	 -3.2370001E-2
 1.9999999E-4	 -3.2359999E-2
 1.8000000E-4	 -3.2370001E-2
 1.8000000E-4	 -3.2370001E-2
 1.8000000E-4	 -3.2370001E-2
 1.8000000E-4	 -3.2370001E-2
 1.9999999E-4	 -3.2359999E-2
 1.9000001E-4	 -3.2370001E-2
 1.9000001E-4	 -3.2359999E-2
 1.9000001E-4	 -3.2370001E-2
 1.9000001E-4	 -3.2370001E-2
 1.9999999E-4	 -3.2370001E-2
 1.9999999E-4	 -3.2359999E-2
 1.9999999E-4	 -3.2359999E-2
 1.9999999E-4	 -3.2359999E-2
 1.9999999E-4	 -3.2370001E-2
 1.9999999E-4	 -3.2380000E-2
 2.1000000E-4	 -3.2359999E-2
 2.1000000E-4	 -3.2350000E-2
 1.9999999E-4	 -3.2350000E-2
 1.8000000E-4	 -3.2359999E-2
 1.9000001E-4	 -3.2350000E-2
 1.9999999E-4	 -3.2350000E-2
 1.9999999E-4	 -3.2350000E-2
 1.9999999E-4	 -3.2340001E-2
 2.1000000E-4	 -3.2340001E-2
 1.9999999E-4	 -3.2340001E-2
 1.8000000E-4	 -3.2340001E-2
 1.9000001E-4	 -3.2350000E-2
 1.9999999E-4	 -3.2350000E-2
 1.8000000E-4	 -3.2350000E-2
 1.8000000E-4	 -3.2350000E-2
 1.8000000E-4	 -3.2350000E-2
 1.8000000E-4	 -3.2359999E-2
 1.9000001E-4	 -3.2359999E-2
 1.9000001E-4	 -3.2359999E-2
 1.9000001E-4	 -3.2359999E-2
 1.9000001E-4	 -3.2359999E-2
 1.9000001E-4	 -3.2359999E-2
 1.8000000E-4	 -3.2370001E-2
 1.9999999E-4	 -3.2350000E-2
 1.9000001E-4	 -3.2340001E-2
 1.7000000E-4	 -3.2370001E-2
 1.6000000E-4	 -3.2359999E-2
 1.8000000E-4	 -3.2359999E-2
 1.9999999E-4	 -3.2350000E-2
 1.9999999E-4	 -3.2350000E-2
 1.9999999E-4	 -3.2359999E-2
 2.1000000E-4	 -3.2350000E-2
 1.9999999E-4	 -3.2340001E-2
 1.9000001E-4	 -3.2340001E-2
 1.9000001E-4	 -3.2350000E-2
 1.9999999E-4	 -3.2350000E-2
 2.1000000E-4	 -3.2340001E-2
 1.9999999E-4	 -3.2350000E-2
 1.9000001E-4	 -3.2350000E-2
 1.9000001E-4	 -3.2350000E-2
 1.9999999E-4	 -3.2359999E-2
 1.9999999E-4	 -3.2350000E-2
 1.9999999E-4	 -3.2340001E-2
 1.9999999E-4	 -3.2340001E-2
 2.1000000E-4	 -3.2329999E-2
 2.3000001E-4	 -3.2329999E-2
 2.1000000E-4	 -3.2320000E-2
 2.1000000E-4	 -3.2329999E-2
 1.9000001E-4	 -3.2350000E-2
 1.9999999E-4	 -3.2340001E-2
 1.9000001E-4	 -3.2340001E-2
 1.9000001E-4	 -3.2350000E-2
 1.9999999E-4	 -3.2340001E-2
 2.1000000E-4	 -3.2340001E-2
 2.1000000E-4	 -3.2340001E-2
 2.3000001E-4	 -3.2320000E-2
 2.1000000E-4	 -3.2329999E-2
 2.2000000E-4	 -3.2340001E-2
 2.2000000E-4	 -3.2329999E-2
 2.2000000E-4	 -3.2329999E-2
 2.2000000E-4	 -3.2340001E-2
 2.2000000E-4	 -3.2329999E-2
 2.2000000E-4	 -3.2329999E-2
 2.3000001E-4	 -3.2320000E-2
 1.9999999E-4	 -3.2340001E-2
 2.1000000E-4	 -3.2329999E-2
 1.9000001E-4	 -3.2340001E-2
 1.9000001E-4	 -3.2340001E-2
 2.1000000E-4	 -3.2340001E-2
 1.9999999E-4	 -3.2340001E-2
 2.1000000E-4	 -3.2340001E-2
 2.2000000E-4	 -3.2340001E-2
 1.9999999E-4	 -3.2329999E-2
 2.1000000E-4	 -3.2329999E-2
 1.9999999E-4	 -3.2340001E-2
 2.1000000E-4	 -3.2329999E-2
 2.1000000E-4	 -3.2340001E-2
 1.9000001E-4	 -3.2340001E-2
 1.9999999E-4	 -3.2329999E-2
 1.8000000E-4	 -3.2350000E-2
 1.9999999E-4	 -3.2350000E-2
 1.9000001E-4	 -3.2350000E-2
 2.1000000E-4	 -3.2340001E-2
 1.9000001E-4	 -3.2350000E-2
 1.9999999E-4	 -3.2329999E-2
 1.9999999E-4	 -3.2340001E-2
 1.9999999E-4	 -3.2340001E-2
 1.9999999E-4	 -3.2329999E-2
 1.9000001E-4	 -3.2340001E-2
 1.7000000E-4	 -3.2359999E-2
 2.1000000E-4	 -3.2329999E-2
 1.9999999E-4	 -3.2329999E-2
 1.9999999E-4	 -3.2329999E-2
 1.9999999E-4	 -3.2329999E-2
 2.1000000E-4	 -3.2329999E-2
 1.9999999E-4	 -3.2340001E-2
 1.9999999E-4	 -3.2340001E-2
 1.9000001E-4	 -3.2359999E-2
 1.9000001E-4	 -3.2340001E-2
 1.9000001E-4	 -3.2340001E-2
 1.9999999E-4	 -3.2340001E-2
 1.9000001E-4	 -3.2340001E-2
 1.9999999E-4	 -3.2340001E-2
 2.1000000E-4	 -3.2329999E-2
 1.9000001E-4	 -3.2329999E-2
 1.9000001E-4	 -3.2340001E-2
 1.9000001E-4	 -3.2340001E-2
 1.9999999E-4	 -3.2340001E-2
 2.1000000E-4	 -3.2329999E-2
 2.1000000E-4	 -3.2329999E-2
 1.9000001E-4	 -3.2340001E-2
 1.9000001E-4	 -3.2350000E-2
 1.9000001E-4	 -3.2359999E-2
 1.7000000E-4	 -3.2359999E-2
 1.7000000E-4	 -3.2350000E-2
 1.8000000E-4	 -3.2350000E-2
 1.9999999E-4	 -3.2340001E-2
 1.8000000E-4	 -3.2350000E-2
 1.8000000E-4	 -3.2340001E-2
 1.7000000E-4	 -3.2340001E-2
 1.7000000E-4	 -3.2350000E-2
 1.6000000E-4	 -3.2350000E-2
 1.8000000E-4	 -3.2340001E-2
 1.7000000E-4	 -3.2350000E-2
 1.9000001E-4	 -3.2329999E-2
 1.8000000E-4	 -3.2340001E-2
 1.9000001E-4	 -3.2340001E-2
 1.8000000E-4	 -3.2350000E-2
 1.6000000E-4	 -3.2359999E-2
 1.7000000E-4	 -3.2359999E-2
 1.6000000E-4	 -3.2359999E-2
 1.7000000E-4	 -3.2359999E-2
 1.8000000E-4	 -3.2350000E-2
 1.8000000E-4	 -3.2350000E-2
 1.8000000E-4	 -3.2340001E-2
 1.8000000E-4	 -3.2350000E-2
 1.9999999E-4	 -3.2340001E-2
 2.1000000E-4	 -3.2320000E-2
 1.9000001E-4	 -3.2329999E-2
 1.9000001E-4	 -3.2329999E-2
 1.9999999E-4	 -3.2329999E-2
 1.8000000E-4	 -3.2340001E-2
 1.6000000E-4	 -3.2350000E-2
 1.8000000E-4	 -3.2329999E-2
 1.8000000E-4	 -3.2340001E-2
 1.7000000E-4	 -3.2350000E-2
 1.8000000E-4	 -3.2340001E-2
 1.8000000E-4	 -3.2350000E-2
 1.8000000E-4	 -3.2350000E-2
 1.7000000E-4	 -3.2340001E-2
 1.6000000E-4	 -3.2350000E-2
 1.6000000E-4	 -3.2350000E-2
 1.8000000E-4	 -3.2340001E-2
 1.6000000E-4	 -3.2359999E-2
 1.6000000E-4	 -3.2359999E-2
 1.6000000E-4	 -3.2350000E-2
 1.7000000E-4	 -3.2350000E-2
 1.7000000E-4	 -3.2350000E-2
 1.8000000E-4	 -3.2350000E-2
 1.9000001E-4	 -3.2340001E-2
 1.9000001E-4	 -3.2340001E-2
 1.9999999E-4	 -3.2340001E-2
 1.8000000E-4	 -3.2329999E-2
 1.7000000E-4	 -3.2350000E-2
 1.7000000E-4	 -3.2350000E-2
 1.8000000E-4	 -3.2350000E-2
 1.8000000E-4	 -3.2340001E-2
 1.8000000E-4	 -3.2329999E-2
 1.8000000E-4	 -3.2340001E-2
 1.6000000E-4	 -3.2340001E-2
 1.7000000E-4	 -3.2340001E-2
 1.7000000E-4	 -3.2340001E-2
 1.9000001E-4	 -3.2340001E-2
 1.8000000E-4	 -3.2329999E-2
 1.8000000E-4	 -3.2329999E-2
 1.9999999E-4	 -3.2329999E-2
 1.9999999E-4	 -3.2329999E-2
 1.9000001E-4	 -3.2329999E-2
 1.8000000E-4	 -3.2329999E-2
 1.9999999E-4	 -3.2329999E-2
 2.1000000E-4	 -3.2320000E-2
 2.1000000E-4	 -3.2320000E-2
 2.2000000E-4	 -3.2310002E-2
 2.1000000E-4	 -3.2320000E-2
 1.9000001E-4	 -3.2320000E-2
 1.8000000E-4	 -3.2340001E-2
 1.8000000E-4	 -3.2359999E-2
 1.7000000E-4	 -3.2350000E-2
 1.8000000E-4	 -3.2329999E-2
 1.7000000E-4	 -3.2340001E-2
 1.8000000E-4	 -3.2340001E-2
 1.8000000E-4	 -3.2350000E-2
 1.9000001E-4	 -3.2350000E-2
 1.8000000E-4	 -3.2350000E-2
 1.8000000E-4	 -3.2350000E-2
 1.8000000E-4	 -3.2350000E-2
 1.9000001E-4	 -3.2340001E-2
 1.7000000E-4	 -3.2340001E-2
 1.9000001E-4	 -3.2329999E-2
 1.9999999E-4	 -3.2329999E-2
 1.9000001E-4	 -3.2320000E-2
 1.8000000E-4	 -3.2329999E-2
 1.8000000E-4	 -3.2329999E-2
 1.9000001E-4	 -3.2340001E-2
 1.9000001E-4	 -3.2329999E-2
 1.9000001E-4	 -3.2340001E-2
 1.7000000E-4	 -3.2340001E-2
 1.8000000E-4	 -3.2340001E-2
 1.9000001E-4	 -3.2329999E-2
 1.8000000E-4	 -3.2329999E-2
 1.8000000E-4	 -3.2329999E-2
 1.7000000E-4	 -3.2340001E-2
 1.7000000E-4	 -3.2350000E-2
 1.8000000E-4	 -3.2340001E-2
 1.6000000E-4	 -3.2350000E-2
 1.7000000E-4	 -3.2350000E-2
 1.7000000E-4	 -3.2340001E-2
