I (A)          B (T)      1.6000000E-4	 1.5955000E-1
 1.5000001E-4	 1.5955000E-1
 1.6000000E-4	 1.5954000E-1
 1.8000000E-4	 1.5954000E-1
 1.6000000E-4	 1.5954000E-1
 1.8000000E-4	 1.5954000E-1
 1.5000001E-4	 1.5953000E-1
 1.8000000E-4	 1.5955000E-1
 2.1000000E-4	 1.5954000E-1
 1.9999999E-4	 1.5954000E-1
 1.9000001E-4	 1.5954000E-1
 1.8000000E-4	 1.5955000E-1
 1.9000001E-4	 1.5954000E-1
 1.8000000E-4	 1.5954000E-1
 1.8000000E-4	 1.5955000E-1
 1.7000000E-4	 1.5954000E-1
 -1.4000000E-4	 1.5951000E-1
 -2.3999999E-4	 1.5948001E-1
 -2.3000001E-4	 1.5948001E-1
 -2.3000001E-4	 1.5947001E-1
 -2.3000001E-4	 1.5947001E-1
 -2.3000001E-4	 1.5947001E-1
 -2.1000000E-4	 1.5945999E-1
 -2.1000000E-4	 1.5947001E-1
 -2.1000000E-4	 1.5945999E-1
 -2.1000000E-4	 1.5945999E-1
 -2.3000001E-4	 1.5947001E-1
 -2.3999999E-4	 1.5945999E-1
 -2.3999999E-4	 1.5945999E-1
 -2.2000000E-4	 1.5947001E-1
 -2.3000001E-4	 1.5945999E-1
 -2.2000000E-4	 1.5945999E-1
 -2.3000001E-4	 1.5945999E-1
 -2.2000000E-4	 1.5945999E-1
 -2.2000000E-4	 1.5947001E-1
 -2.3000001E-4	 1.5944999E-1
 -2.3999999E-4	 1.5944999E-1
 -2.3000001E-4	 1.5944999E-1
 -2.3000001E-4	 1.5944999E-1
 -2.3999999E-4	 1.5944999E-1
 -2.3999999E-4	 1.5944999E-1
 -2.3000001E-4	 1.5945999E-1
 -2.2000000E-4	 1.5944999E-1
 -2.1000000E-4	 1.5945999E-1
 -2.2000000E-4	 1.5944999E-1
 -1.9000001E-4	 1.5945999E-1
 -1.9000001E-4	 1.5947001E-1
 -2.2000000E-4	 1.5945999E-1
 -2.1000000E-4	 1.5945999E-1
 -1.9000001E-4	 1.5945999E-1
 -1.9999999E-4	 1.5944000E-1
 -2.1000000E-4	 1.5944000E-1
 -2.1000000E-4	 1.5944999E-1
 -1.9000001E-4	 1.5944999E-1
 -1.9999999E-4	 1.5945999E-1
 -7.5599998E-3	 1.5640999E-1
 -2.1900000E-2	 1.4866000E-1
 -3.3240002E-2	 1.3760000E-1
 -4.0730000E-2	 1.3005000E-1
 -4.6580002E-2	 1.2545000E-1
 -5.5620000E-2	 1.1916000E-1
 -6.2849998E-2	 1.1248000E-1
 -6.8999998E-2	 1.0658000E-1
 -7.7459998E-2	 1.0086000E-1
 -8.5309997E-2	 9.4190001E-2
 -9.0620004E-2	 8.9359999E-2
 -1.0164000E-1	 8.0440000E-2
 -1.1080000E-1	 7.3409997E-2
 -1.2107000E-1	 6.5549999E-2
 -1.2785999E-1	 5.8880001E-2
 -1.3876000E-1	 4.9740002E-2
 -1.4875001E-1	 4.2240001E-2
 -1.5917000E-1	 3.3900000E-2
 -1.6791999E-1	 2.7090000E-2
 -1.7903000E-1	 1.0905000E-2
 -1.9199000E-1	 5.7000001E-3
 -1.9802000E-1	 1.0750000E-3
 -2.0319000E-1	 -3.5870001E-3
 -2.0969000E-1	 -9.3470002E-3
 -2.2001000E-1	 -1.6023001E-2
 -2.3202001E-1	 -2.4785999E-2
 -2.4052000E-1	 -3.6529999E-2
 -2.5099999E-1	 -4.0479999E-2
 -2.5580999E-1	 -4.4890001E-2
 -2.6396000E-1	 -5.0310001E-2
 -2.7096999E-1	 -5.5969998E-2
 -2.8286999E-1	 -6.4340003E-2
 -2.8692999E-1	 -6.8870001E-2
 -2.9262000E-1	 -7.2740003E-2
 -2.9736000E-1	 -7.6339997E-2
 -3.1590000E-1	 -8.4119998E-2
 -3.2220000E-1	 -9.5380001E-2
 -3.3199999E-1	 -1.0146000E-1
 -3.4060001E-1	 -1.0833000E-1
 -3.5200000E-1	 -1.1704000E-1
 -3.6120000E-1	 -1.2334000E-1
 -3.7009999E-1	 -1.2943999E-1
 -3.7570000E-1	 -1.3388000E-1
 -3.8470000E-1	 -1.4034000E-1
 -3.9520001E-1	 -1.4661001E-1
 -4.0450001E-1	 -1.5290999E-1
 -4.1029999E-1	 -1.5729000E-1
 -4.1819999E-1	 -1.6297001E-1
 -4.2820001E-1	 -1.6881000E-1
 -4.4670001E-1	 -1.7786001E-1
 -4.6050000E-1	 -1.8830000E-1
 -4.7650000E-1	 -1.9893000E-1
 -4.9110001E-1	 -2.0689000E-1
 -5.0250000E-1	 -2.1392000E-1
 -5.0900000E-1	 -2.1817000E-1
 -5.2060002E-1	 -2.2528000E-1
 -5.3740001E-1	 -2.3323999E-1
 -5.5309999E-1	 -2.4163000E-1
 -5.6169999E-1	 -2.4773000E-1
 -5.6750000E-1	 -2.5167000E-1
 -5.7090002E-1	 -2.5356999E-1
 -5.7440001E-1	 -2.5525001E-1
 -5.7580000E-1	 -2.5654000E-1
 -5.7590002E-1	 -2.5696999E-1
 -5.7620001E-1	 -2.5718001E-1
 -5.7660002E-1	 -2.5738001E-1
 -5.7950002E-1	 -2.5751999E-1
 -5.9630001E-1	 -2.6570001E-1
 -6.1390001E-1	 -2.7373999E-1
 -6.3400000E-1	 -2.8220999E-1
 -6.4660001E-1	 -2.8924999E-1
 -6.6530001E-1	 -2.9854000E-1
 -6.7420000E-1	 -3.0283001E-1
 -6.8220001E-1	 -3.0840001E-1
 -6.9370002E-1	 -3.1090000E-1
 -7.0029998E-1	 -3.1410000E-1
 -7.0709997E-1	 -3.1750000E-1
 -7.1509999E-1	 -3.2060000E-1
 -7.1990001E-1	 -3.2330000E-1
 -7.2479999E-1	 -3.2570001E-1
 -7.3369998E-1	 -3.2879999E-1
 -7.4629998E-1	 -3.3300000E-1
 -7.5430000E-1	 -3.3669999E-1
 -7.6550001E-1	 -3.4169999E-1
 -7.7539998E-1	 -3.4520000E-1
 -7.8259999E-1	 -3.4790000E-1
 -7.9000002E-1	 -3.4970000E-1
 -8.1110001E-1	 -3.5830000E-1
 -8.3639997E-1	 -3.6669999E-1
 -8.4619999E-1	 -3.7120000E-1
 -8.4969997E-1	 -3.7270001E-1
 -8.5710001E-1	 -3.7540001E-1
 -8.6199999E-1	 -3.7709999E-1
 -8.6979997E-1	 -3.7900001E-1
 -8.7830001E-1	 -3.8100001E-1
 -9.0600002E-1	 -3.9100000E-1
 -9.1170001E-1	 -3.9340001E-1
 -9.2159998E-1	 -3.9570001E-1
 -9.2940003E-1	 -3.9789999E-1
 -9.5150000E-1	 -4.0529999E-1
 -9.6190000E-1	 -4.0869999E-1
 -9.6890002E-1	 -4.1060001E-1
 -9.7399998E-1	 -4.1180000E-1
 -9.9110001E-1	 -4.1729999E-1
 -1.0152000E+0	 -4.2350000E-1
 -1.0312001E+0	 -4.2770001E-1
 -1.0377001E+0	 -4.3020001E-1
 -1.0462000E+0	 -4.3300000E-1
 -1.0607001E+0	 -4.3660000E-1
 -1.0725000E+0	 -4.3930000E-1
 -1.0774000E+0	 -4.4100001E-1
 -1.0848000E+0	 -4.4330001E-1
 -1.0934000E+0	 -4.4540000E-1
 -1.1095999E+0	 -4.4859999E-1
 -1.1184000E+0	 -4.5109999E-1
 -1.1322000E+0	 -4.5519999E-1
 -1.1434000E+0	 -4.5789999E-1
 -1.1550000E+0	 -4.6020001E-1
 -1.1630000E+0	 -4.6180001E-1
 -1.1806999E+0	 -4.6689999E-1
 -1.1964999E+0	 -4.7040001E-1
 -1.2082000E+0	 -4.7279999E-1
 -1.2125000E+0	 -4.7430000E-1
 -1.2164000E+0	 -4.7549999E-1
 -1.2338001E+0	 -4.7900000E-1
 -1.2424001E+0	 -4.8089999E-1
 -1.2453001E+0	 -4.8190001E-1
 -1.2474000E+0	 -4.8260000E-1
 -1.2640001E+0	 -4.8580000E-1
 -1.2743000E+0	 -4.8769999E-1
 -1.2758000E+0	 -4.8870000E-1
 -1.2765000E+0	 -4.8899999E-1
 -1.2787000E+0	 -4.8940000E-1
 -1.2925000E+0	 -4.9120000E-1
 -1.2991000E+0	 -4.9280000E-1
 -1.3111000E+0	 -4.9620000E-1
 -1.3243999E+0	 -4.9880001E-1
 -1.3377000E+0	 -5.0110000E-1
 -1.3468000E+0	 -5.0260001E-1
 -1.3642000E+0	 -5.0709999E-1
 -1.3731000E+0	 -5.0880003E-1
 -1.3829000E+0	 -5.1040000E-1
 -1.3875999E+0	 -5.1139998E-1
 -1.3958000E+0	 -5.1319999E-1
 -1.4017000E+0	 -5.1450002E-1
 -1.4078000E+0	 -5.1550001E-1
 -1.4162000E+0	 -5.1620001E-1
 -1.4315000E+0	 -5.2029997E-1
 -1.4457000E+0	 -5.2289999E-1
 -1.4526000E+0	 -5.2410001E-1
 -1.4557000E+0	 -5.2469999E-1
 -1.4651999E+0	 -5.2579999E-1
 -1.4886000E+0	 -5.3070003E-1
 -1.4989001E+0	 -5.3240001E-1
 -1.5132999E+0	 -5.3329998E-1
 -1.5433000E+0	 -5.4070002E-1
 -1.5548000E+0	 -5.4280001E-1
 -1.5579000E+0	 -5.4339999E-1
 -1.5632000E+0	 -5.4369998E-1
 -1.5728000E+0	 -5.4600000E-1
 -1.5893000E+0	 -5.4869998E-1
 -1.6051000E+0	 -5.5119997E-1
 -1.6121000E+0	 -5.5229998E-1
 -1.6242000E+0	 -5.5400002E-1
 -1.6409000E+0	 -5.5729997E-1
 -1.6562999E+0	 -5.5940002E-1
 -1.6622000E+0	 -5.6050003E-1
 -1.6680000E+0	 -5.6140000E-1
 -1.6816000E+0	 -5.6400001E-1
 -1.7007999E+0	 -5.6660002E-1
 -1.7112000E+0	 -5.6800002E-1
 -1.7222000E+0	 -5.7059997E-1
 -1.7345001E+0	 -5.7249999E-1
 -1.7466000E+0	 -5.7400000E-1
 -1.7513000E+0	 -5.7489997E-1
 -1.7543000E+0	 -5.7569999E-1
 -1.7571000E+0	 -5.7609999E-1
 -1.7638000E+0	 -5.7700002E-1
 -1.7697001E+0	 -5.7740003E-1
 -1.7765000E+0	 -5.7910001E-1
 -1.7921000E+0	 -5.8130002E-1
 -1.7934000E+0	 -5.8170003E-1
 -1.7990000E+0	 -5.8179998E-1
 -1.8068000E+0	 -5.8370000E-1
 -1.8238000E+0	 -5.8600003E-1
 -1.8387001E+0	 -5.8789998E-1
 -1.8525000E+0	 -5.8899999E-1
 -1.8649000E+0	 -5.9219998E-1
 -1.8737000E+0	 -5.9340000E-1
 -1.8911000E+0	 -5.9560001E-1
 -1.8974000E+0	 -5.9640002E-1
 -1.9028000E+0	 -5.9770000E-1
 -1.9215000E+0	 -6.0009998E-1
 -1.9392999E+0	 -6.0250002E-1
 -1.9432000E+0	 -6.0310000E-1
 -1.9455000E+0	 -6.0369998E-1
 -1.9593000E+0	 -6.0549998E-1
 -1.9917001E+0	 -6.0939997E-1
 -2.0009999E+0	 -6.1059999E-1
 -2.0081000E+0	 -6.1220002E-1
 -2.0337999E+0	 -6.1549997E-1
 -2.0523000E+0	 -6.1760002E-1
 -2.0580001E+0	 -6.1849999E-1
 -2.0609000E+0	 -6.1930001E-1
 -2.0653000E+0	 -6.1979997E-1
 -2.0701001E+0	 -6.2040001E-1
 -2.0774000E+0	 -6.2070000E-1
 -2.0833001E+0	 -6.2220001E-1
 -2.0960000E+0	 -6.2379998E-1
 -2.1111000E+0	 -6.2550002E-1
 -2.1206000E+0	 -6.2610000E-1
 -2.1324000E+0	 -6.2790000E-1
 -2.1393001E+0	 -6.2930000E-1
 -2.1517000E+0	 -6.3069999E-1
 -2.1559999E+0	 -6.3110000E-1
 -2.1580000E+0	 -6.3169998E-1
 -2.1584001E+0	 -6.3180000E-1
 -2.1584001E+0	 -6.3190001E-1
 -2.1589999E+0	 -6.3190001E-1
 -2.1593001E+0	 -6.3190001E-1
 -2.1712000E+0	 -6.3330001E-1
 -2.1840999E+0	 -6.3480002E-1
 -2.1849999E+0	 -6.3510001E-1
 -2.1851001E+0	 -6.3520002E-1
 -2.1863999E+0	 -6.3529998E-1
 -2.1887000E+0	 -6.3550001E-1
 -2.1963999E+0	 -6.3580000E-1
 -2.2005000E+0	 -6.3700002E-1
 -2.2126999E+0	 -6.3840002E-1
 -2.2139001E+0	 -6.3870001E-1
 -2.2186999E+0	 -6.3880002E-1
 -2.2214999E+0	 -6.3959998E-1
 -2.2346001E+0	 -6.4109999E-1
 -2.2432001E+0	 -6.4209998E-1
 -2.2486000E+0	 -6.4240003E-1
 -2.2513001E+0	 -6.4319998E-1
 -2.2686999E+0	 -6.4520001E-1
 -2.2816000E+0	 -6.4660001E-1
 -2.2916999E+0	 -6.4760000E-1
 -2.2995999E+0	 -6.4819998E-1
 -2.3113000E+0	 -6.5030003E-1
 -2.3176999E+0	 -6.5100002E-1
 -2.3194001E+0	 -6.5120000E-1
 -2.3220000E+0	 -6.5140003E-1
 -2.3255000E+0	 -6.5200001E-1
 -2.3288000E+0	 -6.5240002E-1
 -2.3364000E+0	 -6.5280002E-1
 -2.3548000E+0	 -6.5359998E-1
 -2.3815000E+0	 -6.5840000E-1
 -2.4015999E+0	 -6.6049999E-1
 -2.4045999E+0	 -6.6100001E-1
 -2.4075999E+0	 -6.6119999E-1
 -2.4103000E+0	 -6.6180003E-1
 -2.4175999E+0	 -6.6250002E-1
 -2.4305999E+0	 -6.6320002E-1
 -2.4361000E+0	 -6.6450000E-1
 -2.4375000E+0	 -6.6479999E-1
 -2.4405000E+0	 -6.6509998E-1
 -2.4507999E+0	 -6.6560000E-1
 -2.4635000E+0	 -6.6640002E-1
 -2.4820001E+0	 -6.6970003E-1
 -2.4935999E+0	 -6.7089999E-1
 -2.4977000E+0	 -6.7129999E-1
 -2.5053999E+0	 -6.7159998E-1
 -2.5146999E+0	 -6.7330003E-1
 -2.5369000E+0	 -6.7559999E-1
 -2.5669999E+0	 -6.7760003E-1
 -2.5732000E+0	 -6.7960000E-1
 -2.5734999E+0	 -6.7970002E-1
 -2.5748000E+0	 -6.7979997E-1
 -2.5804999E+0	 -6.8019998E-1
 -2.5885999E+0	 -6.8049997E-1
 -2.5978999E+0	 -6.8220001E-1
 -2.6150999E+0	 -6.8390000E-1
 -2.6215999E+0	 -6.8440002E-1
 -2.6342001E+0	 -6.8480003E-1
 -2.6489999E+0	 -6.8750000E-1
 -2.6609001E+0	 -6.8870002E-1
 -2.6717000E+0	 -6.8949997E-1
 -2.6794000E+0	 -6.9010001E-1
 -2.6863000E+0	 -6.9139999E-1
 -2.6982999E+0	 -6.9260001E-1
 -2.7068999E+0	 -6.9319999E-1
 -2.7126000E+0	 -6.9360000E-1
 -2.7175000E+0	 -6.9450003E-1
 -2.7256999E+0	 -6.9529998E-1
 -2.7291999E+0	 -6.9559997E-1
 -2.7314000E+0	 -6.9580001E-1
 -2.7335999E+0	 -6.9620001E-1
 -2.7383001E+0	 -6.9660002E-1
 -2.7491000E+0	 -6.9760001E-1
 -2.7527001E+0	 -6.9790000E-1
 -2.7549000E+0	 -6.9830000E-1
 -2.7593999E+0	 -6.9870001E-1
 -2.7639999E+0	 -6.9910002E-1
 -2.7750001E+0	 -6.9929999E-1
 -2.7795999E+0	 -7.0080000E-1
 -2.7881000E+0	 -7.0160002E-1
 -2.7997000E+0	 -7.0240003E-1
 -2.8074999E+0	 -7.0289999E-1
 -2.8145001E+0	 -7.0420003E-1
 -2.8329999E+0	 -7.0590001E-1
 -2.8529999E+0	 -7.0740002E-1
 -2.8599000E+0	 -7.0819998E-1
 -2.8643999E+0	 -7.0910001E-1
 -2.8652999E+0	 -7.0920002E-1
 -2.8724000E+0	 -7.0969999E-1
 -2.8796999E+0	 -7.0990002E-1
 -2.8870001E+0	 -7.1120000E-1
 -2.8959999E+0	 -7.1210003E-1
 -2.9215000E+0	 -7.1390003E-1
 -2.9307001E+0	 -7.1480000E-1
 -2.9368000E+0	 -7.1600002E-1
 -2.9493999E+0	 -7.1710002E-1
 -2.9500000E+0	 -7.1719998E-1
 -2.9500000E+0	 -7.1730000E-1
 -2.9500000E+0	 -7.1730000E-1
 -2.9500000E+0	 -7.1730000E-1
 -2.9500000E+0	 -7.1730000E-1
 -2.9498999E+0	 -7.1730000E-1
 -2.9498999E+0	 -7.1730000E-1
 -2.9498000E+0	 -7.1730000E-1
 -2.9498000E+0	 -7.1730000E-1
 -2.9497001E+0	 -7.1730000E-1
 -2.9497001E+0	 -7.1730000E-1
 -2.9497001E+0	 -7.1730000E-1
 -2.9497001E+0	 -7.1730000E-1
 -2.9496000E+0	 -7.1730000E-1
 -2.9493001E+0	 -7.1730000E-1
 -2.9456000E+0	 -7.1700001E-1
 -2.9216001E+0	 -7.1569997E-1
 -2.9173000E+0	 -7.1539998E-1
 -2.9145000E+0	 -7.1509999E-1
 -2.9108000E+0	 -7.1490002E-1
 -2.8956001E+0	 -7.1410000E-1
 -2.8763001E+0	 -7.1380001E-1
 -2.8605001E+0	 -7.1160001E-1
 -2.8338001E+0	 -7.0980000E-1
 -2.8254001E+0	 -7.0929998E-1
 -2.8236001E+0	 -7.0920002E-1
 -2.8232999E+0	 -7.0910001E-1
 -2.8171999E+0	 -7.0870000E-1
 -2.8058000E+0	 -7.0810002E-1
 -2.8043001E+0	 -7.0789999E-1
 -2.8036001E+0	 -7.0779997E-1
 -2.8004999E+0	 -7.0760000E-1
 -2.7965000E+0	 -7.0740002E-1
 -2.7955999E+0	 -7.0730001E-1
 -2.7951000E+0	 -7.0719999E-1
 -2.7931001E+0	 -7.0700002E-1
 -2.7792001E+0	 -7.0630002E-1
 -2.7665000E+0	 -7.0599997E-1
 -2.7563000E+0	 -7.0450002E-1
 -2.7541001E+0	 -7.0429999E-1
 -2.7486999E+0	 -7.0400000E-1
 -2.7454000E+0	 -7.0389998E-1
 -2.7430999E+0	 -7.0359999E-1
 -2.7356999E+0	 -7.0310003E-1
 -2.7307000E+0	 -7.0279998E-1
 -2.7262001E+0	 -7.0270002E-1
 -2.7225001E+0	 -7.0209998E-1
 -2.7172999E+0	 -7.0169997E-1
 -2.7137001E+0	 -7.0150000E-1
 -2.7082000E+0	 -7.0150000E-1
 -2.7040999E+0	 -7.0080000E-1
 -2.6974001E+0	 -7.0029998E-1
 -2.6951001E+0	 -7.0020002E-1
 -2.6853001E+0	 -7.0010000E-1
 -2.6770999E+0	 -6.9880003E-1
 -2.6693001E+0	 -6.9830000E-1
 -2.6689999E+0	 -6.9819999E-1
 -2.6688001E+0	 -6.9819999E-1
 -2.6686001E+0	 -6.9819999E-1
 -2.6668000E+0	 -6.9809997E-1
 -2.6610000E+0	 -6.9770002E-1
 -2.6587000E+0	 -6.9760001E-1
 -2.6572001E+0	 -6.9739997E-1
 -2.6522000E+0	 -6.9700003E-1
 -2.6445000E+0	 -6.9650000E-1
 -2.6382000E+0	 -6.9639999E-1
 -2.6336999E+0	 -6.9569999E-1
 -2.6271999E+0	 -6.9520003E-1
 -2.6201999E+0	 -6.9470000E-1
 -2.6134000E+0	 -6.9459999E-1
 -2.6083000E+0	 -6.9379997E-1
 -2.6034999E+0	 -6.9340003E-1
 -2.6027999E+0	 -6.9330001E-1
 -2.6022999E+0	 -6.9330001E-1
 -2.6019001E+0	 -6.9330001E-1
 -2.5895000E+0	 -6.9239998E-1
 -2.5746000E+0	 -6.9129997E-1
 -2.5694001E+0	 -6.9110000E-1
 -2.5659001E+0	 -6.9050002E-1
 -2.5562999E+0	 -6.8980002E-1
 -2.5473001E+0	 -6.8919998E-1
 -2.5392001E+0	 -6.8900001E-1
 -2.5336001E+0	 -6.8800002E-1
 -2.5120001E+0	 -6.8640000E-1
 -2.5063000E+0	 -6.8599999E-1
 -2.4995000E+0	 -6.8589997E-1
 -2.4941001E+0	 -6.8500000E-1
 -2.4913001E+0	 -6.8470001E-1
 -2.4890001E+0	 -6.8460000E-1
 -2.4847000E+0	 -6.8449998E-1
 -2.4818001E+0	 -6.8400002E-1
 -2.4755001E+0	 -6.8349999E-1
 -2.4679000E+0	 -6.8300003E-1
 -2.4647000E+0	 -6.8279999E-1
 -2.4625001E+0	 -6.8239999E-1
 -2.4589000E+0	 -6.8210000E-1
 -2.4533000E+0	 -6.8169999E-1
 -2.4516001E+0	 -6.8159997E-1
 -2.4507000E+0	 -6.8150002E-1
 -2.4265001E+0	 -6.7949998E-1
 -2.4129000E+0	 -6.7860001E-1
 -2.4112999E+0	 -6.7830002E-1
 -2.4109001E+0	 -6.7820001E-1
 -2.4075999E+0	 -6.7799997E-1
 -2.4044001E+0	 -6.7769998E-1
 -2.4030001E+0	 -6.7760003E-1
 -2.4022000E+0	 -6.7750001E-1
 -2.3929000E+0	 -6.7680001E-1
 -2.3831999E+0	 -6.7610002E-1
 -2.3791001E+0	 -6.7589998E-1
 -2.3764000E+0	 -6.7540002E-1
 -2.3626001E+0	 -6.7420000E-1
 -2.3562000E+0	 -6.7379999E-1
 -2.3557999E+0	 -6.7360002E-1
 -2.3557999E+0	 -6.7360002E-1
 -2.3555000E+0	 -6.7360002E-1
 -2.3552001E+0	 -6.7360002E-1
 -2.3543999E+0	 -6.7360002E-1
 -2.3540001E+0	 -6.7350000E-1
 -2.3522999E+0	 -6.7330003E-1
 -2.3512001E+0	 -6.7330003E-1
 -2.3448999E+0	 -6.7309999E-1
 -2.3413999E+0	 -6.7240000E-1
 -2.3264999E+0	 -6.7119998E-1
 -2.3067000E+0	 -6.6970003E-1
 -2.3025999E+0	 -6.6930002E-1
 -2.3008001E+0	 -6.6890001E-1
 -2.3004999E+0	 -6.6890001E-1
 -2.2888999E+0	 -6.6810000E-1
 -2.2665999E+0	 -6.6750002E-1
 -2.2528000E+0	 -6.6479999E-1
 -2.2377000E+0	 -6.6339999E-1
 -2.2323000E+0	 -6.6299999E-1
 -2.2165999E+0	 -6.6270000E-1
 -2.2072001E+0	 -6.6070002E-1
 -2.1902001E+0	 -6.5920001E-1
 -2.1860001E+0	 -6.5880001E-1
 -2.1812000E+0	 -6.5859997E-1
 -2.1786001E+0	 -6.5810001E-1
 -2.1661000E+0	 -6.5700001E-1
 -2.1603000E+0	 -6.5649998E-1
 -2.1589999E+0	 -6.5630001E-1
 -2.1589000E+0	 -6.5630001E-1
 -2.1549001E+0	 -6.5590000E-1
 -2.1500001E+0	 -6.5549999E-1
 -2.1364999E+0	 -6.5520000E-1
 -2.1284001E+0	 -6.5340000E-1
 -2.1197000E+0	 -6.5259999E-1
 -2.1192000E+0	 -6.5259999E-1
 -2.1178000E+0	 -6.5249997E-1
 -2.1177001E+0	 -6.5240002E-1
 -2.1075001E+0	 -6.5149999E-1
 -2.0925000E+0	 -6.5030003E-1
 -2.0841999E+0	 -6.4990002E-1
 -2.0818000E+0	 -6.4899999E-1
 -2.0746000E+0	 -6.4829999E-1
 -2.0606000E+0	 -6.4719999E-1
 -2.0511000E+0	 -6.4670002E-1
 -2.0467999E+0	 -6.4560002E-1
 -2.0423999E+0	 -6.4520001E-1
 -2.0270000E+0	 -6.4399999E-1
 -2.0157001E+0	 -6.4340001E-1
 -2.0100000E+0	 -6.4200002E-1
 -2.0056000E+0	 -6.4160001E-1
 -1.9976000E+0	 -6.4090002E-1
 -1.9845999E+0	 -6.4050001E-1
 -1.9769000E+0	 -6.3870001E-1
 -1.9542000E+0	 -6.3650000E-1
 -1.9518000E+0	 -6.3620001E-1
 -1.9498000E+0	 -6.3599998E-1
 -1.9496000E+0	 -6.3590002E-1
 -1.9407001E+0	 -6.3499999E-1
 -1.9288000E+0	 -6.3400000E-1
 -1.9237000E+0	 -6.3360000E-1
 -1.9215000E+0	 -6.3300002E-1
 -1.9129000E+0	 -6.3220000E-1
 -1.8987000E+0	 -6.3090003E-1
 -1.8939000E+0	 -6.3029999E-1
 -1.8931000E+0	 -6.3010001E-1
 -1.8920000E+0	 -6.3000000E-1
 -1.8874000E+0	 -6.2959999E-1
 -1.8802000E+0	 -6.2900001E-1
 -1.8780000E+0	 -6.2870002E-1
 -1.8714000E+0	 -6.2779999E-1
 -1.8679000E+0	 -6.2750000E-1
 -1.8644000E+0	 -6.2720001E-1
 -1.8640000E+0	 -6.2699997E-1
 -1.8581001E+0	 -6.2639999E-1
 -1.8387001E+0	 -6.2459999E-1
 -1.8329000E+0	 -6.2379998E-1
 -1.8318000E+0	 -6.2360001E-1
 -1.8308001E+0	 -6.2349999E-1
 -1.8307000E+0	 -6.2339997E-1
 -1.8277000E+0	 -6.2320000E-1
 -1.8271000E+0	 -6.2300003E-1
 -1.8178000E+0	 -6.2210000E-1
 -1.8045000E+0	 -6.2080002E-1
 -1.8015000E+0	 -6.2040001E-1
 -1.8011000E+0	 -6.2019998E-1
 -1.8026000E+0	 -6.2029999E-1
 -1.8028001E+0	 -6.2029999E-1
 -1.8041000E+0	 -6.2040001E-1
 -1.8042001E+0	 -6.2040001E-1
 -1.8035001E+0	 -6.2040001E-1
 -1.7834001E+0	 -6.1860001E-1
 -1.7577000E+0	 -6.1619997E-1
 -1.7517000E+0	 -6.1470002E-1
 -1.7440000E+0	 -6.1390001E-1
 -1.7248000E+0	 -6.1210001E-1
 -1.6941000E+0	 -6.0920000E-1
 -1.6867000E+0	 -6.0729998E-1
 -1.6784000E+0	 -6.0630000E-1
 -1.6731000E+0	 -6.0579997E-1
 -1.6635000E+0	 -6.0490000E-1
 -1.6611000E+0	 -6.0430002E-1
 -1.6550000E+0	 -6.0360003E-1
 -1.6486000E+0	 -6.0290003E-1
 -1.6458000E+0	 -6.0250002E-1
 -1.6453000E+0	 -6.0240000E-1
 -1.6416000E+0	 -6.0189998E-1
 -1.6311001E+0	 -6.0089999E-1
 -1.6253999E+0	 -6.0020000E-1
 -1.6242000E+0	 -5.9990001E-1
 -1.6200000E+0	 -5.9939998E-1
 -1.6119000E+0	 -5.9850001E-1
 -1.6059000E+0	 -5.9789997E-1
 -1.6045001E+0	 -5.9750003E-1
 -1.5951999E+0	 -5.9640002E-1
 -1.5864000E+0	 -5.9549999E-1
 -1.5831000E+0	 -5.9500003E-1
 -1.5825000E+0	 -5.9480000E-1
 -1.5752000E+0	 -5.9390002E-1
 -1.5713000E+0	 -5.9350002E-1
 -1.5663000E+0	 -5.9299999E-1
 -1.5650001E+0	 -5.9259999E-1
 -1.5601000E+0	 -5.9200001E-1
 -1.5573000E+0	 -5.9170002E-1
 -1.5512000E+0	 -5.9119999E-1
 -1.5488000E+0	 -5.9069997E-1
 -1.5424000E+0	 -5.8980000E-1
 -1.5407000E+0	 -5.8960003E-1
 -1.5378000E+0	 -5.8929998E-1
 -1.5369999E+0	 -5.8910000E-1
 -1.5299000E+0	 -5.8819997E-1
 -1.5144000E+0	 -5.8649999E-1
 -1.5039001E+0	 -5.8530003E-1
 -1.5014000E+0	 -5.8459997E-1
 -1.4987000E+0	 -5.8420002E-1
 -1.4936000E+0	 -5.8370000E-1
 -1.4931999E+0	 -5.8350003E-1
 -1.4931000E+0	 -5.8350003E-1
 -1.4778000E+0	 -5.8209997E-1
 -1.4732000E+0	 -5.8090001E-1
 -1.4693000E+0	 -5.8039999E-1
 -1.4647000E+0	 -5.7990003E-1
 -1.4618000E+0	 -5.7950002E-1
 -1.4612000E+0	 -5.7929999E-1
 -1.4507999E+0	 -5.7800001E-1
 -1.4413000E+0	 -5.7690001E-1
 -1.4339000E+0	 -5.7599998E-1
 -1.4323000E+0	 -5.7550001E-1
 -1.4208000E+0	 -5.7389998E-1
 -1.4125000E+0	 -5.7300001E-1
 -1.4097000E+0	 -5.7249999E-1
 -1.4092000E+0	 -5.7230002E-1
 -1.4083000E+0	 -5.7220000E-1
 -1.4062999E+0	 -5.7200003E-1
 -1.4026999E+0	 -5.7169998E-1
 -1.4018000E+0	 -5.7130003E-1
 -1.3922000E+0	 -5.7010001E-1
 -1.3872000E+0	 -5.6950003E-1
 -1.3749000E+0	 -5.6819999E-1
 -1.3713000E+0	 -5.6720001E-1
 -1.3578000E+0	 -5.6529999E-1
 -1.3558000E+0	 -5.6500000E-1
 -1.3522000E+0	 -5.6459999E-1
 -1.3513000E+0	 -5.6430000E-1
 -1.3394001E+0	 -5.6269997E-1
 -1.3164999E+0	 -5.5989999E-1
 -1.3087000E+0	 -5.5849999E-1
 -1.3074000E+0	 -5.5809999E-1
 -1.3052000E+0	 -5.5769998E-1
 -1.3006001E+0	 -5.5720001E-1
 -1.2934000E+0	 -5.5640000E-1
 -1.2907000E+0	 -5.5580002E-1
 -1.2855000E+0	 -5.5489999E-1
 -1.2840000E+0	 -5.5470002E-1
 -1.2789000E+0	 -5.5419999E-1
 -1.2775000E+0	 -5.5369997E-1
 -1.2688000E+0	 -5.5250001E-1
 -1.2643000E+0	 -5.5190003E-1
 -1.2589999E+0	 -5.5119997E-1
 -1.2575999E+0	 -5.5080003E-1
 -1.2542000E+0	 -5.5030000E-1
 -1.2516000E+0	 -5.4990000E-1
 -1.2416000E+0	 -5.4890001E-1
 -1.2386000E+0	 -5.4799998E-1
 -1.2294000E+0	 -5.4659998E-1
 -1.2209001E+0	 -5.4540002E-1
 -1.2153000E+0	 -5.4460001E-1
 -1.2138000E+0	 -5.4420000E-1
 -1.2049000E+0	 -5.4280001E-1
 -1.2024000E+0	 -5.4240000E-1
 -1.2000999E+0	 -5.4210001E-1
 -1.1993001E+0	 -5.4189998E-1
 -1.1894000E+0	 -5.4040003E-1
 -1.1806999E+0	 -5.3920001E-1
 -1.1783000E+0	 -5.3869998E-1
 -1.1778001E+0	 -5.3850001E-1
 -1.1737000E+0	 -5.3789997E-1
 -1.1710000E+0	 -5.3750002E-1
 -1.1687000E+0	 -5.3719997E-1
 -1.1681000E+0	 -5.3700000E-1
 -1.1658000E+0	 -5.3659999E-1
 -1.1628000E+0	 -5.3619999E-1
 -1.1595000E+0	 -5.3579998E-1
 -1.1586000E+0	 -5.3549999E-1
 -1.1544000E+0	 -5.3479999E-1
 -1.1467000E+0	 -5.3380001E-1
 -1.1399000E+0	 -5.3289998E-1
 -1.1378000E+0	 -5.3219998E-1
 -1.1361001E+0	 -5.3189999E-1
 -1.1346000E+0	 -5.3170002E-1
 -1.1313000E+0	 -5.3130001E-1
 -1.1302000E+0	 -5.3100002E-1
 -1.1231000E+0	 -5.2980000E-1
 -1.1158000E+0	 -5.2880001E-1
 -1.1114000E+0	 -5.2810001E-1
 -1.1100000E+0	 -5.2770001E-1
 -1.1027000E+0	 -5.2649999E-1
 -1.0846000E+0	 -5.2389997E-1
 -1.0760000E+0	 -5.2240002E-1
 -1.0739000E+0	 -5.2160001E-1
 -1.0727000E+0	 -5.2139997E-1
 -1.0717000E+0	 -5.2120000E-1
 -1.0694000E+0	 -5.2090001E-1
 -1.0687000E+0	 -5.2069998E-1
 -1.0657001E+0	 -5.2020001E-1
 -1.0646000E+0	 -5.1999998E-1
 -1.0620000E+0	 -5.1969999E-1
 -1.0611000E+0	 -5.1950002E-1
 -1.0578001E+0	 -5.1889998E-1
 -1.0523000E+0	 -5.1810002E-1
 -1.0452000E+0	 -5.1709998E-1
 -1.0431000E+0	 -5.1639998E-1
 -1.0402000E+0	 -5.1580000E-1
 -1.0328000E+0	 -5.1470000E-1
 -1.0265000E+0	 -5.1380002E-1
 -1.0249000E+0	 -5.1319999E-1
 -1.0219001E+0	 -5.1270002E-1
 -1.0171000E+0	 -5.1190001E-1
 -1.0075999E+0	 -5.1069999E-1
 -1.0039001E+0	 -5.0970000E-1
 -9.9510002E-1	 -5.0790000E-1
 -9.8909998E-1	 -5.0700003E-1
 -9.8559999E-1	 -5.0639999E-1
 -9.8409998E-1	 -5.0599998E-1
 -9.7589999E-1	 -5.0449997E-1
 -9.6960002E-1	 -5.0349998E-1
 -9.6399999E-1	 -5.0260001E-1
 -9.6210003E-1	 -5.0199997E-1
 -9.5249999E-1	 -5.0019997E-1
 -9.4379997E-1	 -4.9880001E-1
 -9.3720001E-1	 -4.9770001E-1
 -9.3440002E-1	 -4.9700001E-1
 -9.1799998E-1	 -4.9380001E-1
 -9.1289997E-1	 -4.9280000E-1
 -9.0930003E-1	 -4.9219999E-1
 -9.0799999E-1	 -4.9180001E-1
 -9.0170002E-1	 -4.9050000E-1
 -8.9440000E-1	 -4.8930001E-1
 -8.8569999E-1	 -4.8809999E-1
 -8.8279998E-1	 -4.8690000E-1
 -8.7919998E-1	 -4.8620000E-1
 -8.7500000E-1	 -4.8539999E-1
 -8.6570001E-1	 -4.8420000E-1
 -8.6129999E-1	 -4.8289999E-1
 -8.4340000E-1	 -4.7920001E-1
 -8.3350003E-1	 -4.7740000E-1
 -8.2830000E-1	 -4.7630000E-1
 -8.2639998E-1	 -4.7569999E-1
 -8.2120001E-1	 -4.7450000E-1
 -8.0980003E-1	 -4.7250000E-1
 -8.0369997E-1	 -4.7119999E-1
 -8.0150002E-1	 -4.7049999E-1
 -7.9519999E-1	 -4.6910000E-1
 -7.8899997E-1	 -4.6790001E-1
 -7.8109998E-1	 -4.6660000E-1
 -7.7789998E-1	 -4.6550000E-1
 -7.7329999E-1	 -4.6439999E-1
 -7.6819998E-1	 -4.6340001E-1
 -7.5950003E-1	 -4.6210000E-1
 -7.5540000E-1	 -4.6079999E-1
 -7.4519998E-1	 -4.5829999E-1
 -7.3960000E-1	 -4.5710000E-1
 -7.3680001E-1	 -4.5649999E-1
 -7.3540002E-1	 -4.5609999E-1
 -7.2979999E-1	 -4.5480001E-1
 -7.2119999E-1	 -4.5310000E-1
 -7.1749997E-1	 -4.5220000E-1
 -7.1619999E-1	 -4.5170000E-1
 -7.1509999E-1	 -4.5130000E-1
 -7.0580000E-1	 -4.4970000E-1
 -6.9849998E-1	 -4.4819999E-1
 -6.9620001E-1	 -4.4710001E-1
 -6.9450003E-1	 -4.4659999E-1
 -6.9169998E-1	 -4.4610000E-1
 -6.8959999E-1	 -4.4560000E-1
 -6.8790001E-1	 -4.4530001E-1
 -6.8059999E-1	 -4.4350001E-1
 -6.7460001E-1	 -4.4220001E-1
 -6.7150003E-1	 -4.4139999E-1
 -6.6990000E-1	 -4.4090000E-1
 -6.6750002E-1	 -4.4029999E-1
 -6.5950000E-1	 -4.3860000E-1
 -6.5530002E-1	 -4.3759999E-1
 -6.5280002E-1	 -4.3689999E-1
 -6.4600003E-1	 -4.3520001E-1
 -6.3620001E-1	 -4.3309999E-1
 -6.2739998E-1	 -4.3130001E-1
 -6.2360001E-1	 -4.2989999E-1
 -6.1780000E-1	 -4.2820001E-1
 -6.0290003E-1	 -4.2510000E-1
 -5.9359998E-1	 -4.2250001E-1
 -5.8910000E-1	 -4.2080000E-1
 -5.8730000E-1	 -4.2019999E-1
 -5.8319998E-1	 -4.1929999E-1
 -5.7720000E-1	 -4.1810000E-1
 -5.7319999E-1	 -4.1679999E-1
 -5.6840003E-1	 -4.1530001E-1
 -5.6629997E-1	 -4.1470000E-1
 -5.6220001E-1	 -4.1389999E-1
 -5.5879998E-1	 -4.1299999E-1
 -5.5339998E-1	 -4.1130000E-1
 -5.5000001E-1	 -4.1040000E-1
 -5.4710001E-1	 -4.0970001E-1
 -5.4540002E-1	 -4.0910000E-1
 -5.4329997E-1	 -4.0840000E-1
 -5.4180002E-1	 -4.0810001E-1
 -5.4089999E-1	 -4.0779999E-1
 -5.4049999E-1	 -4.0759999E-1
 -5.3990000E-1	 -4.0740001E-1
 -5.3930002E-1	 -4.0730000E-1
 -5.3700000E-1	 -4.0689999E-1
 -5.3549999E-1	 -4.0630001E-1
 -5.3390002E-1	 -4.0580001E-1
 -5.3219998E-1	 -4.0540001E-1
 -5.3070003E-1	 -4.0500000E-1
 -5.2969998E-1	 -4.0470001E-1
 -5.2829999E-1	 -4.0419999E-1
 -5.2569997E-1	 -4.0360001E-1
 -5.2190000E-1	 -4.0279999E-1
 -5.1870000E-1	 -4.0189999E-1
 -5.1349998E-1	 -4.0020001E-1
 -5.0749999E-1	 -3.9870000E-1
 -5.0430000E-1	 -3.9770001E-1
 -5.0209999E-1	 -3.9710000E-1
 -4.9759999E-1	 -3.9559999E-1
 -4.9079999E-1	 -3.9399999E-1
 -4.8660001E-1	 -3.9260000E-1
 -4.8469999E-1	 -3.9179999E-1
 -4.8400000E-1	 -3.9140001E-1
 -4.8339999E-1	 -3.9129999E-1
 -4.8109999E-1	 -3.9089999E-1
 -4.7960001E-1	 -3.9030001E-1
 -4.7780001E-1	 -3.8970000E-1
 -4.7160000E-1	 -3.8810000E-1
 -4.6360001E-1	 -3.8630000E-1
 -4.5879999E-1	 -3.8429999E-1
 -4.5519999E-1	 -3.8290000E-1
 -4.5010000E-1	 -3.8159999E-1
 -4.4119999E-1	 -3.7950000E-1
 -4.3480000E-1	 -3.7700000E-1
 -4.3130001E-1	 -3.7549999E-1
 -4.2840001E-1	 -3.7459999E-1
 -4.2739999E-1	 -3.7410000E-1
 -4.2680001E-1	 -3.7390000E-1
 -4.2609999E-1	 -3.7360001E-1
 -4.2460001E-1	 -3.7320000E-1
 -4.1940001E-1	 -3.7210000E-1
 -4.1130000E-1	 -3.7059999E-1
 -4.0570000E-1	 -3.6730000E-1
 -3.9350000E-1	 -3.6399999E-1
 -3.8620001E-1	 -3.6140001E-1
 -3.8130000E-1	 -3.5940000E-1
 -3.7670001E-1	 -3.5749999E-1
 -3.7360001E-1	 -3.5640001E-1
 -3.7040001E-1	 -3.5550001E-1
 -3.6750001E-1	 -3.5460001E-1
 -3.6199999E-1	 -3.5240000E-1
 -3.5820001E-1	 -3.5100001E-1
 -3.5440001E-1	 -3.4999999E-1
 -3.5069999E-1	 -3.4880000E-1
 -3.4580001E-1	 -3.4660000E-1
 -3.4099999E-1	 -3.4500000E-1
 -3.3750001E-1	 -3.4380001E-1
 -3.3559999E-1	 -3.4299999E-1
 -3.3270001E-1	 -3.4169999E-1
 -3.3199999E-1	 -3.4130001E-1
 -3.3100000E-1	 -3.4099999E-1
 -3.2789999E-1	 -3.4000000E-1
 -3.2049999E-1	 -3.3739999E-1
 -3.1340000E-1	 -3.3500001E-1
 -3.0880001E-1	 -3.3320001E-1
 -3.0480000E-1	 -3.3180001E-1
 -2.9949999E-1	 -3.2929999E-1
 -2.9640001E-1	 -3.2800001E-1
 -2.9010001E-1	 -3.2630000E-1
 -2.8439999E-1	 -3.2400000E-1
 -2.7750000E-1	 -3.2060000E-1
 -2.7469999E-1	 -3.1930000E-1
 -2.7190000E-1	 -3.1830001E-1
 -2.6690999E-1	 -3.1729999E-1
 -2.6019001E-1	 -3.1549999E-1
 -2.4423000E-1	 -3.0779999E-1
 -2.3571000E-1	 -3.0370000E-1
 -2.3124000E-1	 -3.0090001E-1
 -2.2980000E-1	 -2.9990000E-1
 -2.2882000E-1	 -2.9940000E-1
 -2.2753000E-1	 -2.9899999E-1
 -2.2545999E-1	 -2.9850000E-1
 -2.2176000E-1	 -2.9650000E-1
 -2.1752000E-1	 -2.9480001E-1
 -2.1481000E-1	 -2.9350001E-1
 -2.1263000E-1	 -2.9249999E-1
 -2.0961000E-1	 -2.9089999E-1
 -2.0133001E-1	 -2.8760001E-1
 -1.9708000E-1	 -2.8529999E-1
 -1.9503000E-1	 -2.8410000E-1
 -1.9351000E-1	 -2.8310001E-1
 -1.8989000E-1	 -2.8140000E-1
 -1.8561999E-1	 -2.7990001E-1
 -1.8187000E-1	 -2.7810001E-1
 -1.7907999E-1	 -2.7620000E-1
 -1.7592999E-1	 -2.7469999E-1
 -1.7321999E-1	 -2.7340001E-1
 -1.6954000E-1	 -2.7219999E-1
 -1.6334000E-1	 -2.6693001E-1
 -1.5793000E-1	 -2.6541999E-1
 -1.5524000E-1	 -2.6372999E-1
 -1.5250000E-1	 -2.6280999E-1
 -1.4860000E-1	 -2.6017001E-1
 -1.4399000E-1	 -2.5788000E-1
 -1.3947000E-1	 -2.5560999E-1
 -1.3547000E-1	 -2.5378999E-1
 -1.2955999E-1	 -2.4976000E-1
 -1.1909000E-1	 -2.4465001E-1
 -1.0804000E-1	 -2.3889001E-1
 -9.9569999E-2	 -2.3334999E-1
 -9.2840001E-2	 -2.2804999E-1
 -8.8310003E-2	 -2.2496000E-1
 -8.4119998E-2	 -2.2244000E-1
 -7.8730002E-2	 -2.1997000E-1
 -7.0940003E-2	 -2.1388000E-1
 -6.3780002E-2	 -2.0908000E-1
 -5.1390000E-2	 -2.0287000E-1
 -3.5530001E-2	 -1.9352999E-1
 -1.9940000E-2	 -1.7935000E-1
 -9.7599998E-3	 -1.7072000E-1
 -4.9200002E-3	 -1.6564000E-1
 -2.6100001E-3	 -1.6314000E-1
 -1.4900001E-3	 -1.6182999E-1
 -9.2999998E-4	 -1.6113999E-1
 -6.3000002E-4	 -1.6075000E-1
 -4.7999999E-4	 -1.6049001E-1
 -3.9000000E-4	 -1.6035999E-1
 -3.3000001E-4	 -1.6024999E-1
 -2.9000000E-4	 -1.6019000E-1
 -2.9000000E-4	 -1.6013999E-1
 -2.8000001E-4	 -1.6011000E-1
 -2.6000000E-4	 -1.6007000E-1
 -2.6000000E-4	 -1.6004001E-1
 -2.3999999E-4	 -1.6001000E-1
 -2.2000000E-4	 -1.5998000E-1
 -2.2000000E-4	 -1.5997000E-1
 -2.2000000E-4	 -1.5995000E-1
 -2.3999999E-4	 -1.5994000E-1
 9.9999997E-6	 -1.5989999E-1
 1.2000000E-4	 -1.5982001E-1
 1.3000000E-4	 -1.5978000E-1
 1.5000001E-4	 -1.5975000E-1
 1.5000001E-4	 -1.5973000E-1
 1.4000000E-4	 -1.5970001E-1
 1.6000000E-4	 -1.5968999E-1
 1.5000001E-4	 -1.5967000E-1
 1.7000000E-4	 -1.5965000E-1
 1.6000000E-4	 -1.5964000E-1
 1.9999999E-4	 -1.5962000E-1
 1.8000000E-4	 -1.5961000E-1
 -1.9999999E-4	 -1.5966000E-1
 -2.1000000E-4	 -1.5966000E-1
 -2.2000000E-4	 -1.5965000E-1
 -1.9999999E-4	 -1.5964000E-1
 -2.1000000E-4	 -1.5965000E-1
 -1.9000001E-4	 -1.5964000E-1
 -1.9999999E-4	 -1.5963000E-1
 -1.9999999E-4	 -1.5964000E-1
 -1.8000000E-4	 -1.5963000E-1
 -1.9000001E-4	 -1.5963000E-1
 1.8000000E-4	 -1.5956999E-1
 1.9000001E-4	 -1.5955000E-1
 2.1000000E-4	 -1.5955000E-1
 2.1000000E-4	 -1.5953000E-1
 1.9999999E-4	 -1.5953000E-1
 2.1000000E-4	 -1.5951000E-1
 2.1000000E-4	 -1.5952000E-1
 1.9999999E-4	 -1.5950000E-1
 2.3999999E-4	 -1.5949000E-1
 2.6000000E-4	 -1.5947001E-1
 2.5000001E-4	 -1.5948001E-1
 2.3000001E-4	 -1.5948001E-1
 2.1000000E-4	 -1.5947001E-1
 2.2000000E-4	 -1.5945999E-1
 2.1000000E-4	 -1.5944999E-1
 2.2000000E-4	 -1.5944999E-1
 2.5000001E-4	 -1.5944000E-1
 2.3000001E-4	 -1.5944000E-1
 2.1000000E-4	 -1.5944000E-1
 2.1000000E-4	 -1.5943000E-1
 2.1000000E-4	 -1.5942000E-1
 2.3000001E-4	 -1.5942000E-1
 2.3000001E-4	 -1.5942000E-1
 2.1000000E-4	 -1.5942000E-1
 2.2000000E-4	 -1.5942000E-1
 2.3000001E-4	 -1.5942000E-1
 2.3000001E-4	 -1.5941000E-1
 2.2000000E-4	 -1.5940000E-1
 3.0000001E-4	 -1.5939000E-1
 5.7199998E-3	 -1.5823001E-1
 1.1800000E-2	 -1.5261000E-1
 1.9370001E-2	 -1.4683001E-1
 2.6070001E-2	 -1.4170000E-1
 3.4990001E-2	 -1.3625000E-1
 4.3079998E-2	 -1.2819000E-1
 5.2390002E-2	 -1.2066000E-1
 5.9900001E-2	 -1.1467000E-1
 6.6760004E-2	 -1.0915000E-1
 7.0079997E-2	 -1.0521000E-1
 7.5999998E-2	 -1.0053000E-1
 8.2649998E-2	 -9.5749997E-2
 8.9460000E-2	 -9.0590000E-2
 9.6680000E-2	 -8.4210001E-2
 1.0620000E-1	 -7.6719999E-2
 1.1318000E-1	 -7.0780002E-2
 1.1846000E-1	 -6.5820001E-2
 1.2352000E-1	 -6.1570000E-2
 1.3028000E-1	 -5.5640001E-2
 1.3706000E-1	 -5.0489999E-2
 1.4292000E-1	 -4.5839999E-2
 1.4775001E-1	 -4.1239999E-2
 1.5433000E-1	 -3.6049999E-2
 1.6487999E-1	 -2.8770000E-2
 1.7451000E-1	 -1.7685000E-2
 1.8463001E-1	 -1.3478000E-2
 1.9160999E-1	 -6.9060000E-3
 1.9788000E-1	 -1.0190000E-3
 2.0536999E-1	 4.0460001E-3
 2.0949000E-1	 9.0800002E-3
 2.1428999E-1	 1.3068000E-2
 2.1946000E-1	 1.6969001E-2
 2.2359000E-1	 2.0276999E-2
 2.2657999E-1	 2.3149000E-2
 2.2914000E-1	 2.5308000E-2
 2.3167001E-1	 2.7246000E-2
 2.4946000E-1	 4.4050001E-2
 2.7436000E-1	 5.3780001E-2
 2.8867000E-1	 6.7019999E-2
 2.9912001E-1	 7.6920003E-2
 3.0880001E-1	 8.3559997E-2
 3.1520000E-1	 9.0429999E-2
 3.1889999E-1	 9.3939997E-2
 3.2480001E-1	 9.8119996E-2
 3.3270001E-1	 1.0270000E-1
 3.3829999E-1	 1.0730000E-1
 3.4770000E-1	 1.1420000E-1
 3.5670000E-1	 1.2028000E-1
 3.6620000E-1	 1.2622000E-1
 3.7200001E-1	 1.3151000E-1
 3.7970001E-1	 1.3708000E-1
 3.8550001E-1	 1.4128999E-1
 3.9390001E-1	 1.4541000E-1
 3.9910001E-1	 1.5051000E-1
 4.0419999E-1	 1.5430000E-1
 4.1299999E-1	 1.5928000E-1
 4.2649999E-1	 1.6565000E-1
 4.3540001E-1	 1.7329000E-1
 4.4610000E-1	 1.8062000E-1
 4.5550001E-1	 1.8639000E-1
 4.6390000E-1	 1.9120000E-1
 4.6890000E-1	 1.9513001E-1
 4.7620001E-1	 1.9984999E-1
 4.8629999E-1	 2.0525999E-1
 4.9649999E-1	 2.1037000E-1
 5.0199997E-1	 2.1500000E-1
 5.0770003E-1	 2.1876000E-1
 5.1690000E-1	 2.2328000E-1
 5.2550000E-1	 2.2770999E-1
 5.3049999E-1	 2.3130000E-1
 5.3630000E-1	 2.3498000E-1
 5.4140002E-1	 2.3783000E-1
 5.4500002E-1	 2.3987000E-1
 5.4670000E-1	 2.4122000E-1
 5.4850000E-1	 2.4236999E-1
 5.5180001E-1	 2.4382000E-1
 5.5580002E-1	 2.4551000E-1
 5.5849999E-1	 2.4724001E-1
 5.6199998E-1	 2.4931000E-1
 5.6620002E-1	 2.5152001E-1
 5.7150000E-1	 2.5338000E-1
 5.7370001E-1	 2.5533000E-1
 5.7539999E-1	 2.5661999E-1
 5.7969999E-1	 2.5849000E-1
 5.8649999E-1	 2.6082999E-1
 5.9009999E-1	 2.6330000E-1
 5.9680003E-1	 2.6695001E-1
 6.0829997E-1	 2.7182001E-1
 6.2629998E-1	 2.7799001E-1
 6.3440001E-1	 2.8408000E-1
 6.4469999E-1	 2.8975001E-1
 6.5319997E-1	 2.9378000E-1
 6.5899998E-1	 2.9651001E-1
 6.6280001E-1	 2.9835999E-1
 6.6880000E-1	 3.0142999E-1
 6.7330003E-1	 3.0399999E-1
 6.8000001E-1	 3.0599999E-1
 6.8739998E-1	 3.0849999E-1
 6.9290000E-1	 3.1160000E-1
 7.0310003E-1	 3.1560001E-1
 7.1230000E-1	 3.1909999E-1
 7.1759999E-1	 3.2179999E-1
 7.2369999E-1	 3.2490000E-1
 7.3240000E-1	 3.2820001E-1
 7.3960000E-1	 3.3070001E-1
 7.4360001E-1	 3.3239999E-1
 7.5220001E-1	 3.3629999E-1
 7.6459998E-1	 3.4070000E-1
 7.8079998E-1	 3.4540001E-1
 7.9030001E-1	 3.5010001E-1
 8.0010003E-1	 3.5479999E-1
 8.0400002E-1	 3.5640001E-1
 8.0879998E-1	 3.5789999E-1
 8.1379998E-1	 3.5920000E-1
 8.2349998E-1	 3.6350000E-1
 8.3029997E-1	 3.6570001E-1
 8.3800000E-1	 3.6840001E-1
 8.4390002E-1	 3.6989999E-1
 8.5219997E-1	 3.7369999E-1
 8.5409999E-1	 3.7450001E-1
 8.5560000E-1	 3.7509999E-1
 8.5699999E-1	 3.7540001E-1
 8.5930002E-1	 3.7630001E-1
 8.6189997E-1	 3.7720001E-1
 8.6650002E-1	 3.7830001E-1
 8.7150002E-1	 3.7940001E-1
 8.8260001E-1	 3.8350001E-1
 8.8690001E-1	 3.8530001E-1
 8.9679998E-1	 3.8740000E-1
 9.0750003E-1	 3.8960001E-1
 9.2960000E-1	 3.9829999E-1
 9.4749999E-1	 4.0390000E-1
 9.5520002E-1	 4.0640000E-1
 9.5789999E-1	 4.0750000E-1
 9.6149999E-1	 4.0900001E-1
 9.7259998E-1	 4.1180000E-1
 9.8659998E-1	 4.1540000E-1
 9.9250001E-1	 4.1710001E-1
 9.9769998E-1	 4.1960001E-1
 1.0010000E+0	 4.2050001E-1
 1.0110000E+0	 4.2219999E-1
 1.0164000E+0	 4.2399999E-1
 1.0247000E+0	 4.2699999E-1
 1.0296000E+0	 4.2850000E-1
 1.0323000E+0	 4.2919999E-1
 1.0350000E+0	 4.2960000E-1
 1.0391999E+0	 4.3110001E-1
 1.0499001E+0	 4.3370000E-1
 1.0587000E+0	 4.3619999E-1
 1.0630000E+0	 4.3720001E-1
 1.0664001E+0	 4.3860000E-1
 1.0761000E+0	 4.4080001E-1
 1.0829000E+0	 4.4229999E-1
 1.0869000E+0	 4.4340000E-1
 1.0925000E+0	 4.4549999E-1
 1.1066000E+0	 4.4859999E-1
 1.1237000E+0	 4.5240000E-1
 1.1269000E+0	 4.5400000E-1
 1.1280000E+0	 4.5460001E-1
 1.1316000E+0	 4.5530000E-1
 1.1479000E+0	 4.5789999E-1
 1.1552000E+0	 4.6050000E-1
 1.1611000E+0	 4.6239999E-1
 1.1734999E+0	 4.6520001E-1
 1.1831000E+0	 4.6740001E-1
 1.1895000E+0	 4.6830001E-1
 1.1952000E+0	 4.7049999E-1
 1.2038000E+0	 4.7240001E-1
 1.2121000E+0	 4.7420001E-1
 1.2172000E+0	 4.7499999E-1
 1.2216001E+0	 4.7679999E-1
 1.2270000E+0	 4.7790000E-1
 1.2731000E+0	 4.8670000E-1
 1.2845000E+0	 4.9050000E-1
 1.2857000E+0	 4.9110001E-1
 1.2859000E+0	 4.9120000E-1
 1.2867000E+0	 4.9140000E-1
 1.2882000E+0	 4.9149999E-1
 1.2898000E+0	 4.9200001E-1
 1.2936000E+0	 4.9270001E-1
 1.3049001E+0	 4.9460000E-1
 1.3082000E+0	 4.9550000E-1
 1.3109000E+0	 4.9630001E-1
 1.3145000E+0	 4.9710000E-1
 1.3260000E+0	 4.9919999E-1
 1.3316000E+0	 4.9990001E-1
 1.3381000E+0	 5.0190002E-1
 1.3419000E+0	 5.0269997E-1
 1.3472000E+0	 5.0370002E-1
 1.3544000E+0	 5.0419998E-1
 1.3622000E+0	 5.0669998E-1
 1.3713000E+0	 5.0849998E-1
 1.3806000E+0	 5.1020002E-1
 1.3855000E+0	 5.1099998E-1
 1.3911000E+0	 5.1249999E-1
 1.4035000E+0	 5.1480001E-1
 1.4076999E+0	 5.1580000E-1
 1.4107000E+0	 5.1609999E-1
 1.4135000E+0	 5.1700002E-1
 1.4180000E+0	 5.1779997E-1
 1.4238000E+0	 5.1880002E-1
 1.4270999E+0	 5.1929998E-1
 1.4306000E+0	 5.2029997E-1
 1.4340000E+0	 5.2100003E-1
 1.4376000E+0	 5.2160001E-1
 1.4392999E+0	 5.2179998E-1
 1.4409000E+0	 5.2230000E-1
 1.4453000E+0	 5.2310002E-1
 1.4528000E+0	 5.2429998E-1
 1.4630001E+0	 5.2499998E-1
 1.4700000E+0	 5.2759999E-1
 1.4805000E+0	 5.2950001E-1
 1.4835000E+0	 5.3020000E-1
 1.4861000E+0	 5.3049999E-1
 1.4877000E+0	 5.3100002E-1
 1.4963000E+0	 5.3240001E-1
 1.5109000E+0	 5.3479999E-1
 1.5196000E+0	 5.3570002E-1
 1.5273000E+0	 5.3810000E-1
 1.5368000E+0	 5.3969997E-1
 1.5552000E+0	 5.4259998E-1
 1.5568000E+0	 5.4339999E-1
 1.5570000E+0	 5.4360002E-1
 1.5670000E+0	 5.4479998E-1
 1.5693001E+0	 5.4560000E-1
 1.5694000E+0	 5.4570001E-1
 1.5738000E+0	 5.4640001E-1
 1.5752000E+0	 5.4659998E-1
 1.5803000E+0	 5.4710001E-1
 1.5815001E+0	 5.4769999E-1
 1.5871000E+0	 5.4869998E-1
 1.5880001E+0	 5.4890001E-1
 1.5892000E+0	 5.4900002E-1
 1.5894001E+0	 5.4909998E-1
 1.6019000E+0	 5.5110002E-1
 1.6178000E+0	 5.5330002E-1
 1.6308000E+0	 5.5519998E-1
 1.6335000E+0	 5.5650002E-1
 1.6440001E+0	 5.5820000E-1
 1.6485000E+0	 5.5879998E-1
 1.6576000E+0	 5.5980003E-1
 1.6596000E+0	 5.6080002E-1
 1.6701000E+0	 5.6239998E-1
 1.6772000E+0	 5.6339997E-1
 1.6818000E+0	 5.6410003E-1
 1.6826000E+0	 5.6459999E-1
 1.6889000E+0	 5.6550002E-1
 1.6925000E+0	 5.6599998E-1
 1.6971999E+0	 5.6660002E-1
 1.6982000E+0	 5.6699997E-1
 1.7158999E+0	 5.6970000E-1
 1.7280999E+0	 5.7139999E-1
 1.7302001E+0	 5.7209998E-1
 1.7302999E+0	 5.7220000E-1
 1.7325000E+0	 5.7249999E-1
 1.7404000E+0	 5.7340002E-1
 1.7506000E+0	 5.7470000E-1
 1.7526000E+0	 5.7560003E-1
 1.7659000E+0	 5.7749999E-1
 1.7822000E+0	 5.7959998E-1
 1.7917000E+0	 5.8099997E-1
 1.7932000E+0	 5.8179998E-1
 1.8089000E+0	 5.8399999E-1
 1.8210000E+0	 5.8560002E-1
 1.8286999E+0	 5.8670002E-1
 1.8298000E+0	 5.8730000E-1
 1.8472000E+0	 5.8969998E-1
 1.8550000E+0	 5.9069997E-1
 1.8630000E+0	 5.9170002E-1
 1.8643000E+0	 5.9230000E-1
 1.8803999E+0	 5.9460002E-1
 1.8889000E+0	 5.9560001E-1
 1.8972000E+0	 5.9660000E-1
 1.8986000E+0	 5.9729999E-1
 1.9128000E+0	 5.9920001E-1
 1.9369000E+0	 6.0200000E-1
 1.9397000E+0	 6.0310000E-1
 1.9398000E+0	 6.0310000E-1
 1.9396000E+0	 6.0320002E-1
 1.9397000E+0	 6.0320002E-1
 1.9397000E+0	 6.0320002E-1
 1.9397000E+0	 6.0320002E-1
 1.9398000E+0	 6.0320002E-1
 1.9400001E+0	 6.0320002E-1
 1.9401000E+0	 6.0329998E-1
 1.9402000E+0	 6.0329998E-1
 1.9414999E+0	 6.0339999E-1
 1.9436001E+0	 6.0360003E-1
 1.9449000E+0	 6.0380000E-1
 1.9450001E+0	 6.0390002E-1
 1.9461000E+0	 6.0399997E-1
 1.9524000E+0	 6.0470003E-1
 1.9704000E+0	 6.0630000E-1
 1.9735000E+0	 6.0769999E-1
 1.9749000E+0	 6.0799998E-1
 1.9748000E+0	 6.0799998E-1
 1.9747000E+0	 6.0799998E-1
 1.9747000E+0	 6.0799998E-1
 1.9753000E+0	 6.0810000E-1
 1.9755000E+0	 6.0810000E-1
 1.9778000E+0	 6.0829997E-1
 1.9780999E+0	 6.0839999E-1
 1.9900000E+0	 6.0990000E-1
 2.0025001E+0	 6.1140001E-1
 2.0132000E+0	 6.1260003E-1
 2.0146999E+0	 6.1330003E-1
 2.0260999E+0	 6.1479998E-1
 2.0427999E+0	 6.1669999E-1
 2.0483999E+0	 6.1760002E-1
 2.0490000E+0	 6.1790001E-1
 2.0525999E+0	 6.1839998E-1
 2.0741000E+0	 6.2080002E-1
 2.0857999E+0	 6.2220001E-1
 2.0873001E+0	 6.2290001E-1
 2.1029000E+0	 6.2480003E-1
 2.1101999E+0	 6.2570000E-1
 2.1152999E+0	 6.2629998E-1
 2.1159000E+0	 6.2660003E-1
 2.1214001E+0	 6.2730002E-1
 2.1348000E+0	 6.2870002E-1
 2.1543000E+0	 6.3059998E-1
 2.1566999E+0	 6.3180000E-1
 2.1570001E+0	 6.3190001E-1
 2.1573000E+0	 6.3190001E-1
 2.1589999E+0	 6.3200003E-1
 2.1592000E+0	 6.3209999E-1
 2.1631999E+0	 6.3260001E-1
 2.1724999E+0	 6.3360000E-1
 2.1770999E+0	 6.3410002E-1
 2.1775999E+0	 6.3440001E-1
 2.1796999E+0	 6.3470000E-1
 2.1888001E+0	 6.3559997E-1
 2.1975999E+0	 6.3650000E-1
 2.1988001E+0	 6.3700002E-1
 2.2079000E+0	 6.3810003E-1
 2.2169001E+0	 6.3910002E-1
 2.2279999E+0	 6.4010000E-1
 2.2293999E+0	 6.4069998E-1
 2.2297001E+0	 6.4080000E-1
 2.2297001E+0	 6.4090002E-1
 2.2298999E+0	 6.4090002E-1
 2.2298999E+0	 6.4090002E-1
 2.2344999E+0	 6.4139998E-1
 2.2765999E+0	 6.4590001E-1
 2.2797000E+0	 6.4679998E-1
 2.2797999E+0	 6.4690000E-1
 2.2801001E+0	 6.4700001E-1
 2.2804999E+0	 6.4700001E-1
 2.2823999E+0	 6.4709997E-1
 2.2825999E+0	 6.4719999E-1
 2.2911999E+0	 6.4819998E-1
 2.2974999E+0	 6.4889997E-1
 2.3039000E+0	 6.4940000E-1
 2.3046000E+0	 6.4980000E-1
 2.3099000E+0	 6.5039998E-1
 2.3111999E+0	 6.5060002E-1
 2.3141000E+0	 6.5079999E-1
 2.3144000E+0	 6.5100002E-1
 2.3206999E+0	 6.5170002E-1
 2.3350999E+0	 6.5319997E-1
 2.3515000E+0	 6.5460002E-1
 2.3532000E+0	 6.5549999E-1
 2.3605001E+0	 6.5630001E-1
 2.3620000E+0	 6.5649998E-1
 2.3791001E+0	 6.5770000E-1
 2.3810000E+0	 6.5859997E-1
 2.4019001E+0	 6.6100001E-1
 2.4137001E+0	 6.6219997E-1
 2.4202001E+0	 6.6280001E-1
 2.4208000E+0	 6.6320002E-1
 2.4346001E+0	 6.6469997E-1
 2.4561999E+0	 6.6689998E-1
 2.4661000E+0	 6.6780001E-1
 2.4670000E+0	 6.6829997E-1
 2.4717000E+0	 6.6880000E-1
 2.4777999E+0	 6.6939998E-1
 2.4802999E+0	 6.6970003E-1
 2.4804001E+0	 6.6979998E-1
 2.4837000E+0	 6.7019999E-1
 2.4895999E+0	 6.7070001E-1
 2.4907000E+0	 6.7089999E-1
 2.4912000E+0	 6.7100000E-1
 2.5232000E+0	 6.7439997E-1
 2.5237000E+0	 6.7460001E-1
 2.5237999E+0	 6.7460001E-1
 2.5237999E+0	 6.7460001E-1
 2.5237999E+0	 6.7460001E-1
 2.5241001E+0	 6.7460001E-1
 2.5244000E+0	 6.7470002E-1
 2.5244000E+0	 6.7470002E-1
 2.5301001E+0	 6.7519999E-1
 2.5388000E+0	 6.7600000E-1
 2.5620000E+0	 6.7790002E-1
 2.5644000E+0	 6.7890000E-1
 2.5829000E+0	 6.8080002E-1
 2.5943000E+0	 6.8190002E-1
 2.6063001E+0	 6.8290001E-1
 2.6073000E+0	 6.8339998E-1
 2.6152999E+0	 6.8419999E-1
 2.6183000E+0	 6.8460000E-1
 2.6197000E+0	 6.8470001E-1
 2.6198001E+0	 6.8480003E-1
 2.6287999E+0	 6.8570000E-1
 2.6536000E+0	 6.8809998E-1
 2.6623001E+0	 6.8900001E-1
 2.6630001E+0	 6.8919998E-1
 2.6654999E+0	 6.8949997E-1
 2.6935000E+0	 6.9209999E-1
 2.7058001E+0	 6.9330001E-1
 2.7067001E+0	 6.9370002E-1
 2.7198999E+0	 6.9499999E-1
 2.7386000E+0	 6.9679999E-1
 2.7428000E+0	 6.9720000E-1
 2.7430000E+0	 6.9739997E-1
 2.7664001E+0	 6.9970000E-1
 2.7786000E+0	 7.0080000E-1
 2.7792001E+0	 7.0099998E-1
 2.7790999E+0	 7.0099998E-1
 2.7855000E+0	 7.0160002E-1
 2.7907000E+0	 7.0200002E-1
 2.7907000E+0	 7.0209998E-1
 2.7907000E+0	 7.0209998E-1
 2.7916000E+0	 7.0220000E-1
 2.7922001E+0	 7.0230001E-1
 2.7962000E+0	 7.0260000E-1
 2.7964001E+0	 7.0270002E-1
 2.8127000E+0	 7.0420003E-1
 2.8224001E+0	 7.0510000E-1
 2.8227999E+0	 7.0529997E-1
 2.8227000E+0	 7.0529997E-1
 2.8232000E+0	 7.0529997E-1
 2.8364000E+0	 7.0649999E-1
 2.8426001E+0	 7.0700002E-1
 2.8429999E+0	 7.0719999E-1
 2.8487000E+0	 7.0779997E-1
 2.8513999E+0	 7.0800000E-1
 2.8519001E+0	 7.0810002E-1
 2.8518000E+0	 7.0810002E-1
 2.8522999E+0	 7.0819998E-1
 2.8564000E+0	 7.0850003E-1
 2.8626001E+0	 7.0899999E-1
 2.8629000E+0	 7.0920002E-1
 2.8807001E+0	 7.1079999E-1
 2.8947999E+0	 7.1210003E-1
 2.8982999E+0	 7.1249998E-1
 2.8984001E+0	 7.1259999E-1
 2.9251001E+0	 7.1509999E-1
 2.9307001E+0	 7.1560001E-1
 2.9319000E+0	 7.1569997E-1
 2.9323001E+0	 7.1579999E-1
 2.9342000E+0	 7.1600002E-1
 2.9342000E+0	 7.1600002E-1
 2.9342000E+0	 7.1600002E-1
 2.9340999E+0	 7.1600002E-1
 2.9340000E+0	 7.1600002E-1
 2.9339001E+0	 7.1600002E-1
 2.9339001E+0	 7.1600002E-1
 2.9340000E+0	 7.1600002E-1
 2.9340999E+0	 7.1600002E-1
 2.9340999E+0	 7.1600002E-1
 2.9340000E+0	 7.1600002E-1
 2.9339001E+0	 7.1600002E-1
 2.9339001E+0	 7.1600002E-1
 2.9338000E+0	 7.1600002E-1
 2.9339001E+0	 7.1600002E-1
 2.9322000E+0	 7.1600002E-1
 2.9247000E+0	 7.1550000E-1
 2.8606000E+0	 7.1139997E-1
 2.8210001E+0	 7.0910001E-1
 2.8194001E+0	 7.0859998E-1
 2.8023000E+0	 7.0749998E-1
 2.7886000E+0	 7.0649999E-1
 2.7723000E+0	 7.0560002E-1
 2.7716999E+0	 7.0529997E-1
 2.7588999E+0	 7.0450002E-1
 2.7488999E+0	 7.0380002E-1
 2.7353001E+0	 7.0289999E-1
 2.7348001E+0	 7.0279998E-1
 2.7205000E+0	 7.0190001E-1
 2.7114999E+0	 7.0109999E-1
 2.7081001E+0	 7.0090002E-1
 2.7079999E+0	 7.0090002E-1
 2.7059000E+0	 7.0069999E-1
 2.6995001E+0	 7.0029998E-1
 2.6895001E+0	 6.9959998E-1
 2.6891000E+0	 6.9950002E-1
 2.6760001E+0	 6.9859999E-1
 2.6600001E+0	 6.9749999E-1
 2.6561000E+0	 6.9720000E-1
 2.6559999E+0	 6.9709998E-1
 2.6540000E+0	 6.9700003E-1
 2.6394000E+0	 6.9590002E-1
 2.6292000E+0	 6.9520003E-1
 2.6287999E+0	 6.9510001E-1
 2.6224999E+0	 6.9459999E-1
 2.6175001E+0	 6.9430000E-1
 2.6166999E+0	 6.9419998E-1
 2.6164000E+0	 6.9419998E-1
 2.6094999E+0	 6.9370002E-1
 2.5973001E+0	 6.9279999E-1
 2.5915000E+0	 6.9239998E-1
 2.5911000E+0	 6.9230002E-1
 2.5804000E+0	 6.9150001E-1
 2.5752001E+0	 6.9110000E-1
 2.5687001E+0	 6.9059998E-1
 2.5683999E+0	 6.9059998E-1
 2.5576000E+0	 6.8970001E-1
 2.5416000E+0	 6.8849999E-1
 2.5393000E+0	 6.8830001E-1
 2.5385001E+0	 6.8830001E-1
 2.5367000E+0	 6.8809998E-1
 2.5318999E+0	 6.8779999E-1
 2.5274000E+0	 6.8750000E-1
 2.5272999E+0	 6.8739998E-1
 2.5271001E+0	 6.8739998E-1
 2.5251000E+0	 6.8720001E-1
 2.5143001E+0	 6.8650001E-1
 2.5135000E+0	 6.8629998E-1
 2.5051000E+0	 6.8570000E-1
 2.4956999E+0	 6.8489999E-1
 2.4935999E+0	 6.8480003E-1
 2.4935000E+0	 6.8470001E-1
 2.4909999E+0	 6.8449998E-1
 2.4909999E+0	 6.8449998E-1
 2.4865000E+0	 6.8419999E-1
 2.4854000E+0	 6.8419999E-1
 2.4705000E+0	 6.8290001E-1
 2.4509001E+0	 6.8140000E-1
 2.4474001E+0	 6.8110001E-1
 2.4467001E+0	 6.8099999E-1
 2.4408000E+0	 6.8049997E-1
 2.4233000E+0	 6.7919999E-1
 2.4161000E+0	 6.7860001E-1
 2.4158001E+0	 6.7850000E-1
 2.4150000E+0	 6.7839998E-1
 2.4119999E+0	 6.7820001E-1
 2.4052000E+0	 6.7769998E-1
 2.4033999E+0	 6.7760003E-1
 2.3886001E+0	 6.7619997E-1
 2.3861001E+0	 6.7600000E-1
 2.3861001E+0	 6.7600000E-1
 2.3859999E+0	 6.7600000E-1
 2.3845999E+0	 6.7589998E-1
 2.3785000E+0	 6.7540002E-1
 2.3666000E+0	 6.7449999E-1
 2.3649001E+0	 6.7439997E-1
 2.3396001E+0	 6.7210001E-1
 2.3383999E+0	 6.7199999E-1
 2.3378000E+0	 6.7199999E-1
 2.3376000E+0	 6.7189997E-1
 2.3359001E+0	 6.7180002E-1
 2.3145001E+0	 6.7009997E-1
 2.3087001E+0	 6.6949999E-1
 2.3081999E+0	 6.6949999E-1
 2.3057001E+0	 6.6920000E-1
 2.3020999E+0	 6.6890001E-1
 2.2986000E+0	 6.6869998E-1
 2.2981999E+0	 6.6860002E-1
 2.2946999E+0	 6.6829997E-1
 2.2751999E+0	 6.6670001E-1
 2.2693999E+0	 6.6610003E-1
 2.2685001E+0	 6.6600001E-1
 2.2592001E+0	 6.6520000E-1
 2.2486000E+0	 6.6430002E-1
 2.2449999E+0	 6.6399997E-1
 2.2440000E+0	 6.6390002E-1
 2.2369001E+0	 6.6320002E-1
 2.2270000E+0	 6.6240001E-1
 2.2121999E+0	 6.6109997E-1
 2.2107000E+0	 6.6090000E-1
 2.2042999E+0	 6.6030002E-1
 2.1898000E+0	 6.5899998E-1
 2.1819000E+0	 6.5829998E-1
 2.1815000E+0	 6.5820003E-1
 2.1812999E+0	 6.5820003E-1
 2.1791999E+0	 6.5799999E-1
 2.1679001E+0	 6.5710002E-1
 2.1672001E+0	 6.5689999E-1
 2.1657000E+0	 6.5679997E-1
 2.1617000E+0	 6.5640002E-1
 2.1547999E+0	 6.5579998E-1
 2.1524000E+0	 6.5570003E-1
 2.1413000E+0	 6.5450001E-1
 2.1217000E+0	 6.5280002E-1
 2.1185000E+0	 6.5240002E-1
 2.1184001E+0	 6.5230000E-1
 2.1185999E+0	 6.5240002E-1
 2.1187000E+0	 6.5240002E-1
 2.1185999E+0	 6.5240002E-1
 2.1185999E+0	 6.5240002E-1
 2.1182001E+0	 6.5230000E-1
 2.1126001E+0	 6.5189999E-1
 2.0945001E+0	 6.5030003E-1
 2.0932000E+0	 6.4999998E-1
 2.0912001E+0	 6.4980000E-1
 2.0799999E+0	 6.4880002E-1
 2.0546999E+0	 6.4660001E-1
 2.0495000E+0	 6.4620000E-1
 2.0311000E+0	 6.4399999E-1
 2.0165999E+0	 6.4260000E-1
 2.0150001E+0	 6.4240003E-1
 2.0132999E+0	 6.4240003E-1
 2.0039001E+0	 6.4130002E-1
 1.9895999E+0	 6.3990003E-1
 1.9782000E+0	 6.3889998E-1
 1.9765000E+0	 6.3870001E-1
 1.9720000E+0	 6.3810003E-1
 1.9533000E+0	 6.3630003E-1
 1.9454000E+0	 6.3550001E-1
 1.9433000E+0	 6.3540000E-1
 1.9399000E+0	 6.3480002E-1
 1.9240000E+0	 6.3330001E-1
 1.9082000E+0	 6.3180000E-1
 1.9042000E+0	 6.3150001E-1
 1.8918000E+0	 6.3000000E-1
 1.8816000E+0	 6.2879997E-1
 1.8806000E+0	 6.2870002E-1
 1.8787000E+0	 6.2870002E-1
 1.8731000E+0	 6.2790000E-1
 1.8699000E+0	 6.2760001E-1
 1.8511000E+0	 6.2570000E-1
 1.8468000E+0	 6.2540001E-1
 1.8379000E+0	 6.2410003E-1
 1.8301001E+0	 6.2330002E-1
 1.8299000E+0	 6.2320000E-1
 1.8299000E+0	 6.2320000E-1
 1.8299000E+0	 6.2320000E-1
 1.7867000E+0	 6.1870003E-1
 1.7585000E+0	 6.1580002E-1
 1.7497000E+0	 6.1510003E-1
 1.7326000E+0	 6.1269999E-1
 1.7163000E+0	 6.1070001E-1
 1.7007000E+0	 6.0909998E-1
 1.6930000E+0	 6.0860002E-1
 1.6724000E+0	 6.0570002E-1
 1.6632000E+0	 6.0450000E-1
 1.6576999E+0	 6.0390002E-1
 1.6524000E+0	 6.0369998E-1
 1.6363000E+0	 6.0140002E-1
 1.6316000E+0	 6.0070002E-1
 1.6252000E+0	 6.0000002E-1
 1.6200000E+0	 5.9969997E-1
 1.6114000E+0	 5.9820002E-1
 1.5960000E+0	 5.9640002E-1
 1.5924000E+0	 5.9590000E-1
 1.5855000E+0	 5.9579998E-1
 1.5754000E+0	 5.9380001E-1
 1.5583000E+0	 5.9179997E-1
 1.5568000E+0	 5.9149998E-1
 1.5549999E+0	 5.9140003E-1
 1.5535001E+0	 5.9109998E-1
 1.5405000E+0	 5.8950001E-1
 1.5150000E+0	 5.8670002E-1
 1.5044000E+0	 5.8569998E-1
 1.4929000E+0	 5.8340001E-1
 1.4907000E+0	 5.8300000E-1
 1.4829000E+0	 5.8219999E-1
 1.4720000E+0	 5.8179998E-1
 1.4569000E+0	 5.7889998E-1
 1.4500000E+0	 5.7779998E-1
 1.4374000E+0	 5.7630002E-1
 1.4303000E+0	 5.7560003E-1
 1.4277000E+0	 5.7470000E-1
 1.3824000E+0	 5.6879997E-1
 1.3740000E+0	 5.6760001E-1
 1.3706000E+0	 5.6720001E-1
 1.3673000E+0	 5.6650001E-1
 1.3605000E+0	 5.6550002E-1
 1.3461000E+0	 5.6379998E-1
 1.3351001E+0	 5.6300002E-1
 1.3274000E+0	 5.6080002E-1
 1.3119000E+0	 5.5870003E-1
 1.2940000E+0	 5.5640000E-1
 1.2905000E+0	 5.5570000E-1
 1.2868000E+0	 5.5510002E-1
 1.2786000E+0	 5.5379999E-1
 1.2634000E+0	 5.5190003E-1
 1.2611001E+0	 5.5129999E-1
 1.2600000E+0	 5.5089998E-1
 1.2589000E+0	 5.5070001E-1
 1.2436000E+0	 5.4890001E-1
 1.2347000E+0	 5.4809999E-1
 1.2313000E+0	 5.4680002E-1
 1.2262000E+0	 5.4589999E-1
 1.2082000E+0	 5.4350001E-1
 1.2003000E+0	 5.4269999E-1
 1.1912000E+0	 5.4110003E-1
 1.1732000E+0	 5.3780001E-1
 1.1562999E+0	 5.3539997E-1
 1.1367000E+0	 5.3430003E-1
 1.1257000E+0	 5.3090000E-1
 1.1173000E+0	 5.2880001E-1
 1.1063000E+0	 5.2719998E-1
 1.1027000E+0	 5.2649999E-1
 1.0994999E+0	 5.2579999E-1
 1.0954000E+0	 5.2499998E-1
 1.0692000E+0	 5.2139997E-1
 1.0503000E+0	 5.1940000E-1
 1.0366000E+0	 5.1520002E-1
 1.0335000E+0	 5.1440001E-1
 1.0259000E+0	 5.1330000E-1
 1.0158000E+0	 5.1249999E-1
 1.0039999E+0	 5.1010001E-1
 9.8170000E-1	 5.0550002E-1
 9.6210003E-1	 5.0230002E-1
 9.5440000E-1	 5.0110000E-1
 9.4700003E-1	 4.9939999E-1
 9.3500000E-1	 4.9680001E-1
 9.1680002E-1	 4.9380001E-1
 8.9340001E-1	 4.9160001E-1
 8.7529999E-1	 4.8550001E-1
 8.7239999E-1	 4.8449999E-1
 8.7110001E-1	 4.8420000E-1
 8.7050003E-1	 4.8410001E-1
 8.6989999E-1	 4.8400000E-1
 8.6890000E-1	 4.8379999E-1
 8.5810000E-1	 4.8210001E-1
 8.4859997E-1	 4.8100001E-1
 8.3939999E-1	 4.7839999E-1
 8.3039999E-1	 4.7620001E-1
 8.2419997E-1	 4.7499999E-1
 8.2169998E-1	 4.7450000E-1
 8.1750000E-1	 4.7400001E-1
 8.0479997E-1	 4.7099999E-1
 7.9269999E-1	 4.6869999E-1
 7.8850001E-1	 4.6779999E-1
 7.8570002E-1	 4.6680000E-1
 7.8479999E-1	 4.6650001E-1
 7.8020000E-1	 4.6570000E-1
 7.7399999E-1	 4.6500000E-1
 7.6749998E-1	 4.6320000E-1
 7.6099998E-1	 4.6149999E-1
 7.5489998E-1	 4.6030000E-1
 7.5260001E-1	 4.5969999E-1
 7.5129998E-1	 4.5940000E-1
 7.4809998E-1	 4.5860001E-1
 7.4680001E-1	 4.5820001E-1
 7.4610001E-1	 4.5809999E-1
 7.4519998E-1	 4.5800000E-1
 7.4220002E-1	 4.5730001E-1
 7.3559999E-1	 4.5600000E-1
 7.3049998E-1	 4.5519999E-1
 7.2640002E-1	 4.5370001E-1
 7.2570002E-1	 4.5350000E-1
 7.2700000E-1	 4.5350000E-1
 7.2619998E-1	 4.5350000E-1
 7.2399998E-1	 4.5339999E-1
 7.1670002E-1	 4.5159999E-1
 6.7919999E-1	 4.4459999E-1
 6.7089999E-1	 4.4130000E-1
 6.6420001E-1	 4.4020000E-1
 6.4690000E-1	 4.3540001E-1
 6.3080001E-1	 4.3169999E-1
 6.2489998E-1	 4.3000001E-1
 6.2169999E-1	 4.2890000E-1
 6.1940002E-1	 4.2820001E-1
 6.1760002E-1	 4.2770001E-1
 6.1449999E-1	 4.2719999E-1
 6.1129999E-1	 4.2649999E-1
 6.0399997E-1	 4.2440000E-1
 5.9539998E-1	 4.2250001E-1
 5.8969998E-1	 4.2109999E-1
 5.8639997E-1	 4.1990000E-1
 5.8389997E-1	 4.1909999E-1
 5.8179998E-1	 4.1850001E-1
 5.7539999E-1	 4.1749999E-1
 5.7110000E-1	 4.1589999E-1
 5.6779999E-1	 4.1479999E-1
 5.6669998E-1	 4.1440001E-1
 5.6550002E-1	 4.1420001E-1
 5.6449997E-1	 4.1389999E-1
 5.6260002E-1	 4.1330001E-1
 5.5879998E-1	 4.1249999E-1
 5.5540001E-1	 4.1180000E-1
 5.5280000E-1	 4.1090000E-1
 5.4979998E-1	 4.1000000E-1
 5.4689997E-1	 4.0920001E-1
 5.4610002E-1	 4.0889999E-1
 5.4519999E-1	 4.0869999E-1
 5.4339999E-1	 4.0810001E-1
 5.3430003E-1	 4.0619999E-1
 5.2480000E-1	 4.0410000E-1
 5.1789999E-1	 4.0160000E-1
 5.1120001E-1	 3.9930001E-1
 5.0489998E-1	 3.9770001E-1
 4.9800000E-1	 3.9610001E-1
 4.9200001E-1	 3.9420000E-1
 4.8289999E-1	 3.9120001E-1
 4.6070001E-1	 3.8569999E-1
 4.4380000E-1	 3.8110000E-1
 4.3399999E-1	 3.7650001E-1
 4.3099999E-1	 3.7500000E-1
 4.2379999E-1	 3.7320000E-1
 4.1370001E-1	 3.7059999E-1
 4.0570000E-1	 3.6730000E-1
 4.0079999E-1	 3.6530000E-1
 3.9030001E-1	 3.6240000E-1
 3.8249999E-1	 3.5990000E-1
 3.7700000E-1	 3.5749999E-1
 3.7400001E-1	 3.5609999E-1
 3.7000000E-1	 3.5490000E-1
 3.6320001E-1	 3.5310000E-1
 3.5710001E-1	 3.5080001E-1
 3.5150000E-1	 3.4830001E-1
 3.4959999E-1	 3.4750000E-1
 3.4889999E-1	 3.4709999E-1
 3.4729999E-1	 3.4689999E-1
 3.4279999E-1	 3.4509999E-1
 3.3300000E-1	 3.4220001E-1
 3.2400000E-1	 3.3930001E-1
 3.1720001E-1	 3.3620000E-1
 3.1169999E-1	 3.3360001E-1
 3.0759999E-1	 3.3219999E-1
 3.0469999E-1	 3.3109999E-1
 3.0210000E-1	 3.3010000E-1
 2.9750001E-1	 3.2810000E-1
 2.8889999E-1	 3.2530001E-1
 2.8410000E-1	 3.2319999E-1
 2.8049999E-1	 3.2159999E-1
 2.7590001E-1	 3.1950000E-1
 2.5712001E-1	 3.1459999E-1
 2.5544000E-1	 3.1079999E-1
 2.5468001E-1	 3.1029999E-1
 2.3565000E-1	 3.0530000E-1
 2.1622001E-1	 2.9570001E-1
 2.0288999E-1	 2.8839999E-1
 1.8896000E-1	 2.8230000E-1
 1.7896999E-1	 2.7730000E-1
 1.6948999E-1	 2.7270001E-1
 1.5507001E-1	 2.6097000E-1
 1.2994000E-1	 2.5213999E-1
 1.1619000E-1	 2.4522001E-1
 1.0750000E-1	 2.3814000E-1
 1.0439000E-1	 2.3490000E-1
 1.0215000E-1	 2.3333000E-1
 9.4530001E-2	 2.3066001E-1
 8.3250001E-2	 2.2505000E-1
 5.9990000E-2	 2.0904000E-1
 4.6580002E-2	 1.9887000E-1
 4.1340001E-2	 1.9324000E-1
 3.7859999E-2	 1.9051000E-1
 3.4370001E-2	 1.8765000E-1
 2.6980000E-2	 1.8339001E-1
 1.8239999E-2	 1.7760000E-1
 9.7700004E-3	 1.7058000E-1
 4.9899998E-3	 1.6587000E-1
 2.4800000E-3	 1.6332000E-1
 1.4500000E-3	 1.6205999E-1
 8.6999999E-4	 1.6136999E-1
 6.2000001E-4	 1.6099000E-1
 4.6000001E-4	 1.6076000E-1
 3.9000000E-4	 1.6062000E-1
 3.3000001E-4	 1.6052000E-1
 3.1999999E-4	 1.6045000E-1
 2.9000000E-4	 1.6040000E-1
 3.0000001E-4	 1.6034999E-1
 2.6000000E-4	 1.6032000E-1
 2.6000000E-4	 1.6028000E-1
 2.6000000E-4	 1.6028000E-1
 2.5000001E-4	 1.6026001E-1
 2.5000001E-4	 1.6023999E-1
 2.5000001E-4	 1.6022000E-1
 2.9000000E-4	 1.6020000E-1
 2.3999999E-4	 1.6019000E-1
 2.3999999E-4	 1.6019000E-1
 2.5000001E-4	 1.6017000E-1
 2.6000000E-4	 1.6015001E-1
 -9.9999997E-6	 1.6012000E-1
 -1.3000000E-4	 1.6004001E-1
 -1.4000000E-4	 1.6000000E-1
 -1.5000001E-4	 1.5998000E-1
 -1.5000001E-4	 1.5995000E-1
 -1.3000000E-4	 1.5994000E-1
 -1.2000000E-4	 1.5993001E-1
 -1.3000000E-4	 1.5990999E-1
 -1.5000001E-4	 1.5989000E-1
 -1.4000000E-4	 1.5987000E-1
 -1.3000000E-4	 1.5986000E-1
 -1.4000000E-4	 1.5983000E-1
 -1.5000001E-4	 1.5983000E-1
 -1.5000001E-4	 1.5984000E-1
 -1.4000000E-4	 1.5983000E-1
 -1.4000000E-4	 1.5982001E-1
 -1.4000000E-4	 1.5981001E-1
 -1.7000000E-4	 1.5981001E-1
 -1.5000001E-4	 1.5978999E-1
 -1.5000001E-4	 1.5978999E-1
 -1.6000000E-4	 1.5978000E-1
 -1.5000001E-4	 1.5978000E-1
 -1.4000000E-4	 1.5977000E-1
 -1.7000000E-4	 1.5977000E-1
 -1.6000000E-4	 1.5976000E-1
 -1.4000000E-4	 1.5976000E-1
 -1.5000001E-4	 1.5975000E-1
 -1.5000001E-4	 1.5975000E-1
 -1.5000001E-4	 1.5974000E-1
 -1.5000001E-4	 1.5973000E-1
 -1.5000001E-4	 1.5973000E-1
 -1.6000000E-4	 1.5972000E-1
 -1.5000001E-4	 1.5972000E-1
 0.0000000E+0	 1.5973000E-1
 1.2000000E-4	 1.5975000E-1
 1.5000001E-4	 1.5975000E-1
 1.3000000E-4	 1.5976000E-1
 1.4000000E-4	 1.5975000E-1
 1.4000000E-4	 1.5976000E-1
 1.4000000E-4	 1.5975000E-1
 1.6000000E-4	 1.5974000E-1
 1.6000000E-4	 1.5975000E-1
 1.7000000E-4	 1.5975000E-1
 1.5000001E-4	 1.5974000E-1
 1.4000000E-4	 1.5973000E-1
 1.6000000E-4	 1.5974000E-1
 1.6000000E-4	 1.5973000E-1
 1.7000000E-4	 1.5973000E-1
 1.7000000E-4	 1.5973000E-1
 1.6000000E-4	 1.5973000E-1
 1.8000000E-4	 1.5973000E-1
 1.4000000E-4	 1.5973000E-1
 1.3000000E-4	 1.5972000E-1
 1.4000000E-4	 1.5972000E-1
 1.3000000E-4	 1.5972000E-1
 1.4000000E-4	 1.5973000E-1
 1.2000000E-4	 1.5971000E-1
 1.4000000E-4	 1.5971000E-1
 1.3000000E-4	 1.5973000E-1
 1.5000001E-4	 1.5972000E-1
 1.5000001E-4	 1.5972000E-1
 1.4000000E-4	 1.5972000E-1
 1.4000000E-4	 1.5971000E-1
 1.5000001E-4	 1.5972000E-1
 1.4000000E-4	 1.5972000E-1
 1.1000000E-4	 1.5971000E-1
 1.3000000E-4	 1.5971000E-1
 1.2000000E-4	 1.5970001E-1
 1.4000000E-4	 1.5971000E-1
 1.4000000E-4	 1.5971000E-1
 1.2000000E-4	 1.5970001E-1
 1.4000000E-4	 1.5971000E-1
 1.5000001E-4	 1.5971000E-1
 1.4000000E-4	 1.5970001E-1
 1.3000000E-4	 1.5970001E-1
 1.5000001E-4	 1.5968999E-1
 1.7000000E-4	 1.5968999E-1
 1.3000000E-4	 1.5970001E-1
 1.4000000E-4	 1.5970001E-1
 1.5000001E-4	 1.5968999E-1
 1.4000000E-4	 1.5968999E-1
 1.3000000E-4	 1.5968999E-1
 1.4000000E-4	 1.5968999E-1
 1.2000000E-4	 1.5968999E-1
 1.4000000E-4	 1.5968999E-1
 1.5000001E-4	 1.5968999E-1
 1.6000000E-4	 1.5968999E-1
 1.6000000E-4	 1.5967999E-1
 1.4000000E-4	 1.5967999E-1
 1.6000000E-4	 1.5966000E-1
 1.4000000E-4	 1.5967999E-1
 1.6000000E-4	 1.5967999E-1
 1.5000001E-4	 1.5967000E-1
 1.7000000E-4	 1.5967999E-1
 1.6000000E-4	 1.5967999E-1
 1.6000000E-4	 1.5967999E-1
 1.7000000E-4	 1.5967000E-1
 1.8000000E-4	 1.5967000E-1
 1.8000000E-4	 1.5967000E-1
 1.7000000E-4	 1.5967999E-1
 1.4000000E-4	 1.5967999E-1
 1.6000000E-4	 1.5967999E-1
 1.6000000E-4	 1.5967999E-1
 1.6000000E-4	 1.5967000E-1
 1.7000000E-4	 1.5967000E-1
 1.9000001E-4	 1.5968999E-1
